OIL9 菜油指数 日线 前复权
      日期	    开盘	    最高	    最低	    收盘	    成交量	    持仓量	    结算价
2015/09/01	5642	5696	5622	5688	46194	210502	0
2015/09/02	5670	5682	5602	5636	56432	212738	0
2015/09/07	5608	5648	5598	5644	39324	206564	0
2015/09/08	5660	5700	5646	5680	53134	208830	0
2015/09/09	5706	5712	5660	5662	70000	219568	0
2015/09/10	5672	5694	5624	5692	94152	225066	0
2015/09/11	5680	5714	5672	5678	79098	228262	0
2015/09/14	5664	5684	5620	5666	78828	227772	0
2015/09/15	5682	5704	5604	5610	103214	232776	0
2015/09/16	5606	5646	5590	5640	76034	236012	0
2015/09/17	5642	5652	5600	5622	51562	227236	0
2015/09/18	5606	5648	5606	5612	44586	226382	0
2015/09/21	5594	5626	5578	5608	57176	225228	0
2015/09/22	5618	5634	5556	5574	71818	228458	0
2015/09/23	5560	5608	5554	5580	67004	220228	0
2015/09/24	5596	5620	5576	5598	42638	220138	0
2015/09/25	5584	5652	5580	5636	140444	211836	0
2015/09/28	5684	5692	5646	5668	73016	205068	0
2015/09/29	5660	5670	5578	5602	72442	191734	0
2015/09/30	5630	5638	5602	5622	42570	189916	0
2015/10/08	5700	5736	5640	5656	40006	192952	0
2015/10/09	5654	5724	5652	5704	68032	204592	0
2015/10/12	5702	5800	5676	5770	91310	208938	0
2015/10/13	5764	5802	5712	5788	55202	216094	0
2015/10/14	5782	5790	5756	5780	51544	218026	0
2015/10/15	5810	5816	5750	5760	60804	220720	0
2015/10/16	5742	5768	5712	5748	51428	220478	0
2015/10/19	5734	5746	5696	5706	54322	222836	0
2015/10/20	5682	5694	5606	5638	84684	222448	0
2015/10/21	5650	5686	5650	5664	52076	218676	0
2015/10/22	5668	5728	5664	5726	66730	221758	0
2015/10/23	5724	5732	5648	5666	63402	214908	0
2015/10/26	5672	5672	5632	5644	56806	209546	0
2015/10/27	5642	5646	5586	5634	77828	216574	0
2015/10/28	5632	5650	5600	5618	55250	214614	0
2015/10/29	5626	5694	5622	5636	58830	212110	0
2015/10/30	5640	5654	5620	5628	38136	210422	0
2015/11/02	5622	5658	5602	5652	47588	215214	0
2015/11/03	5630	5650	5618	5628	66348	208500	0
2015/11/04	5634	5702	5622	5702	99016	219052	0
2015/11/05	5696	5740	5664	5708	101292	212540	0
2015/11/06	5704	5708	5642	5664	91664	210040	0
2015/11/09	5662	5698	5644	5674	59860	213596	0
2015/11/10	5686	5706	5646	5682	66642	214750	0
2015/11/11	5674	5676	5604	5612	92316	211682	0
2015/11/12	5614	5632	5580	5618	66432	199754	0
2015/11/13	5602	5640	5568	5610	54226	194606	0
2015/11/16	5598	5614	5526	5542	87810	204110	0
2015/11/17	5532	5576	5500	5566	114130	214248	0
2015/11/18	5570	5582	5538	5556	56262	209690	0
2015/11/19	5564	5576	5524	5538	61814	202740	0
2015/11/20	5532	5622	5506	5616	81244	199798	0
2015/11/23	5612	5668	5594	5606	83156	201664	0
2015/11/24	5614	5780	5594	5752	113990	207544	0
2015/11/25	5736	5762	5698	5730	69750	208170	0
2015/11/26	5716	5808	5694	5742	105744	211994	0
2015/11/27	5752	5802	5734	5790	63998	218098	0
2015/11/30	5778	5786	5720	5756	56628	210428	0
2015/12/01	5778	5844	5768	5786	80244	218504	0
2015/12/02	5792	5852	5768	5820	58202	220926	0
2015/12/03	5810	5846	5756	5794	65244	222904	0
2015/12/04	5806	5840	5792	5796	57350	224496	0
2015/12/07	5806	5922	5780	5874	81658	225968	0
2015/12/08	5874	5880	5744	5770	73144	220566	0
2015/12/09	5708	5708	5628	5640	165414	245406	0
2015/12/10	5646	5668	5610	5628	98126	250270	0
2015/12/11	5606	5662	5572	5652	154312	250658	0
2015/12/14	5652	5678	5596	5636	97256	242610	0
2015/12/15	5602	5678	5596	5622	88176	245440	0
2015/12/16	5614	5628	5590	5616	86300	232068	0
2015/12/17	5608	5644	5574	5588	95660	225382	0
2015/12/18	5584	5612	5570	5610	84310	220806	0
2015/12/21	5624	5666	5606	5662	112954	235416	0
2015/12/22	5656	5684	5642	5652	108900	252862	0
2015/12/23	5660	5668	5628	5650	62952	249746	0
2015/12/24	5658	5688	5636	5644	72194	250334	0
2015/12/25	5636	5672	5636	5660	40234	253992	0
2015/12/28	5662	5668	5610	5616	67874	246020	0
2015/12/29	5608	5682	5592	5678	84054	242584	0
2015/12/30	5674	5734	5666	5716	144298	248226	0
2015/12/31	5704	5716	5680	5704	86964	245096	0
2016/01/04	5700	5728	5632	5660	77608	234054	0
2016/01/05	5648	5702	5642	5698	67906	235822	0
2016/01/06	5688	5694	5628	5636	78236	230112	0
2016/01/07	5624	5666	5616	5626	74754	232092	0
2016/01/08	5626	5656	5612	5624	61454	233390	0
2016/01/11	5628	5630	5584	5592	121010	235288	0
2016/01/12	5582	5600	5536	5542	111194	230764	0
2016/01/13	5548	5568	5532	5548	66420	233960	0
2016/01/14	5554	5570	5526	5544	87502	238164	0
2016/01/15	5534	5564	5526	5544	64246	239616	0
2016/01/18	5528	5592	5524	5576	94556	234742	0
2016/01/19	5572	5610	5566	5590	76402	246312	0
2016/01/20	5606	5614	5544	5558	84726	249508	0
2016/01/21	5562	5576	5538	5546	128790	229656	0
2016/01/22	5546	5584	5544	5580	89608	231688	0
2016/01/25	5604	5604	5566	5584	69048	235496	0
2016/01/26	5572	5606	5568	5586	68856	236924	0
2016/01/27	5594	5600	5568	5594	71898	242736	0
2016/01/28	5596	5604	5574	5582	54332	244846	0
2016/01/29	5580	5598	5556	5562	90614	232056	0
2016/02/01	5564	5586	5558	5564	53766	223562	0
2016/02/02	5562	5600	5554	5596	54936	223560	0
2016/02/03	5604	5604	5560	5570	61452	224258	0
2016/02/04	5576	5604	5560	5596	69834	215452	0
2016/02/05	5586	5612	5582	5604	54938	210436	0
2016/02/15	5658	5714	5652	5676	87144	209226	0
2016/02/16	5670	5680	5638	5654	99658	230854	0
2016/02/17	5642	5650	5624	5642	58302	231010	0
2016/02/18	5650	5682	5642	5650	54682	234872	0
2016/02/19	5648	5650	5618	5634	114344	259208	0
2016/02/22	5616	5646	5604	5636	100456	265150	0
2016/02/23	5628	5636	5594	5604	77150	265258	0
2016/02/24	5602	5618	5558	5572	96738	265830	0
2016/02/25	5556	5582	5552	5562	51396	263028	0
2016/02/26	5566	5570	5530	5546	101112	269000	0
2016/02/29	5550	5566	5510	5542	85804	265714	0
2016/03/01	5546	5548	5504	5530	77844	272126	0
2016/03/02	5530	5566	5494	5516	145690	282292	0
2016/03/03	5518	5534	5500	5524	95986	268922	0
2016/03/04	5534	5570	5532	5560	123602	265088	0
2016/03/07	5568	5670	5554	5632	180124	262178	0
2016/03/08	5612	5664	5594	5610	184622	261354	0
2016/03/09	5622	5626	5562	5626	106644	250374	0
2016/03/10	5636	5662	5612	5614	123746	253290	0
2016/03/11	5612	5756	5606	5730	207650	259330	0
2016/03/14	5726	5790	5722	5736	164354	249196	0
2016/03/15	5732	5758	5702	5718	133626	243932	0
2016/03/16	5724	5760	5700	5714	117870	246044	0
2016/03/17	5720	5822	5718	5812	155540	257650	0
2016/03/18	5812	5880	5806	5848	158584	263778	0
2016/03/21	5850	5910	5806	5882	142452	268488	0
2016/03/22	5890	5942	5870	5924	114474	272950	0
2016/03/23	5922	5956	5874	5880	100734	274488	0
2016/03/24	5864	5876	5808	5814	123114	266084	0
2016/03/25	5792	5888	5792	5878	94982	267706	0
2016/03/28	5888	5918	5864	5864	101566	272904	0
2016/03/29	5878	5902	5836	5862	85494	270742	0
2016/03/30	5888	5888	5798	5832	114712	277330	0
2016/03/31	5818	5856	5802	5844	73426	275876	0
2016/04/01	5826	5956	5820	5950	137044	292406	0
2016/04/05	5932	5964	5906	5952	75154	301546	0
2016/04/06	5924	5934	5870	5892	90634	297246	0
2016/04/07	5872	5948	5868	5930	113670	309452	0
2016/04/08	5916	5916	5878	5896	84000	308842	0
2016/04/11	5896	6044	5894	5980	268710	338050	0
2016/04/12	5974	6038	5942	5988	201632	353964	0
2016/04/13	5978	6146	5968	6032	267772	362270	0
2016/04/14	6020	6084	6018	6080	155348	361906	0
2016/04/15	6082	6114	6012	6020	160036	369614	0
2016/04/18	5998	6032	5954	6018	204320	387676	0
2016/04/19	6054	6112	6036	6092	167960	373506	0
2016/04/20	6108	6250	6098	6192	264496	377744	0
2016/04/21	6168	6404	6130	6330	360278	398618	0
2016/04/22	6336	6358	6166	6264	361752	384144	0
2016/04/25	6220	6326	6156	6240	290804	406074	0
2016/04/26	6238	6310	6206	6240	253664	407168	0
2016/04/27	6264	6282	6210	6234	184430	413600	0
2016/04/28	6226	6228	6072	6116	257884	404134	0
2016/04/29	6134	6166	6052	6052	193006	398778	0
2016/05/03	6048	6098	6010	6092	124912	401704	0
2016/05/04	6072	6144	6036	6134	262378	419790	0
2016/05/05	6164	6178	6106	6124	187344	409800	0
2016/05/06	6154	6158	5972	6032	214996	405762	0
2016/05/09	6054	6200	6036	6168	254150	411710	0
2016/05/10	6160	6202	6078	6172	269294	391644	0
2016/05/11	6168	6372	6146	6338	321264	405108	0
2016/05/12	6310	6354	6226	6292	275518	413288	0
2016/05/13	6276	6338	6038	6044	503284	399734	0
2016/05/16	6030	6136	6022	6064	310846	373606	0
2016/05/17	6098	6200	6086	6196	168672	369570	0
2016/05/18	6184	6356	6098	6184	462802	377736	0
2016/05/19	6174	6264	6136	6138	352972	372638	0
2016/05/20	6090	6136	6068	6104	230440	376340	0
2016/05/23	6124	6136	5898	5922	383272	345786	0
2016/05/24	5946	5976	5876	5940	257774	343302	0
2016/05/25	5934	5982	5898	5922	168934	344988	0
2016/05/26	5958	6058	5958	6046	193566	350976	0
2016/05/27	6064	6072	5974	6020	146630	349228	0
2016/05/30	6014	6176	6000	6166	280468	316910	0
2016/05/31	6192	6264	6120	6122	302168	294804	0
2016/06/01	6144	6180	6116	6148	166924	304036	0
2016/06/02	6130	6208	6080	6186	212318	296004	0
2016/06/03	6210	6330	6196	6328	287664	296214	0
2016/06/06	6348	6404	6312	6368	223720	300434	0
2016/06/07	6368	6454	6310	6442	254562	311442	0
2016/06/08	6406	6422	6338	6380	172570	301604	0
2016/06/13	6414	6458	6336	6338	142226	302730	0
2016/06/14	6350	6370	6246	6278	186988	295266	0
2016/06/15	6282	6350	6234	6240	163344	294992	0
2016/06/16	6254	6268	6146	6162	177162	296862	0
2016/06/17	6150	6166	6060	6148	241216	290292	0
2016/06/20	6158	6196	6116	6164	167850	284404	0
2016/06/21	6146	6248	6132	6146	195600	291850	0
2016/06/22	6118	6220	6116	6202	155676	298980	0
2016/06/23	6198	6242	6164	6184	154106	300996	0
2016/06/24	6200	6228	6104	6106	203134	294316	0
2016/06/27	6106	6218	6104	6214	149220	292548	0
2016/06/28	6202	6292	6194	6268	221860	290630	0
2016/06/29	6280	6304	6214	6244	163978	296314	0
2016/06/30	6242	6322	6222	6316	232068	319836	0
2016/07/01	6304	6420	6276	6362	281108	326872	0
2016/07/04	6374	6610	6370	6606	337392	378778	0
2016/07/05	6622	6776	6370	6592	755460	407084	0
2016/07/06	6584	6652	6346	6348	465484	372330	0
2016/07/07	6276	6364	6214	6254	413132	357638	0
2016/07/08	6304	6356	6186	6260	331270	361920	0
2016/07/11	6288	6340	6236	6326	228684	359270	0
2016/07/12	6340	6376	6244	6278	224886	355128	0
2016/07/13	6278	6482	6274	6424	287394	374706	0
2016/07/14	6446	6474	6346	6454	273038	381488	0
2016/07/15	6464	6472	6356	6430	222114	383718	0
2016/07/18	6422	6530	6374	6422	435198	395232	0
2016/07/19	6414	6436	6326	6372	262778	401998	0
2016/07/20	6372	6432	6302	6430	256154	404072	0
2016/07/21	6420	6472	6402	6432	257022	410106	0
2016/07/22	6442	6460	6310	6340	218942	396388	0
2016/07/25	6328	6338	6228	6272	212454	377860	0
2016/07/26	6246	6258	6172	6216	165098	364034	0
2016/07/27	6212	6278	6188	6202	167836	354402	0
2016/07/28	6218	6242	6154	6160	185576	342902	0
2016/07/29	6148	6198	6110	6114	203504	329934	0
2016/08/01	6126	6238	6118	6216	178952	325724	0
2016/08/02	6200	6228	6172	6224	146990	318474	0
2016/08/03	6232	6266	6198	6232	114754	316686	0
2016/08/04	6292	6294	6206	6252	114850	310500	0
2016/08/05	6262	6276	6196	6212	126932	316534	0
2016/08/08	6214	6278	6192	6264	121132	311100	0
2016/08/09	6266	6316	6236	6292	152088	310980	0
2016/08/10	6284	6312	6248	6262	100022	313742	0
2016/08/11	6294	6298	6192	6196	137686	310282	0
2016/08/12	6204	6240	6192	6234	110462	315332	0
2016/08/15	6222	6402	6202	6384	213684	307288	0
2016/08/16	6386	6422	6356	6416	166864	306306	0
2016/08/17	6408	6472	6366	6442	181274	307574	0
2016/08/18	6464	6496	6432	6444	156712	309612	0
2016/08/19	6428	6516	6414	6516	155466	311932	0
2016/08/22	6488	6514	6408	6412	147866	310378	0
2016/08/23	6404	6426	6386	6400	112740	312516	0
2016/08/24	6424	6508	6418	6490	173398	311356	0
2016/08/25	6484	6494	6304	6364	205680	293206	0
2016/08/26	6354	6360	6292	6326	110920	286918	0
2016/08/29	6334	6368	6308	6320	94340	284850	0
2016/08/30	6306	6356	6302	6338	76914	284062	0
2016/08/31	6338	6374	6190	6206	209614	274770	0
2016/09/01	6204	6230	6176	6202	100430	269810	0
2016/09/02	6206	6246	6194	6214	103264	269430	0
2016/09/05	6238	6288	6232	6256	121266	274070	0
2016/09/06	6264	6298	6262	6272	118306	278082	0
2016/09/07	6260	6294	6240	6278	108382	273364	0
2016/09/08	6276	6302	6240	6282	111120	276276	0
2016/09/09	6288	6326	6276	6326	112154	276596	0
2016/09/12	6312	6322	6196	6198	138920	280194	0
2016/09/13	6202	6236	6176	6232	129212	283088	0
2016/09/14	6190	6194	6100	6108	141202	286190	0
2016/09/19	6166	6212	6156	6206	78914	263566	0
2016/09/20	6230	6422	6228	6410	238920	251580	0
2016/09/21	6390	6410	6360	6380	150644	252404	0
2016/09/22	6368	6454	6360	6394	167270	259658	0
2016/09/23	6428	6466	6396	6446	152870	264600	0
2016/09/26	6412	6508	6392	6480	159034	266088	0
2016/09/27	6478	6492	6386	6428	109026	260470	0
2016/09/28	6398	6408	6328	6352	125924	246098	0
2016/09/29	6332	6398	6324	6350	116324	241466	0
2016/09/30	6360	6378	6290	6336	118468	234830	0
2016/10/10	6288	6316	6260	6292	111044	251442	0
2016/10/11	6290	6426	6288	6416	180174	272468	0
2016/10/12	6428	6510	6388	6462	273038	294914	0
2016/10/13	6478	6570	6420	6428	298572	304668	0
2016/10/14	6426	6556	6368	6552	222248	308150	0
2016/10/17	6584	6722	6584	6722	135292	328064	0
2016/10/18	6852	6922	6806	6870	586700	362002	0
2016/10/19	6820	7022	6742	6990	552928	407970	0
2016/10/20	7010	7110	6944	6950	742528	441612	0
2016/10/21	6932	6964	6828	6888	599094	464788	0
2016/10/24	6902	7034	6864	7018	541026	490834	0
2016/10/25	7048	7186	6982	6996	735880	491050	0
2016/10/26	6996	7064	6924	7040	493574	484036	0
2016/10/27	7054	7054	6940	6944	383144	488844	0
2016/10/28	6902	6986	6888	6978	339442	486814	0
2016/10/31	6972	6996	6896	6932	345498	490994	0
2016/11/01	6872	7042	6860	6932	462642	490884	0
2016/11/02	6930	6976	6790	6858	448590	476248	0
2016/11/03	6902	6928	6858	6894	253036	479988	0
2016/11/04	6918	6956	6818	6818	394108	467268	0
2016/11/07	6794	6910	6774	6882	318074	470664	0
2016/11/08	6904	6994	6862	6954	409760	485102	0
2016/11/09	6958	6992	6858	6888	319674	488400	0
2016/11/10	6920	7036	6874	6994	539010	486262	0
2016/11/11	6998	7232	6964	7132	673798	477570	0
2016/11/14	7134	7318	6828	6854	741666	435254	0
2016/11/15	6848	6944	6826	6846	377184	428862	0
2016/11/16	6846	6940	6840	6936	320324	438038	0
2016/11/17	6926	6966	6880	6926	269264	438018	0
2016/11/18	6936	6952	6880	6912	222808	430740	0
2016/11/21	6932	7022	6908	6988	316484	432478	0
2016/11/22	7000	7068	6990	7026	313850	434282	0
2016/11/23	7002	7062	7000	7016	272546	443562	0
2016/11/24	7014	7322	6962	7282	645664	430798	0
2016/11/25	7284	7528	7274	7496	684452	489310	0
2016/11/28	7500	7594	7404	7548	589206	504410	0
2016/11/29	7542	7568	7420	7474	381030	488668	0
2016/11/30	7462	7678	7342	7638	989184	546678	0
2016/12/01	7712	7808	7610	7638	753492	538148	0
2016/12/02	7676	7696	7552	7658	443680	512200	0
2016/12/05	7646	7736	7590	7676	394908	513870	0
2016/12/06	7708	7744	7620	7640	241472	513930	0
2016/12/07	7710	7742	7624	7696	334688	502320	0
2016/12/08	7668	7670	7578	7604	260168	479254	0
2016/12/09	7592	7592	7420	7526	379618	440766	0
2016/12/12	7518	7660	7490	7606	267780	437920	0
2016/12/13	7596	7632	7558	7586	184408	432384	0
2016/12/14	7602	7664	7544	7564	266816	432104	0
2016/12/15	7546	7678	7514	7592	332704	420716	0
2016/12/16	7578	7692	7572	7582	287626	405390	0
2016/12/19	7570	7742	7568	7634	366482	407186	0
2016/12/20	7598	7606	7386	7448	346420	375842	0
2016/12/21	7462	7486	7416	7434	187252	371292	0
2016/12/22	7442	7490	7344	7346	214498	359452	0
2016/12/23	7334	7340	7158	7188	338272	330512	0
2016/12/26	7212	7240	7068	7140	269520	313048	0
2016/12/27	7152	7298	7132	7290	181078	308616	0
2016/12/28	7280	7366	7242	7258	228570	313402	0
2016/12/29	7244	7322	7192	7266	197644	313728	0
2016/12/30	7278	7322	7250	7264	140914	310286	0
2017/01/02	7264	7264	7264	7264	140914	310286	0
2017/01/03	7262	7340	7212	7214	157108	318618	0
2017/01/04	7218	7262	7084	7164	243752	328190	0
2017/01/05	7178	7214	7136	7156	144510	325062	0
2017/01/06	7160	7206	7048	7048	184004	343136	0
2017/01/09	7074	7100	7024	7078	176274	344376	0
2017/01/10	7076	7142	7076	7130	177738	343510	0
2017/01/11	7118	7196	7108	7170	178076	348426	0
2017/01/12	7164	7200	7132	7154	150388	349228	0
2017/01/13	7162	7214	7130	7156	184318	351792	0
2017/01/16	7152	7278	7126	7274	245670	349134	0
2017/01/17	7280	7398	7274	7362	313944	334142	0
2017/01/18	7368	7372	7256	7292	208596	337846	0
2017/01/19	7288	7332	7272	7310	148470	339878	0
2017/01/20	7306	7324	7250	7262	153172	340386	0
2017/01/23	7254	7264	7196	7252	127618	336990	0
2017/01/24	7246	7336	7236	7324	144504	338548	0
2017/01/25	7326	7328	7208	7218	158106	350284	0
2017/01/26	7226	7268	7182	7194	102360	350554	0
2017/02/03	7214	7238	7116	7134	104194	355494	0
2017/02/06	7142	7238	7142	7194	216356	351044	0
2017/02/07	7210	7226	7154	7166	148956	360062	0
2017/02/08	7158	7250	7158	7240	192588	366314	0
2017/02/09	7238	7282	7216	7220	157026	365402	0
2017/02/10	7216	7316	7214	7316	230952	378076	0
2017/02/13	7298	7348	7250	7254	272730	383880	0
2017/02/14	7268	7296	7170	7176	234292	395416	0
2017/02/15	7192	7208	7140	7152	211082	405466	0
2017/02/16	7158	7210	7120	7126	252558	416862	0
2017/02/17	7108	7156	7022	7024	292232	424496	0
2017/02/20	7030	7058	7014	7058	157300	421698	0
2017/02/21	7054	7076	6994	7040	211454	425964	0
2017/02/22	7026	7044	6978	7022	186302	426366	0
2017/02/23	7030	7044	6924	6942	202446	430214	0
2017/02/24	6952	6962	6876	6952	205538	431264	0
2017/02/27	6960	6990	6918	6940	178250	428862	0
2017/02/28	6930	6980	6904	6950	193934	433712	0
2017/03/01	6984	7106	6976	7038	295960	423450	0
2017/03/02	7064	7094	7036	7070	164986	428950	0
2017/03/03	7064	7088	7028	7070	184566	427972	0
2017/03/06	7066	7112	7022	7060	179838	436230	0
2017/03/07	7060	7064	6928	6950	264674	449214	0
2017/03/08	6944	6958	6850	6868	230108	454534	0
2017/03/09	6880	6892	6778	6810	300636	468712	0
2017/03/10	6782	6796	6622	6642	393786	476048	0
2017/03/13	6692	6832	6688	6780	437640	438394	0
2017/03/14	6746	6786	6722	6744	255782	442858	0
2017/03/15	6756	6774	6662	6720	237704	448742	0
2017/03/16	6756	6766	6608	6664	337372	469932	0
2017/03/17	6672	6726	6656	6694	244676	466704	0
2017/03/20	6702	6712	6670	6698	231112	462572	0
2017/03/21	6694	6732	6668	6712	176274	462880	0
2017/03/22	6720	6752	6692	6712	208548	460176	0
2017/03/23	6706	6730	6600	6602	285550	491382	0
2017/03/24	6608	6640	6566	6574	232928	492274	0
2017/03/27	6570	6576	6394	6464	288594	487642	0
2017/03/28	6464	6522	6434	6480	197076	475180	0
2017/03/29	6492	6506	6470	6488	140134	476342	0
2017/03/30	6488	6498	6402	6414	206934	478868	0
2017/03/31	6396	6402	6290	6294	375968	478946	0
2017/04/05	6332	6364	6242	6338	189020	472296	0
2017/04/06	6356	6382	6302	6310	164448	483002	0
2017/04/07	6320	6342	6220	6248	238506	467880	0
2017/04/10	6258	6346	6258	6312	263472	466126	0
2017/04/11	6302	6392	6292	6344	278150	461550	0
2017/04/12	6342	6366	6198	6210	382776	475836	0
2017/04/13	6220	6294	6206	6282	202150	470566	0
2017/04/14	6264	6318	6246	6308	219436	459438	0
2017/04/17	6304	6408	6302	6348	269126	441098	0
2017/04/18	6348	6432	6320	6326	276742	442052	0
2017/04/19	6366	6366	6182	6240	225186	451596	0
2017/04/20	6240	6288	6224	6280	267304	453610	0
2017/04/21	6290	6322	6256	6294	217872	457678	0
2017/04/24	6294	6388	6290	6366	278524	461478	0
2017/04/25	6360	6384	6310	6328	260340	473000	0
2017/04/26	6334	6382	6296	6306	293038	478774	0
2017/04/27	6320	6412	6320	6366	291918	469286	0
2017/04/28	6358	6382	6312	6338	236852	462230	0
2017/05/02	6338	6470	6338	6456	225618	469182	0
2017/05/03	6456	6488	6436	6460	206384	459852	0
2017/05/04	6428	6492	6382	6456	363520	467182	0
2017/05/05	6454	6472	6368	6390	331302	462464	0
2017/05/08	6448	6532	6448	6490	337224	467666	0
2017/05/09	6462	6522	6434	6470	284476	469300	0
2017/05/10	6470	6492	6410	6422	247816	472446	0
2017/05/11	6428	6508	6354	6498	423340	452274	0
2017/05/12	6484	6490	6438	6470	215164	452488	0
2017/05/15	6448	6522	6426	6492	209098	448604	0
2017/05/16	6516	6598	6516	6564	296900	430482	0
2017/05/17	6568	6580	6512	6566	278700	423242	0
2017/05/18	6576	6590	6482	6518	275188	432516	0
2017/05/19	6436	6518	6434	6468	230604	424528	0
2017/05/22	6494	6560	6488	6540	189770	418274	0
2017/05/23	6540	6550	6470	6472	182028	422048	0
2017/05/24	6470	6492	6386	6404	245008	435644	0
2017/05/25	6422	6438	6386	6386	158416	440042	0
2017/05/26	6410	6414	6278	6282	302264	438128	0
2017/05/31	6282	6282	6090	6100	268298	442768	0
2017/06/01	6112	6130	6068	6098	253208	445394	0
2017/06/02	6124	6174	6110	6112	220318	443000	0
2017/06/05	6098	6190	6096	6150	255948	446772	0
2017/06/06	6140	6234	6126	6216	327814	430918	0
2017/06/07	6220	6260	6206	6228	190252	420866	0
2017/06/08	6230	6248	6188	6210	205692	427984	0
2017/06/09	6216	6300	6212	6286	258538	420204	0
2017/06/12	6302	6372	6288	6366	182044	410474	0
2017/06/13	6356	6358	6320	6324	168878	409210	0
2017/06/14	6314	6372	6312	6366	177512	403694	0
2017/06/15	6366	6426	6352	6386	196340	397346	0
2017/06/16	6394	6476	6370	6436	207044	391952	0
2017/06/19	6452	6520	6436	6500	224426	393508	0
2017/06/20	6492	6502	6410	6430	176110	388846	0
2017/06/21	6408	6416	6346	6378	199554	384912	0
2017/06/22	6384	6410	6314	6348	197210	395994	0
2017/06/23	6350	6364	6294	6332	150968	400622	0
2017/06/26	6342	6398	6322	6338	157664	405586	0
2017/06/27	6342	6422	6338	6404	239132	413400	0
2017/06/28	6424	6476	6396	6422	267096	418976	0
2017/06/29	6420	6502	6406	6460	248432	427256	0
2017/06/30	6458	6506	6422	6456	268760	420112	0
2017/07/03	6450	6566	6432	6528	247684	412786	0
2017/07/04	6536	6552	6420	6424	279772	408682	0
2017/07/05	6424	6466	6424	6458	171972	404486	0
2017/07/06	6458	6540	6454	6502	268068	391024	0
2017/07/07	6502	6556	6482	6546	202152	397028	0
2017/07/10	6548	6686	6548	6666	309798	388928	0
2017/07/11	6666	6724	6620	6674	304308	388290	0
2017/07/12	6660	6722	6638	6678	215864	390408	0
2017/07/13	6680	6712	6610	6624	264632	398184	0
2017/07/14	6610	6626	6526	6582	259826	405134	0
2017/07/17	6610	6648	6592	6632	199220	404458	0
2017/07/18	6644	6690	6602	6616	272120	403030	0
2017/07/19	6636	6660	6592	6660	198824	400624	0
2017/07/20	6664	6764	6642	6728	323706	408800	0
2017/07/21	6760	6796	6700	6746	290152	415776	0
2017/07/24	6724	6748	6608	6646	277008	411252	0
2017/07/25	6652	6776	6638	6772	205548	412970	0
2017/07/26	6778	6780	6652	6672	260454	406504	0
2017/07/27	6684	6746	6672	6734	167384	411810	0
2017/07/28	6752	6812	6620	6630	401070	412048	0
2017/07/31	6640	6758	6628	6740	279334	403632	0
2017/08/01	6726	6802	6712	6758	276456	405650	0
2017/08/02	6734	6750	6690	6730	191290	407450	0
2017/08/03	6738	6776	6644	6666	261190	409242	0
2017/08/04	6660	6708	6608	6666	315150	405872	0
2017/08/07	6674	6710	6654	6666	186576	407356	0
2017/08/08	6656	6786	6652	6774	261316	422794	0
2017/08/09	6778	6814	6748	6806	217098	428852	0
2017/08/10	6830	6856	6754	6852	279894	452752	0
2017/08/11	6850	7036	6832	6904	756576	500580	0
2017/08/14	6940	6972	6838	6878	336318	498666	0
2017/08/15	6862	6922	6844	6860	245370	494608	0
2017/08/16	6820	6846	6732	6764	317742	458078	0
2017/08/17	6774	6818	6760	6810	185266	459258	0
2017/08/18	6804	6866	6800	6862	203580	463096	0
2017/08/21	6860	6898	6832	6844	247758	462860	0
2017/08/22	6862	6982	6838	6964	301776	481020	0
2017/08/23	6952	7040	6918	7034	285122	485144	0
2017/08/24	7038	7062	6972	7040	237082	490194	0
2017/08/25	7066	7086	6994	7006	211276	494988	0
2017/08/28	7012	7076	6992	7024	180358	496226	0
2017/08/29	7022	7038	6944	6968	182342	491418	0
2017/08/30	6954	7024	6940	6950	206992	503418	0
2017/08/31	6956	6994	6936	6966	144866	502760	0
2017/09/01	6968	7032	6962	6994	207080	516812	0
2017/09/04	7002	7056	6952	7032	206476	522094	0
2017/09/05	7040	7064	6984	7058	199424	526184	0
2017/09/06	7062	7066	7012	7016	194836	523878	0
2017/09/07	7014	7028	6984	7016	149470	515208	0
2017/09/08	7018	7020	6916	6918	245224	506464	0
2017/09/11	6918	6986	6842	6958	265166	492376	0
2017/09/12	6944	6966	6910	6932	149256	488534	0
2017/09/13	6936	6994	6882	6888	219900	489000	0
2017/09/14	6906	6974	6892	6954	181826	490806	0
2017/09/15	6946	7026	6938	6990	232376	462830	0
2017/09/18	6990	6998	6880	6914	208162	457756	0
2017/09/19	6896	6940	6870	6884	132858	459656	0
2017/09/20	6860	6940	6856	6906	138342	458586	0
2017/09/21	6912	6930	6860	6880	133894	460246	0
2017/09/22	6860	6882	6822	6856	150364	449138	0
2017/09/25	6870	6880	6698	6734	240334	446908	0
2017/09/26	6738	6778	6714	6718	128534	444174	0
2017/09/27	6736	6756	6688	6714	150288	439010	0
2017/09/28	6698	6700	6560	6610	215758	434956	0
2017/09/29	6618	6670	6594	6652	142458	426746	0
2017/10/09	6672	6712	6650	6662	79738	426662	0
2017/10/10	6672	6684	6610	6626	118104	434880	0
2017/10/11	6620	6640	6586	6620	102642	440928	0
2017/10/12	6624	6690	6618	6688	125670	445100	0
2017/10/13	6684	6742	6612	6736	191420	452198	0
2017/10/16	6752	6768	6698	6764	148982	458378	0
2017/10/17	6766	6810	6734	6774	173522	457064	0
2017/10/18	6762	6796	6710	6738	141736	460608	0
2017/10/19	6742	6766	6632	6634	255472	471482	0
2017/10/20	6644	6720	6624	6710	179698	473996	0
2017/10/23	6748	6764	6708	6762	151782	468894	0
2017/10/24	6768	6806	6744	6784	131530	480866	0
2017/10/25	6768	6942	6758	6888	336936	476470	0
2017/10/26	6904	6932	6882	6928	291830	490892	0
2017/10/27	6936	6954	6904	6952	203610	498444	0
2017/10/30	6944	7016	6912	6970	193244	504732	0
2017/10/31	6962	6968	6898	6924	229546	493194	0
2017/11/01	6912	6956	6904	6920	163548	499674	0
2017/11/02	6936	6992	6912	6956	163814	502384	0
2017/11/03	6932	6946	6900	6930	142818	496654	0
2017/11/06	6928	6960	6874	6934	180430	491042	0
2017/11/07	6922	6996	6920	6972	163252	500966	0
2017/11/08	6964	7004	6942	6952	165936	494570	0
2017/11/09	6978	7004	6950	6990	159320	492004	0
2017/11/10	6982	6996	6888	6898	203280	475730	0
2017/11/13	6908	6922	6852	6874	156688	476344	0
2017/11/14	6856	6866	6814	6838	155632	467792	0
2017/11/15	6824	6854	6788	6800	165104	448684	0
2017/11/16	6800	6836	6766	6792	170080	449038	0
2017/11/17	6790	6826	6782	6788	137790	446922	0
2017/11/20	6792	6796	6740	6778	175036	447866	0
2017/11/21	6746	6780	6734	6758	131468	445342	0
2017/11/22	6772	6826	6768	6798	143330	446146	0
2017/11/23	6816	6820	6776	6782	117538	439792	0
2017/11/24	6786	6842	6778	6812	123482	438932	0
2017/11/27	6824	6860	6752	6766	206612	436216	0
2017/11/28	6774	6786	6734	6754	135684	425010	0
2017/11/29	6752	6762	6706	6710	144294	417498	0
2017/11/30	6700	6792	6694	6766	174338	411506	0
2017/12/01	6782	6810	6748	6758	136024	418340	0
2017/12/04	6756	6766	6724	6760	165784	419616	0
2017/12/05	6748	6772	6648	6658	212736	423038	0
2017/12/06	6668	6696	6636	6696	134496	412990	0
2017/12/07	6682	6692	6592	6612	171206	415680	0
2017/12/08	6610	6652	6606	6630	107232	403978	0
2017/12/11	6632	6672	6600	6656	134404	395724	0
2017/12/12	6652	6700	6650	6672	108384	389660	0
2017/12/13	6674	6678	6624	6670	136606	389932	0
2017/12/14	6672	6678	6566	6584	182744	390812	0
2017/12/15	6586	6614	6574	6606	103016	392296	0
2017/12/18	6634	6666	6626	6660	104400	385140	0
2017/12/19	6648	6652	6582	6594	119246	385054	0
2017/12/20	6590	6614	6588	6598	78796	381812	0
2017/12/21	6600	6612	6494	6502	176464	385500	0
2017/12/22	6494	6496	6396	6418	164568	375116	0
2017/12/25	6424	6492	6412	6480	112574	364478	0
2017/12/26	6480	6492	6464	6474	78808	359442	0
2017/12/27	6498	6514	6452	6492	118986	355910	0
2017/12/28	6492	6526	6442	6456	139062	357564	0
2017/12/29	6450	6478	6414	6446	121968	352096	0
2018/01/02	6464	6578	6464	6566	119072	344250	0
2018/01/03	6568	6606	6568	6588	95906	349952	0
2018/01/04	6622	6634	6596	6632	91922	348242	0
2018/01/05	6618	6680	6598	6662	145864	356080	0
2018/01/08	6648	6650	6594	6618	120168	362068	0
2018/01/09	6630	6640	6604	6632	94180	363374	0
2018/01/10	6614	6654	6610	6630	98100	364910	0
2018/01/11	6644	6646	6600	6616	87704	372630	0
2018/01/12	6606	6636	6536	6562	119576	378038	0
2018/01/15	6556	6594	6528	6542	118840	391006	0
2018/01/16	6548	6568	6482	6496	150864	388790	0
2018/01/17	6488	6528	6486	6518	121906	387650	0
2018/01/18	6512	6542	6490	6536	137866	399296	0
2018/01/19	6530	6536	6450	6456	202286	413438	0
2018/01/22	6464	6526	6458	6514	129794	419846	0
2018/01/23	6524	6538	6500	6532	111696	425410	0
2018/01/24	6542	6582	6540	6568	145276	425882	0
2018/01/25	6578	6580	6540	6562	99468	430438	0
2018/01/26	6556	6608	6544	6590	137244	434208	0
2018/01/29	6590	6610	6576	6592	105650	438044	0
2018/01/30	6592	6594	6500	6508	174860	443964	0
2018/01/31	6514	6546	6502	6542	97960	436834	0
2018/02/01	6538	6538	6488	6510	102246	436816	0
2018/02/02	6514	6520	6420	6432	157300	444622	0
2018/02/05	6436	6462	6392	6452	148210	448834	0
2018/02/06	6454	6472	6414	6428	127106	446658	0
2018/02/07	6432	6480	6414	6430	144742	455854	0
2018/02/08	6428	6450	6382	6434	132648	453762	0
2018/02/09	6440	6454	6396	6402	119668	458016	0
2018/02/12	6404	6418	6364	6404	120768	457850	0
2018/02/13	6394	6416	6382	6402	84846	450476	0
2018/02/14	6398	6408	6312	6350	144958	445114	0
2018/02/22	6370	6390	6340	6350	68918	441202	0
2018/02/23	6358	6470	6358	6470	163710	438130	0
2018/02/26	6460	6522	6442	6504	104968	434086	0
2018/02/27	6491	6516	6478	6484	80880	433164	0
2018/02/28	6480	6522	6456	6516	116108	439512	0
2018/03/01	6508	6536	6452	6514	174952	442880	0
2018/03/02	6484	6586	6456	6560	284214	433868	0
2018/03/05	6560	6570	6482	6508	220886	445956	0
2018/03/06	6520	6532	6476	6496	146818	450332	0
2018/03/07	6516	6524	6422	6436	186652	455968	0
2018/03/08	6420	6454	6416	6436	134024	455368	0
2018/03/09	6430	6458	6364	6370	192154	449898	0
2018/03/12	6374	6416	6370	6394	120188	455376	0
2018/03/13	6400	6492	6400	6484	279710	474382	0
2018/03/14	6486	6526	6460	6466	244934	480756	0
2018/03/15	6474	6488	6416	6442	173600	481494	0
2018/03/16	6456	6508	6442	6454	231156	484130	0
2018/03/19	6458	6524	6452	6516	253622	503430	0
2018/03/20	6510	6516	6444	6494	215284	505516	0
2018/03/21	6498	6502	6438	6450	228826	500522	0
2018/03/22	6468	6516	6450	6498	219824	501964	0
2018/03/23	6500	6540	6444	6472	300842	488030	0
2018/03/26	6466	6522	6390	6468	355148	472004	0
2018/03/27	6466	6490	6422	6432	210024	479532	0
2018/03/28	6440	6454	6414	6428	139368	479044	0
2018/03/29	6416	6434	6360	6366	217314	481640	0
2018/03/30	6364	6468	6340	6436	252650	474140	0
2018/04/02	6428	6546	6420	6528	243196	465152	0
2018/04/03	6528	6538	6482	6516	208412	456866	0
2018/04/04	6506	6566	6506	6550	230348	445584	0
2018/04/09	6578	6828	6570	6584	245416	440128	0
2018/04/10	6588	6618	6568	6602	227468	434262	0
2018/04/11	6606	6640	6566	6590	186958	423540	0
2018/04/12	6602	6624	6518	6522	184826	421940	0
2018/04/13	6528	6546	6512	6538	114370	420458	0
2018/04/16	6538	6560	6480	6482	150554	415620	0
2018/04/17	6474	6490	6420	6488	173432	414804	0
2018/04/18	6482	6500	6456	6484	114210	412964	0
2018/04/19	6494	6546	6490	6546	163990	414314	0
2018/04/20	6550	6608	6550	6566	201782	412894	0
2018/04/23	6572	6616	6552	6574	173778	419162	0
2018/04/24	6546	6568	6506	6512	196928	423024	0
2018/04/25	6518	6564	6514	6538	142946	423186	0
2018/04/26	6536	6548	6480	6502	161822	419428	0
2018/04/27	6496	6516	6468	6474	139650	408640	0
2018/05/02	6468	6508	6442	6496	99678	412076	0
2018/05/03	6492	6540	6488	6534	140366	419292	0
2018/05/04	6514	6528	6482	6516	147678	428224	0
2018/05/07	6520	6572	6504	6548	146744	438738	0
2018/05/08	6562	6580	6518	6550	124932	443280	0
2018/05/09	6552	6646	6550	6630	289888	483490	0
2018/05/10	6628	6656	6628	6642	172900	490582	0
2018/05/11	6652	6670	6610	6644	179606	489866	0
2018/05/14	6640	6658	6608	6644	167266	487842	0
2018/05/15	6646	6676	6622	6640	185422	485344	0
2018/05/16	6646	6650	6564	6576	298642	455164	0
2018/05/17	6580	6600	6544	6600	183332	449450	0
2018/05/18	6606	6704	6606	6690	377746	476520	0
2018/05/21	6686	6868	6678	6772	803796	539454	0
2018/05/22	6784	6892	6756	6838	656762	578906	0
2018/05/23	6854	6854	6764	6824	542692	588710	0
2018/05/24	6826	6908	6806	6908	708434	628992	0
2018/05/25	6908	6988	6824	6836	776846	632918	0
2018/05/28	6828	6856	6790	6804	535474	632862	0
2018/05/29	6816	6948	6794	6946	714654	682424	0
2018/05/30	6928	7148	6888	7026	1515916	755974	0
2018/05/31	7058	7210	6976	7022	1682962	821860	0
2018/06/01	7026	7068	6976	7026	1136802	833670	0
2018/06/04	7024	7102	6984	7002	956376	823846	0
2018/06/05	7008	7016	6768	6894	1298194	738242	0
2018/06/06	6898	6924	6856	6884	554122	736782	0
2018/06/07	6880	6914	6840	6878	574090	740360	0
2018/06/08	6884	6930	6784	6794	831270	710244	0
2018/06/11	6798	6816	6732	6786	593854	690770	0
2018/06/12	6790	6828	6766	6778	534584	688596	0
2018/06/13	6772	6780	6694	6742	749838	672294	0
2018/06/14	6750	6832	6740	6770	768688	668984	0
2018/06/15	6766	6850	6756	6842	592612	672608	0
2018/06/19	6850	6902	6488	6492	1267670	608116	0
2018/06/20	6516	6678	6496	6576	839752	599382	0
2018/06/21	6586	6620	6566	6588	490738	600992	0
2018/06/22	6594	6608	6534	6562	416680	587704	0
2018/06/25	6578	6612	6558	6570	391706	583332	0
2018/06/26	6578	6580	6478	6532	480368	573016	0
2018/06/27	6536	6618	6534	6590	411710	553072	0
2018/06/28	6604	6618	6568	6574	304312	557124	0
2018/06/29	6576	6636	6542	6584	474686	562532	0
2018/07/02	6588	6660	6576	6598	452748	556984	0
2018/07/03	6608	6628	6526	6590	403532	559812	0
2018/07/04	6596	6608	6556	6574	298250	558732	0
2018/07/05	6576	6620	6538	6592	317074	557814	0
2018/07/06	6592	6624	6530	6580	454516	559134	0
2018/07/09	6582	6634	6572	6592	316074	562678	0
2018/07/10	6572	6598	6536	6552	302144	567588	0
2018/07/11	6564	6572	6478	6502	419284	571290	0
2018/07/12	6474	6510	6440	6458	385652	575216	0
2018/07/13	6454	6462	6352	6366	505910	576790	0
2018/07/16	6360	6382	6324	6362	369040	577896	0
2018/07/17	6370	6406	6344	6364	302216	573870	0
2018/07/18	6366	6394	6356	6374	231766	574004	0
2018/07/19	6384	6432	6382	6392	249124	568546	0
2018/07/20	6386	6418	6368	6374	248140	567490	0
2018/07/23	6380	6444	6380	6410	232354	556956	0
2018/07/24	6404	6424	6354	6396	215942	560208	0
2018/07/25	6392	6418	6382	6394	176568	558158	0
2018/07/26	6402	6466	6396	6452	271832	567796	0
2018/07/27	6460	6464	6416	6454	277858	569254	0
2018/07/30	6448	6488	6444	6462	219782	579196	0
2018/07/31	6468	6482	6416	6442	309426	586004	0
2018/08/01	6450	6460	6404	6452	283348	571726	0
2018/08/02	6456	6512	6436	6450	316484	569270	0
2018/08/03	6446	6500	6428	6470	264110	570122	0
2018/08/06	6472	6492	6442	6484	267366	572898	0
2018/08/07	6484	6596	6482	6570	386726	588794	0
2018/08/08	6576	6600	6550	6600	239696	591198	0
2018/08/09	6610	6642	6574	6614	297578	596574	0
2018/08/10	6612	6642	6586	6616	222978	595798	0
2018/08/13	6624	6636	6478	6552	280322	567936	0
2018/08/14	6540	6590	6534	6564	179116	566054	0
2018/08/15	6578	6614	6562	6596	226022	583044	0
2018/08/16	6586	6592	6514	6562	290596	561816	0
2018/08/17	6572	6762	6558	6670	681710	587596	0
2018/08/20	6692	6776	6666	6746	436366	597132	0
2018/08/21	6754	6758	6686	6742	332656	583124	0
2018/08/22	6746	6836	6744	6792	480656	583252	0
2018/08/23	6788	6812	6716	6734	328726	572516	0
2018/08/24	6724	6782	6702	6720	330382	570636	0
2018/08/27	6728	6746	6624	6628	302968	566584	0
2018/08/28	6632	6664	6604	6652	250450	566144	0
2018/08/29	6652	6678	6592	6594	288506	555192	0
2018/08/30	6604	6638	6590	6636	219362	547374	0
2018/08/31	6650	6660	6606	6614	213640	540510	0
2018/09/03	6620	6688	6554	6666	379190	547482	0
2018/09/04	6672	6740	6666	6702	355046	552454	0
2018/09/05	6704	6734	6684	6704	266706	558986	0
2018/09/06	6700	6758	6686	6732	305712	566230	0
2018/09/07	6726	6758	6688	6720	301876	568804	0
2018/09/10	6714	6784	6696	6770	381216	578198	0
2018/09/11	6760	6782	6716	6748	258596	573322	0
2018/09/12	6744	6798	6736	6746	367508	577532	0
2018/09/13	6740	6770	6680	6724	336672	573946	0
2018/09/14	6738	6788	6714	6732	310810	574774	0
2018/09/17	6726	6794	6718	6782	230424	536992	0
2018/09/18	6800	6822	6720	6736	347822	538608	0
2018/09/19	6742	6744	6648	6668	305788	544120	0
2018/09/20	6666	6694	6636	6640	208010	538734	0
2018/09/21	6644	6678	6582	6588	294208	548934	0
2018/09/25	6630	6654	6604	6642	148080	546440	0
2018/09/26	6650	6738	6648	6726	249976	533038	0
2018/09/27	6720	6726	6662	6692	188668	534346	0
2018/09/28	6682	6684	6648	6676	206704	523872	0
2018/10/08	6714	6734	6680	6698	135544	524186	0
2018/10/09	6698	6832	6696	6830	365520	544558	0
2018/10/10	6822	6870	6802	6846	399338	552648	0
2018/10/11	6836	6856	6722	6744	419032	549438	0
2018/10/12	6766	6808	6758	6800	259518	536950	0
2018/10/15	6802	6844	6792	6806	279918	543546	0
2018/10/16	6806	6844	6770	6782	315984	551354	0
2018/10/17	6780	6814	6764	6804	224538	553264	0
2018/10/18	6802	6804	6738	6740	261930	535352	0
2018/10/19	6732	6756	6706	6712	209236	524090	0
2018/10/22	6724	6768	6712	6752	198704	516514	0
2018/10/23	6758	6784	6698	6700	266750	524042	0
2018/10/24	6686	6702	6640	6644	319330	511292	0
2018/10/25	6650	6668	6576	6600	276064	508330	0
2018/10/26	6602	6628	6588	6610	182542	512122	0
2018/10/29	6600	6654	6564	6640	302068	508912	0
2018/10/30	6654	6704	6594	6608	331268	512886	0
2018/10/31	6600	6636	6584	6602	207342	513428	0
2018/11/01	6596	6638	6586	6592	196818	511606	0
2018/11/02	6596	6610	6426	6484	464300	484664	0
2018/11/05	6512	6556	6512	6532	191782	476676	0
2018/11/06	6530	6542	6504	6524	113324	474166	0
2018/11/07	6528	6554	6500	6526	131634	470240	0
2018/11/08	6536	6558	6480	6500	175430	470940	0
2018/11/09	6504	6520	6432	6460	191762	466130	0
2018/11/12	6448	6468	6372	6456	290900	455666	0
2018/11/13	6448	6458	6428	6442	145638	449444	0
2018/11/14	6430	6458	6344	6362	217258	446168	0
2018/11/15	6382	6406	6370	6390	169122	442594	0
2018/11/16	6396	6448	6388	6398	148876	445388	0
2018/11/19	6350	6380	6348	6366	143166	443864	0
2018/11/20	6366	6436	6306	6406	263232	446162	0
2018/11/21	6410	6452	6346	6430	311216	439636	0
2018/11/22	6442	6492	6412	6472	210042	444882	0
2018/11/23	6490	6522	6460	6510	219556	446970	0
2018/11/26	6504	6548	6470	6516	285736	445584	0
2018/11/27	6490	6544	6456	6456	293098	435340	0
2018/11/28	6460	6498	6448	6482	184686	430964	0
2018/11/29	6480	6522	6470	6480	192898	426120	0
2018/11/30	6482	6530	6474	6526	163540	421966	0
2018/12/03	6528	6540	6474	6490	285074	420954	0
2018/12/04	6488	6522	6456	6514	253308	414224	0
2018/12/05	6518	6562	6502	6534	252202	420710	0
2018/12/06	6520	6628	6508	6608	357928	436492	0
2018/12/07	6598	6632	6580	6614	308088	431248	0
2018/12/10	6626	6658	6584	6600	244268	441010	0
2018/12/11	6622	6634	6552	6588	232140	432996	0
2018/12/12	6594	6652	6580	6650	195030	440064	0
2018/12/13	6652	6660	6624	6644	157814	438124	0
2018/12/14	6634	6640	6550	6566	238296	424192	0
2018/12/17	6568	6610	6532	6600	176548	415908	0
2018/12/18	6598	6610	6554	6598	174440	420966	0
2018/12/19	6600	6640	6570	6632	196028	417712	0
2018/12/20	6638	6660	6466	6534	380862	392648	0
2018/12/21	6538	6546	6502	6512	131158	391730	0
2018/12/24	6512	6540	6482	6500	145780	383458	0
2018/12/25	6494	6512	6442	6450	143160	369680	0
2018/12/26	6462	6474	6440	6456	111860	368562	0
2018/12/27	6458	6468	6408	6438	189298	378524	0
2018/12/28	6430	6448	6418	6440	120858	372544	0
2019/01/02	6436	6510	6396	6500	108324	382740	0
2019/01/03	6492	6538	6482	6528	159198	383396	0
2019/01/04	6510	6550	6510	6544	142994	382438	0
2019/01/07	6544	6568	6538	6549	126542	390844	0
2019/01/08	6547	6579	6516	6563	184412	403462	0
2019/01/09	6556	6585	6537	6543	172338	410372	0
2019/01/10	6540	6555	6522	6534	207092	421018	0
2019/01/11	6539	6542	6468	6489	186662	426730	0
2019/01/14	6490	6507	6431	6448	232200	437290	0
2019/01/15	6435	6470	6419	6469	179584	439440	0
2019/01/16	6472	6517	6472	6507	218562	402386	0
2019/01/17	6501	6523	6487	6491	165672	403538	0
2019/01/18	6508	6562	6498	6544	158980	401014	0
2019/01/21	6557	6641	6542	6631	236856	405194	0
2019/01/22	6633	6720	6621	6689	321122	411034	0
2019/01/23	6698	6721	6656	6681	199318	422060	0
2019/01/24	6684	6715	6669	6679	175908	410798	0
2019/01/25	6665	6690	6642	6675	153000	398796	0
2019/01/28	6678	6778	6670	6771	249610	403148	0
2019/01/29	6776	6801	6745	6771	206246	396010	0
2019/01/30	6762	6787	6743	6768	159588	392422	0
2019/01/31	6776	6779	6713	6736	188292	376248	0
2019/02/01	6747	6772	6720	6731	133564	356942	0
2019/02/11	6761	6795	6703	6714	152112	351674	0
2019/02/12	6720	6747	6702	6725	147546	366164	0
2019/02/13	6735	6744	6695	6730	124118	370398	0
2019/02/14	6716	6771	6689	6748	192500	370510	0
2019/02/15	6755	6760	6696	6712	154348	361522	0
2019/02/18	6723	6755	6717	6748	130116	363572	0
2019/02/19	6741	6842	6738	6828	255688	388880	0
2019/02/20	6809	6814	6743	6761	211342	390136	0
2019/02/21	6736	6760	6716	6734	158380	384816	0
2019/02/22	6760	6780	6716	6734	158362	385140	0
2019/02/25	6736	6763	6716	6736	168718	384788	0
2019/02/26	6720	6760	6643	6654	294968	383948	0
2019/02/27	6657	6702	6656	6663	154466	393622	0
2019/02/28	6651	6702	6648	6697	170842	402238	0
2019/03/01	6698	6921	6698	6858	866616	436420	0
2019/03/04	6863	6987	6789	6953	549666	455272	0
2019/03/05	6947	7005	6914	6976	391792	468672	0
2019/03/06	6991	7170	6991	7142	1070682	525308	0
2019/03/07	7163	7182	7071	7088	761864	522910	0
2019/03/08	7098	7212	7069	7196	780076	550612	0
2019/03/11	7216	7238	7172	7215	555646	568266	0
2019/03/12	7195	7211	7021	7034	1067970	525496	0
2019/03/13	7032	7055	6934	6935	754208	511200	0
2019/03/14	6946	6974	6881	6888	635684	482060	0
2019/03/15	6909	6912	6857	6885	394076	480552	0
2019/03/18	6899	6977	6897	6968	450798	481936	0
2019/03/19	6970	7012	6941	6996	445904	488522	0
2019/03/20	7009	7025	6946	6992	618944	467538	0
2019/03/21	7002	7016	6979	7005	289488	467468	0
2019/03/22	7002	7108	6971	7078	627500	488366	0
2019/03/25	7086	7094	7052	7067	408822	471030	0
2019/03/26	7063	7112	7049	7070	376768	481084	0
2019/03/27	7124	7162	7101	7146	527460	514872	0
2019/03/28	7144	7147	6944	6950	789296	486954	0
2019/03/29	6965	6992	6878	6933	727204	478218	0
2019/04/01	6920	6984	6883	6947	536932	459430	0
2019/04/02	6939	7007	6888	6985	597388	447024	0
2019/04/03	7011	7080	6989	7048	551506	455370	0
2019/04/04	7041	7078	7014	7049	406884	455788	0
2019/04/08	7046	7105	7041	7080	222634	455652	0
2019/04/09	7072	7090	6996	7078	414250	455298	0
2019/04/10	7086	7151	7044	7076	522938	468168	0
2019/04/11	7070	7086	7037	7074	310040	458630	0
2019/04/12	7070	7100	7033	7079	461538	449840	0
2019/04/15	7079	7123	7033	7035	401376	430156	0
2019/04/16	7010	7047	6978	7028	375766	399862	0
2019/04/17	7022	7067	7004	7046	270454	404154	0
2019/04/18	7042	7068	6971	6996	353050	408140	0
2019/04/19	6998	7027	6977	6998	266374	399542	0
2019/04/22	6994	7041	6975	7008	361768	384602	0
2019/04/23	7006	7028	6981	6996	266918	393808	0
2019/04/24	6963	6973	6829	6879	694134	388724	0
2019/04/25	6884	6894	6844	6861	254418	384578	0
2019/04/26	6873	6885	6786	6828	343674	382054	0
2019/04/29	6830	6846	6802	6825	189560	372766	0
2019/04/30	6830	6853	6812	6826	225890	351142	0
2019/05/06	6806	6877	6752	6819	262286	344776	0
2019/05/07	6830	6897	6828	6881	246534	355398	0
2019/05/08	6873	6898	6863	6876	213794	363118	0
2019/05/09	6875	6992	6868	6983	350648	368106	0
2019/05/10	6991	6995	6919	6977	347790	356944	0
2019/05/13	6983	7019	6952	6982	286712	358074	0
2019/05/14	6992	7043	6941	6974	328362	365790	0
2019/05/15	6989	7014	6976	6996	232210	368414	0
2019/05/16	7004	7045	6995	7022	331746	378204	0
2019/05/17	7033	7044	6977	7001	283284	382668	0
2019/05/20	7004	7050	6989	7023	260120	357682	0
2019/05/21	7026	7080	7013	7048	337494	368136	0
2019/05/22	7048	7060	6988	7013	286616	361606	0
2019/05/23	7021	7049	6949	6964	390216	376574	0
2019/05/24	6959	7015	6947	6995	245150	375756	0
2019/05/27	7011	7096	6993	7067	381266	369784	0
2019/05/28	7058	7073	7012	7047	290908	368428	0
2019/05/29	7043	7185	7015	7128	581228	382160	0
2019/05/30	7114	7128	7038	7071	319374	361870	0
2019/05/31	7086	7096	7028	7051	285096	351432	0
2019/06/03	7049	7053	6991	7026	285390	347654	0
2019/06/04	7046	7101	7032	7077	332800	340644	0
2019/06/05	7078	7079	7024	7045	222894	333350	0
2019/06/06	7048	7111	7026	7072	346214	338716	0
2019/06/10	7071	7105	7032	7067	170894	338828	0
2019/06/11	7071	7098	7031	7074	304328	341068	0
2019/06/12	7072	7086	7041	7048	257870	346284	0
2019/06/13	7052	7105	7049	7090	369054	363052	0
2019/06/14	7086	7103	7071	7078	249964	362644	0
2019/06/17	7081	7110	7049	7084	282774	361244	0
2019/06/18	7089	7107	7072	7084	240478	367596	0
2019/06/19	7077	7089	6947	6949	608358	379680	0
2019/06/20	6945	6964	6891	6915	353930	388872	0
2019/06/21	6906	6938	6863	6888	224764	385012	0
2019/06/24	6887	6931	6880	6886	213542	374516	0
2019/06/25	6889	6914	6883	6899	137968	367740	0
2019/06/26	6901	6914	6867	6878	173668	371764	0
2019/06/27	6884	6931	6850	6928	207850	368842	0
2019/06/28	6923	6932	6904	6913	156092	366240	0
2019/07/01	6886	6898	6760	6849	498422	361682	0
2019/07/02	6849	6861	6818	6840	158058	349304	0
2019/07/03	6849	6866	6791	6854	185122	346028	0
2019/07/04	6869	6927	6850	6908	222076	328478	0
2019/07/05	6917	6927	6860	6877	188484	318990	0
2019/07/08	6876	6909	6874	6890	127964	316982	0
2019/07/09	6890	6920	6822	6847	229630	312388	0
2019/07/10	6853	6865	6829	6846	127326	316472	0
2019/07/11	6854	6865	6815	6854	168818	324290	0
2019/07/12	6858	6872	6820	6826	126788	324772	0
2019/07/15	6824	6961	6822	6953	257912	335630	0
2019/07/16	6943	6950	6904	6936	175902	336194	0
2019/07/17	6930	6979	6924	6950	171972	345018	0
2019/07/18	6957	6980	6924	6978	184534	361634	0
2019/07/19	6982	6982	6922	6946	176752	351454	0
2019/07/22	6955	6958	6928	6946	126532	348992	0
2019/07/23	6934	6980	6932	6963	179038	346848	0
2019/07/24	6958	7005	6937	6973	264062	344190	0
2019/07/25	6972	6986	6934	6951	211400	347878	0
2019/07/26	6956	6961	6920	6937	156754	342402	0
2019/07/29	6943	7027	6928	7005	283856	345802	0
2019/07/30	7017	7021	6974	6984	186812	344136	0
2019/07/31	6989	6994	6944	6965	195818	347300	0
2019/08/01	6968	6979	6944	6972	186538	340560	0
2019/08/02	6973	7015	6946	6979	208100	337020	0
2019/08/05	6986	7059	6984	7039	280684	337844	0
2019/08/06	7035	7109	7028	7065	344796	352574	0
2019/08/07	7063	7095	7038	7068	210302	353422	0
2019/08/08	7067	7161	7024	7129	374086	364796	0
2019/08/09	7135	7309	7125	7226	532028	384330	0
2019/08/12	7224	7333	7188	7267	391504	384336	0
2019/08/13	7267	7363	7242	7358	285468	397966	0
2019/08/14	7346	7381	7160	7283	484474	380624	0
2019/08/15	7282	7322	7246	7291	289502	386870	0
2019/08/16	7294	7395	7270	7311	367984	385096	0
2019/08/19	7300	7354	7280	7315	209206	395432	0
2019/08/20	7319	7378	7302	7360	328222	401914	0
2019/08/21	7360	7380	7319	7342	252610	400648	0
2019/08/22	7357	7470	7357	7442	515184	424686	0
2019/08/23	7454	7469	7300	7430	405246	422614	0
2019/08/26	7445	7569	7425	7533	412618	431594	0
2019/08/27	7518	7524	7417	7417	333592	417662	0
2019/08/28	7431	7496	7403	7484	248164	417432	0
2019/08/29	7481	7527	7448	7451	312348	414654	0
2019/08/30	7449	7487	7406	7447	331928	412236	0
2019/09/02	7455	7510	7431	7466	296260	421702	0
2019/09/03	7452	7456	7384	7411	340358	422460	0
2019/09/04	7408	7482	7397	7468	318258	427080	0
2019/09/05	7460	7492	7409	7428	281710	428852	0
2019/09/06	7421	7428	7287	7364	460186	399198	0
2019/09/09	7372	7402	7320	7348	252648	393516	0
2019/09/10	7350	7387	7336	7369	220290	390528	0
2019/09/11	7377	7396	7329	7344	259618	390014	0
2019/09/12	7343	7356	7315	7331	213542	373786	0
2019/09/16	7342	7364	7278	7356	183508	374080	0
2019/09/17	7355	7429	7338	7363	333298	356970	0
2019/09/18	7357	7363	7307	7339	188442	355422	0
2019/09/19	7338	7386	7329	7332	296228	358532	0
2019/09/20	7342	7351	7303	7313	212790	360122	0
2019/09/23	7306	7377	7306	7374	214452	352840	0
2019/09/24	7362	7366	7211	7235	413938	347398	0
2019/09/25	7241	7260	7223	7230	162154	343344	0
2019/09/26	7227	7257	7199	7245	150336	336942	0
2019/09/27	7244	7245	7123	7135	263806	324794	0
2019/09/30	7142	7143	7064	7112	197502	307614	0
2019/10/08	7145	7180	7120	7154	128656	307482	0
2019/10/09	7164	7269	7162	7250	235792	289970	0
2019/10/10	7249	7298	7230	7283	205958	294418	0
2019/10/11	7281	7327	7266	7312	167530	294178	0
2019/10/14	7297	7303	7178	7193	254124	297418	0
2019/10/15	7200	7218	7138	7164	169418	290718	0
2019/10/16	7177	7254	7174	7201	251944	288704	0
2019/10/17	7204	7232	7180	7202	190576	288806	0
2019/10/18	7199	7221	7156	7178	192398	293932	0
2019/10/21	7196	7221	7172	7207	172434	286908	0
2019/10/22	7196	7233	7162	7175	150766	289896	0
2019/10/23	7196	7246	7181	7209	267272	286116	0
2019/10/24	7189	7233	7121	7230	302600	286158	0
2019/10/25	7249	7352	7236	7260	511816	297950	0
2019/10/28	7266	7307	7257	7299	236678	298258	0
2019/10/29	7296	7310	7244	7297	258424	289736	0
2019/10/30	7290	7391	7280	7377	431768	302496	0
2019/10/31	7394	7431	7359	7365	324334	302728	0
2019/11/01	7366	7458	7363	7436	362266	309636	0
2019/11/04	7418	7493	7403	7468	392816	306242	0
2019/11/05	7482	7627	7475	7529	659244	317154	0
2019/11/06	7513	7532	7379	7405	572900	329146	0
2019/11/07	7434	7464	7364	7394	527274	322646	0
2019/11/08	7397	7434	7357	7415	310264	319810	0
2019/11/11	7429	7532	7406	7509	425736	324416	0
2019/11/12	7479	7505	7459	7492	337954	331348	0
2019/11/13	7463	7493	7441	7452	251976	327474	0
2019/11/14	7440	7450	7379	7433	265038	322942	0
2019/11/15	7451	7463	7392	7409	281698	321690	0
2019/11/18	7396	7466	7364	7466	332234	323506	0
2019/11/19	7450	7485	7438	7452	296340	308166	0
2019/11/20	7462	7598	7459	7517	565362	314066	0
2019/11/21	7516	7540	7464	7490	299612	309902	0
2019/11/22	7484	7514	7458	7496	208618	299388	0
2019/11/25	7551	7553	7466	7483	260440	298590	0
2019/11/26	7462	7470	7365	7447	524620	299136	0
2019/11/27	7445	7498	7422	7487	310890	293430	0
2019/11/28	7499	7543	7459	7508	374212	293970	0
2019/11/29	7525	7645	7505	7590	569990	311852	0
2019/12/02	7577	7583	7473	7507	325066	292362	0
2019/12/03	7525	7536	7472	7510	259002	291640	0
2019/12/04	7505	7537	7478	7499	234090	291322	0
2019/12/05	7494	7507	7462	7493	212790	288036	0
2019/12/06	7506	7507	7413	7450	313204	288594	0
2019/12/09	7459	7523	7432	7478	333036	281042	0
2019/12/10	7482	7489	7409	7421	336478	280474	0
2019/12/11	7426	7443	7389	7412	242892	271184	0
2019/12/12	7417	7442	7395	7434	170284	262004	0
2019/12/13	7426	7542	7418	7476	414694	261560	0
2019/12/16	7476	7488	7329	7398	373022	261318	0
2019/12/17	7407	7464	7394	7447	264120	254296	0
2019/12/18	7442	7537	7439	7467	367208	264556	0
2019/12/19	7478	7604	7455	7590	497008	296580	0
2019/12/20	7595	7628	7569	7579	391256	283784	0
2019/12/23	7581	7605	7519	7575	331338	262020	0
2019/12/24	7567	7596	7538	7584	226582	259388	0
2019/12/25	7582	7598	7542	7571	175784	252696	0
2019/12/26	7566	7653	7552	7641	294898	280706	0
2019/12/27	7668	7751	7645	7739	317422	278740	0
2019/12/30	7736	7752	7685	7708	227860	267494	0
2019/12/31	7730	7759	7667	7708	254864	258112	0
2020/01/02	7661	7719	7655	7708	66852	129257	0
2020/01/03	7727	7793	7694	7728	152040	131717	0
2020/01/06	7741	7780	7708	7728	103033	130487	0
2020/01/07	7701	7760	7664	7760	107258	130732	0
2020/01/08	7752	7799	7688	7706	115452	129628	0
2020/01/09	7705	7829	7680	7806	158109	131085	0
2020/01/10	7816	7855	7762	7819	163315	125923	0
2020/01/13	7817	7895	7779	7871	154795	129648	0
2020/01/14	7853	7854	7770	7796	129031	125529	0
2020/01/15	7788	7857	7731	7732	158453	125791	0
2020/01/16	7737	7764	7707	7721	135241	125223	0
2020/01/17	7724	7762	7723	7732	73586	126490	0
2020/01/20	7723	7768	7701	7731	85260	125307	0
2020/01/21	7736	7748	7573	7587	121318	115875	0
2020/01/22	7597	7620	7521	7609	99049	108861	0
2020/01/23	7616	7658	7491	7561	106505	102488	0
2020/02/03	7140	7279	7047	7097	110876	102076	0
2020/02/04	7106	7286	7101	7250	106164	102886	0
2020/02/05	7249	7358	7198	7353	99632	108222	0
2020/02/06	7407	7592	7380	7583	213257	132013	0
2020/02/07	7557	7707	7530	7690	309846	153332	0
2020/02/10	7664	7734	7640	7661	240639	151916	0
2020/02/11	7639	7730	7639	7673	276658	157858	0
2020/02/12	7687	7702	7506	7557	386576	148808	0
2020/02/13	7600	7631	7521	7579	335165	150765	0
2020/02/14	7565	7583	7536	7549	229513	148631	0
2020/02/17	7559	7704	7549	7685	288039	159444	0
2020/02/18	7684	7729	7648	7691	255673	162534	0
2020/02/19	7692	7704	7583	7598	276476	159127	0
2020/02/20	7575	7591	7431	7472	484538	146373	0
2020/02/21	7462	7505	7414	7473	288684	148477	0
2020/02/24	7476	7505	7383	7463	282126	146287	0
2020/02/25	7439	7477	7374	7470	251473	148026	0
2020/02/26	7431	7506	7412	7459	204968	148284	0
2020/02/27	7451	7529	7437	7502	223948	149784	0
2020/02/28	7475	7511	7221	7275	467075	143082	0
2020/03/02	7278	7371	7233	7362	240130	140674	0
2020/03/03	7362	7422	7258	7291	278433	145595	0
2020/03/04	7320	7337	7233	7297	265616	147828	0
2020/03/05	7327	7363	7265	7305	252217	143874	0
2020/03/06	7283	7315	7236	7298	189605	141574	0
2020/03/09	7167	7167	6986	6987	135269	142868	0
2020/03/10	7018	7185	6986	7065	213819	133206	0
2020/03/11	7082	7143	7081	7094	141889	135688	0
2020/03/12	7088	7088	6846	6893	238511	136033	0
2020/03/13	6840	6849	6665	6820	208028	138482	0
2020/03/16	6762	6833	6704	6769	211532	136594	0
2020/03/17	6743	6804	6715	6740	183644	136400	0
2020/03/18	6737	6864	6623	6623	279095	131713	0
2020/03/19	6662	6681	6527	6667	263735	128626	0
2020/03/20	6695	6755	6687	6721	172563	126741	0
2020/03/23	6743	6758	6697	6714	176169	127212	0
2020/03/24	6738	6798	6680	6794	189601	126130	0
2020/03/25	6772	6824	6754	6822	144105	129676	0
2020/03/26	6790	6813	6655	6661	155601	136014	0
2020/03/27	6705	6810	6657	6775	191581	131299	0
2020/03/30	6775	6911	6768	6885	180669	132589	0
2020/03/31	6883	6911	6676	6697	199918	132572	0
2020/04/01	6730	6730	6587	6645	302488	152736	0
2020/04/02	6619	6666	6587	6642	304999	146853	0
2020/04/03	6634	6664	6584	6618	228641	145177	0
2020/04/07	6725	6796	6701	6728	318641	144184	0
2020/04/08	6721	6796	6712	6768	199829	145909	0
2020/04/09	6783	6880	6774	6873	239425	145776	0
2020/04/10	6842	6849	6789	6823	193977	141184	0
2020/04/13	6864	6944	6784	6787	169528	140556	0
2020/04/14	6833	6833	6707	6756	175657	141022	0
2020/04/15	6749	6787	6733	6743	129254	142208	0
2020/04/16	6749	6798	6665	6674	236321	142163	0
2020/04/17	6731	6778	6677	6744	200313	138367	0
2020/04/20	6734	6758	6697	6722	150732	139261	0
2020/04/21	6715	6730	6534	6564	217920	142297	0
2020/04/22	6602	6656	6546	6632	168008	138267	0
2020/04/23	6630	6704	6630	6690	153321	138727	0
2020/04/24	6675	6689	6633	6654	132560	137518	0
2020/04/27	6657	6680	6571	6659	180514	135918	0
2020/04/28	6639	6730	6639	6694	168350	129626	0
2020/04/29	6693	6727	6663	6692	83486	129458	0
2020/04/30	6714	6748	6668	6668	108555	126936	0
2020/05/06	6645	6679	6626	6657	100517	129554	0
2020/05/07	6634	6715	6625	6697	158896	135822	0
2020/05/08	6709	6744	6685	6707	146036	136735	0
2020/05/11	6715	6781	6704	6738	176474	138883	0
2020/05/12	6745	6756	6688	6706	166940	143115	0
2020/05/13	6720	6829	6707	6829	221329	146964	0
2020/05/14	6820	6828	6771	6824	225835	145405	0
2020/05/15	6821	6860	6811	6845	187893	146325	0
2020/05/18	6837	6918	6797	6907	261484	148147	0
2020/05/19	6922	6962	6845	6859	260063	149265	0
2020/05/20	6858	6895	6843	6863	166880	148774	0
2020/05/21	6867	6911	6842	6858	207711	152652	0
2020/05/22	6867	6886	6764	6784	267018	152650	0
2020/05/25	6793	6825	6768	6805	180381	150050	0
2020/05/26	6798	6820	6755	6768	211033	145266	0
2020/05/27	6770	6776	6724	6761	263012	148290	0
2020/05/28	6767	7027	6749	6969	583158	148737	0
2020/05/29	6965	6985	6901	6972	349898	139422	0
2020/06/01	6959	7039	6939	7020	233916	147139	0
2020/06/02	7002	7050	6969	6998	288788	159455	0
2020/06/03	7010	7081	7005	7055	294953	163205	0
2020/06/04	7057	7136	6989	7095	392352	172144	0
2020/06/05	7088	7101	7056	7082	207196	171867	0
2020/06/08	7085	7124	7024	7115	264319	174816	0
2020/06/09	7118	7173	7110	7171	353773	182005	0
2020/06/10	7145	7195	7135	7151	333514	185081	0
2020/06/11	7175	7227	7133	7227	377981	192584	0
2020/06/12	7208	7242	7154	7211	361101	191669	0
2020/06/15	7220	7358	7206	7286	467152	208427	0
2020/06/16	7301	7368	7272	7306	495359	208326	0
2020/06/17	7317	7350	7293	7350	428702	214193	0
2020/06/18	7341	7402	7331	7379	469400	223884	0
2020/06/19	7377	7454	7366	7440	476745	228546	0
2020/06/22	7445	7450	7375	7408	468914	224264	0
2020/06/23	7414	7449	7396	7413	380110	224188	0
2020/06/24	7416	7463	7344	7454	563356	228763	0
2020/06/29	7416	7438	7356	7367	345331	223824	0
2020/06/30	7380	7401	7335	7360	405284	220274	0
2020/07/01	7337	7426	7337	7405	247454	220681	0
2020/07/02	7393	7444	7387	7424	199968	220881	0
2020/07/03	7420	7480	7400	7459	256937	221844	0
2020/07/06	7456	7548	7430	7529	213707	226826	0
2020/07/07	7525	7566	7505	7536	209557	229409	0
2020/07/08	7540	7659	7524	7614	288502	236405	0
2020/07/09	7628	7695	7621	7664	232478	240081	0
2020/07/10	7659	7698	7605	7654	299360	239662	0
2020/07/13	7677	7842	7676	7765	395160	241682	0
2020/07/14	7750	7917	7746	7901	532275	254693	0
2020/07/15	7894	7945	7870	7914	400089	254992	0
2020/07/16	7920	7997	7860	7993	474034	264145	0
2020/07/17	7963	8312	7962	8276	960508	275272	0
2020/07/20	8275	8581	8256	8566	1053814	292306	0
2020/07/21	8562	8594	8455	8521	1159865	279873	0
2020/07/22	8533	8814	8401	8442	1642457	265395	0
2020/07/23	8470	8613	8334	8443	1559356	254356	0
2020/07/24	8454	8501	8249	8346	1334886	239609	0
2020/07/27	8365	8436	8270	8368	808849	235769	0
2020/07/28	8334	8562	8291	8338	1514700	226322	0
2020/07/29	8348	8440	8323	8398	932033	234035	0
2020/07/30	8407	8452	8325	8394	823940	239804	0
2020/07/31	8404	8524	8328	8464	795289	244103	0
2020/08/03	8472	8776	8472	8699	1030970	254069	0
2020/08/04	8697	8817	8670	8799	830105	259421	0
2020/08/05	8781	8826	8692	8746	831814	255228	0
2020/08/06	8745	8967	8728	8962	863621	266338	0
2020/08/07	8999	9082	8768	8855	1072824	236884	0
2020/08/10	8879	8879	8500	8563	1220137	231529	0
2020/08/11	8568	8693	8469	8596	947275	226545	0
2020/08/12	8556	8613	8468	8503	795819	225200	0
2020/08/13	8552	8701	8514	8617	746212	226903	0
2020/08/14	8615	8669	8549	8642	567751	222936	0
2020/08/17	8640	8813	8591	8749	691562	226181	0
2020/08/18	8737	8769	8650	8671	495298	227363	0
2020/08/19	8696	8763	8658	8739	523667	224975	0
2020/08/20	8740	8742	8556	8602	577089	213567	0
2020/08/21	8609	8663	8515	8615	531140	220477	0
2020/08/24	8582	8621	8536	8578	432557	223813	0
2020/08/25	8594	8607	8447	8451	510722	235995	0
2020/08/26	8452	8497	8337	8487	675877	237792	0
2020/08/27	8479	8513	8414	8452	504672	230900	0
2020/08/28	8466	8620	8429	8586	625083	220602	0
2020/08/31	8573	8660	8537	8637	486580	214510	0
2020/09/01	8639	8715	8592	8681	517468	219689	0
2020/09/02	8666	8690	8600	8676	393104	217695	0
2020/09/03	8664	8791	8629	8671	497901	217928	0
2020/09/04	8683	8689	8567	8652	551805	217478	0
2020/09/07	8648	8662	8554	8621	401396	216074	0
2020/09/08	8602	8716	8550	8669	530809	218401	0
2020/09/09	8612	8709	8545	8643	554931	215212	0
2020/09/10	8650	8668	8567	8610	485178	218005	0
2020/09/11	8600	8635	8495	8623	554854	224301	0
2020/09/14	8615	8808	8609	8766	626498	231768	0
2020/09/15	8757	8769	8704	8748	395750	226639	0
2020/09/16	8771	8819	8672	8742	648952	226170	0
2020/09/17	8747	8930	8731	8878	614047	242786	0
2020/09/18	8857	9133	8853	9063	885526	245417	0
2020/09/21	9050	9369	9027	9305	943043	267693	0
2020/09/22	9239	9276	9047	9159	1220085	264755	0
2020/09/23	9207	9303	8918	8945	1347620	234804	0
2020/09/24	8935	8965	8759	8842	952142	214853	0
2020/09/25	8796	8917	8780	8871	708705	217695	0
2020/09/28	8894	8960	8788	8821	685031	212756	0
2020/09/29	8851	8872	8772	8786	471771	198798	0
2020/09/30	8734	8749	8565	8696	576052	179888	0
2020/10/09	8848	8954	8812	8915	313503	180863	0
2020/10/12	8931	9086	8928	9060	436265	194190	0
2020/10/13	9041	9068	8945	9033	441259	199124	0
2020/10/14	9038	9041	8979	9025	372206	201808	0
2020/10/15	9019	9048	8938	8972	449953	200977	0
2020/10/16	8895	9127	8820	8959	726926	202298	0
2020/10/19	8975	8983	8763	8793	637835	203842	0
2020/10/20	8803	8886	8757	8877	451317	200744	0
2020/10/21	8860	8952	8835	8892	469057	197293	0
2020/10/22	8866	8984	8804	8981	576747	206547	0
2020/10/23	8961	9035	8904	8945	504259	206628	0
2020/11/02	9409	9473	9378	9405	295754	264630	0
数据来源:通达信
