RBL9 螺纹指数 日线 前复权
      日期	    开盘	    最高	    最低	    收盘	    成交量	    持仓量	    结算价
2015/09/01	1960	1971	1948	1964	4800488	3117886	0
2015/09/02	1961	1968	1951	1956	2726220	2982782	0
2015/09/07	1958	1958	1869	1922	4359068	3217782	0
2015/09/08	1922	1950	1919	1950	3832374	3149528	0
2015/09/09	1954	1981	1949	1951	8370982	3140300	0
2015/09/10	1952	1970	1943	1959	5042436	3178986	0
2015/09/11	1961	1971	1948	1948	5370112	3254686	0
2015/09/14	1946	1950	1931	1934	4364318	3318998	0
2015/09/15	1930	1939	1913	1915	3487922	3412610	0
2015/09/16	1918	1944	1917	1938	4224864	3294866	0
2015/09/17	1936	1953	1930	1931	4647378	3368958	0
2015/09/18	1933	1939	1924	1927	3374240	3384542	0
2015/09/21	1925	1930	1899	1909	4011002	3546532	0
2015/09/22	1910	1918	1889	1896	3306698	3674534	0
2015/09/23	1893	1908	1884	1906	3780438	3510512	0
2015/09/24	1907	1908	1891	1896	1924062	3522526	0
2015/09/25	1893	1911	1887	1893	3000308	3460912	0
2015/09/28	1900	1900	1858	1862	2468996	3620206	0
2015/09/29	1855	1860	1832	1836	3562970	3356724	0
2015/09/30	1842	1842	1820	1826	2667498	3381110	0
2015/10/08	1830	1856	1824	1833	2745014	3365902	0
2015/10/09	1831	1869	1830	1860	3845238	3317046	0
2015/10/12	1861	1874	1845	1855	4435444	3347116	0
2015/10/13	1852	1859	1829	1846	3384192	3462060	0
2015/10/14	1844	1849	1833	1837	2852464	3603608	0
2015/10/15	1836	1850	1833	1841	2386196	3608138	0
2015/10/16	1839	1842	1828	1836	2803138	3636366	0
2015/10/19	1835	1846	1809	1815	3646508	3893436	0
2015/10/20	1814	1823	1803	1809	2624902	3893850	0
2015/10/21	1809	1815	1794	1808	4839840	3995282	0
2015/10/22	1808	1821	1804	1806	3180370	3936342	0
2015/10/23	1805	1810	1783	1802	3351264	3863038	0
2015/10/26	1802	1805	1792	1797	3275262	3897258	0
2015/10/27	1796	1816	1794	1803	3466054	3938148	0
2015/10/28	1798	1805	1789	1794	2763488	3807588	0
2015/10/29	1791	1802	1788	1797	1860196	3749690	0
2015/10/30	1798	1800	1785	1788	1866306	3834824	0
2015/11/02	1785	1799	1785	1792	1535260	3691172	0
2015/11/03	1791	1792	1774	1778	2457782	3729234	0
2015/11/04	1778	1784	1775	1780	2000830	3802920	0
2015/11/05	1780	1788	1771	1777	2116574	3720668	0
2015/11/06	1776	1800	1776	1788	3308110	3743224	0
2015/11/09	1788	1799	1783	1796	2402458	3760394	0
2015/11/10	1799	1801	1785	1790	2148196	3691300	0
2015/11/11	1789	1789	1769	1771	2300854	3803600	0
2015/11/12	1771	1772	1759	1763	2798214	3976132	0
2015/11/13	1760	1768	1759	1760	2475824	3923942	0
2015/11/16	1758	1772	1754	1757	2573018	3834790	0
2015/11/17	1755	1761	1751	1754	1968784	3760726	0
2015/11/18	1754	1754	1731	1736	2623578	3906252	0
2015/11/19	1736	1737	1695	1707	5238040	3959708	0
2015/11/20	1707	1714	1696	1697	3122672	3989514	0
2015/11/23	1694	1696	1648	1659	5204792	3896314	0
2015/11/24	1659	1673	1651	1669	4004146	3868976	0
2015/11/25	1667	1719	1659	1674	7071174	4004706	0
2015/11/26	1668	1719	1664	1677	9194734	3964572	0
2015/11/27	1680	1681	1655	1656	4702192	4031044	0
2015/11/30	1646	1658	1621	1624	5434930	4039106	0
2015/12/01	1625	1638	1616	1629	4840716	4135242	0
2015/12/02	1624	1668	1624	1655	8256818	4148120	0
2015/12/03	1653	1661	1628	1631	4752634	4076542	0
2015/12/04	1632	1648	1624	1642	6177790	4053428	0
2015/12/07	1642	1667	1635	1662	5582088	4119008	0
2015/12/08	1661	1661	1639	1649	4398124	3842334	0
2015/12/09	1645	1660	1645	1651	3681676	3951356	0
2015/12/10	1651	1657	1638	1642	3228720	3911290	0
2015/12/11	1640	1656	1635	1652	3039640	3966734	0
2015/12/14	1651	1664	1643	1660	3758838	4002916	0
2015/12/15	1658	1682	1655	1656	5713176	3999710	0
2015/12/16	1658	1672	1655	1671	2275224	3927158	0
2015/12/17	1675	1695	1672	1679	6526894	4007654	0
2015/12/18	1680	1715	1679	1713	4891098	4102392	0
2015/12/21	1722	1759	1715	1752	10399356	4282446	0
2015/12/22	1754	1770	1724	1737	9030788	4398378	0
2015/12/23	1734	1736	1713	1723	6019212	4295114	0
2015/12/24	1725	1746	1722	1731	6532494	4163990	0
2015/12/25	1729	1743	1729	1742	3014512	4165288	0
2015/12/28	1742	1751	1726	1745	4776744	4104556	0
2015/12/29	1747	1793	1747	1784	8475212	4020628	0
2015/12/30	1786	1809	1774	1783	8411456	3880760	0
2015/12/31	1782	1805	1778	1786	6155724	3791154	0
2016/01/04	1820	1844	1775	1779	6925226	3586606	0
2016/01/05	1783	1790	1763	1790	6626502	3693912	0
2016/01/06	1787	1791	1771	1777	4815960	3628536	0
2016/01/07	1772	1787	1769	1775	4828270	3594500	0
2016/01/08	1772	1776	1749	1761	6883276	3407424	0
2016/01/11	1759	1772	1750	1759	5294772	3353664	0
2016/01/12	1761	1765	1739	1741	5562548	3425412	0
2016/01/13	1736	1752	1736	1741	3731666	3302586	0
2016/01/14	1744	1760	1733	1759	4264902	3359488	0
2016/01/15	1759	1787	1755	1778	6881670	3677178	0
2016/01/18	1775	1832	1770	1827	9576468	3919586	0
2016/01/19	1825	1842	1818	1840	7224298	3933018	0
2016/01/20	1838	1843	1814	1818	6561638	3819228	0
2016/01/21	1814	1824	1805	1808	5695978	3884926	0
2016/01/22	1812	1854	1807	1823	8039728	4224170	0
2016/01/25	1827	1853	1823	1839	7920790	4357980	0
2016/01/26	1838	1847	1831	1844	4501614	4341224	0
2016/01/27	1848	1868	1839	1861	7362814	4430642	0
2016/01/28	1859	1860	1812	1815	7611400	4084130	0
2016/01/29	1816	1828	1806	1814	6238132	3925820	0
2016/02/01	1819	1843	1817	1819	6039662	3685460	0
2016/02/02	1819	1824	1802	1815	4423772	3263444	0
2016/02/03	1820	1829	1808	1825	3381322	3064700	0
2016/02/04	1825	1854	1825	1850	3933780	2988640	0
2016/02/05	1851	1860	1827	1842	3043014	2846758	0
2016/02/15	1836	1879	1833	1871	3118778	3101820	0
2016/02/16	1873	1879	1860	1864	3124876	3231168	0
2016/02/17	1865	1875	1855	1860	3652396	3211774	0
2016/02/18	1863	1869	1855	1868	3313258	3301696	0
2016/02/19	1870	1892	1862	1889	5053202	3458636	0
2016/02/22	1888	1954	1885	1948	8199684	3750888	0
2016/02/23	1943	1951	1914	1920	6283048	3564150	0
2016/02/24	1919	1928	1907	1919	4483166	3570778	0
2016/02/25	1920	1947	1913	1916	5462608	3654434	0
2016/02/26	1922	1925	1887	1909	5342920	3571738	0
2016/02/29	1909	1953	1901	1952	7655070	3782018	0
2016/03/01	1957	1992	1946	1977	8117206	3842222	0
2016/03/02	1981	1998	1971	1986	7510134	3699206	0
2016/03/03	1984	1995	1962	1967	6208178	3602362	0
2016/03/04	1967	1993	1954	1990	7661262	3453314	0
2016/03/07	1996	2072	1989	2072	5830848	3417488	0
2016/03/08	2191	2192	2069	2192	11017932	3165764	0
2016/03/09	2113	2145	2019	2080	15584798	2696410	0
2016/03/10	2098	2179	2090	2106	19607526	3184752	0
2016/03/11	2088	2107	2038	2049	10263534	3131914	0
2016/03/14	2022	2097	2003	2005	12727290	3288170	0
2016/03/15	2004	2025	1983	1988	9290614	3287352	0
2016/03/16	1988	2027	1988	2026	7557082	3508612	0
2016/03/17	2031	2098	2025	2095	11883618	3613926	0
2016/03/18	2097	2164	2092	2128	16925558	3767514	0
2016/03/21	2124	2217	2101	2156	20060924	3987452	0
2016/03/22	2163	2191	2154	2170	12918680	3892916	0
2016/03/23	2168	2255	2153	2210	19652942	3892434	0
2016/03/24	2207	2224	2132	2146	22845992	3756714	0
2016/03/25	2149	2214	2148	2213	17824742	4004130	0
2016/03/28	2222	2250	2158	2163	19987262	4006784	0
2016/03/29	2177	2198	2153	2183	15375846	4070214	0
2016/03/30	2184	2187	2114	2134	17884902	4087014	0
2016/03/31	2138	2161	2124	2150	12460576	3830334	0
2016/04/01	2159	2204	2151	2203	12549210	3820934	0
2016/04/05	2183	2214	2162	2205	8749366	4088568	0
2016/04/06	2205	2218	2174	2193	10440978	4331782	0
2016/04/07	2190	2222	2184	2201	8889044	4455722	0
2016/04/08	2197	2211	2190	2207	8084382	4433672	0
2016/04/11	2216	2321	2215	2299	15194844	5068162	0
2016/04/12	2305	2345	2291	2344	13909384	5102980	0
2016/04/13	2353	2430	2331	2352	20616018	4845092	0
2016/04/14	2345	2376	2315	2322	12185656	4712756	0
2016/04/15	2318	2336	2294	2297	11376846	4360596	0
2016/04/18	2291	2413	2287	2387	12528848	4350798	0
2016/04/19	2404	2492	2400	2492	15295648	4070204	0
2016/04/20	2506	2590	2502	2590	16627534	3841566	0
2016/04/21	2631	2782	2608	2747	23972128	3295218	0
2016/04/22	2701	2721	2590	2615	23196250	3133232	0
2016/04/25	2615	2773	2583	2636	20773176	3251714	0
2016/04/26	2616	2643	2514	2548	14375246	3392588	0
2016/04/27	2544	2581	2445	2493	14698174	3347862	0
2016/04/28	2508	2539	2449	2530	12971136	3351782	0
2016/04/29	2540	2581	2526	2571	11422320	3141142	0
2016/05/03	2538	2538	2425	2442	6345050	3168130	0
2016/05/04	2425	2438	2357	2371	8514444	3408962	0
2016/05/05	2379	2393	2289	2298	9162622	3519912	0
2016/05/06	2309	2329	2271	2326	10180288	3593964	0
2016/05/09	2330	2341	2165	2165	9217184	3856924	0
2016/05/10	2108	2156	2077	2138	10744208	3545698	0
2016/05/11	2151	2166	2110	2139	10064236	3623184	0
2016/05/12	2145	2151	2068	2069	8801256	3955626	0
2016/05/13	2061	2073	1996	2024	10809188	4165182	0
2016/05/16	2016	2079	2014	2046	8674768	4106936	0
2016/05/17	2053	2109	2035	2105	8715854	3871200	0
2016/05/18	2098	2124	2029	2047	11069374	3652088	0
2016/05/19	2043	2065	2019	2036	9023394	3739300	0
2016/05/20	2027	2070	2011	2055	7810068	3793518	0
2016/05/23	2057	2060	1923	1942	8390766	3712496	0
2016/05/24	1939	1957	1912	1950	7130352	3734176	0
2016/05/25	1953	1965	1908	1912	7217104	3827222	0
2016/05/26	1913	1951	1903	1946	7744546	3825656	0
2016/05/27	1956	2038	1921	2024	11791430	3687708	0
2016/05/30	2026	2045	1895	1984	10744138	3634952	0
2016/05/31	1982	2020	1968	1973	7451628	3753298	0
2016/06/01	1970	1979	1935	1951	5692184	3782818	0
2016/06/02	1942	1976	1938	1951	5111864	3889496	0
2016/06/03	1953	1999	1951	1985	5420470	3831698	0
2016/06/06	1999	2074	1979	2054	7865010	3807234	0
2016/06/07	2056	2095	2050	2070	6752082	3572974	0
2016/06/08	2062	2106	2034	2089	7906386	3285944	0
2016/06/13	2083	2175	2082	2156	6714806	3378686	0
2016/06/14	2155	2169	2063	2064	8894048	3215450	0
2016/06/15	2060	2091	2045	2058	5795694	3219732	0
2016/06/16	2077	2109	2059	2065	6293712	3227168	0
2016/06/17	2057	2072	2023	2067	6257388	3128568	0
2016/06/20	2071	2090	2050	2055	5143904	3139140	0
2016/06/21	2048	2105	2047	2072	5942718	3253308	0
2016/06/22	2069	2131	2069	2131	7397230	3372226	0
2016/06/23	2134	2149	2120	2129	5846932	3428988	0
2016/06/24	2139	2156	2090	2116	6242356	3358892	0
2016/06/27	2122	2256	2116	2256	8219048	3526638	0
2016/06/28	2255	2273	2222	2252	6388268	3398012	0
2016/06/29	2253	2267	2217	2232	6375884	3317842	0
2016/06/30	2233	2332	2229	2324	8423280	3236720	0
2016/07/01	2328	2361	2297	2334	7661214	3033644	0
2016/07/04	2338	2446	2337	2408	10042278	2802732	0
2016/07/05	2407	2437	2298	2389	8275318	2658152	0
2016/07/06	2387	2414	2312	2361	8957486	2721108	0
2016/07/07	2345	2435	2333	2369	9269620	2841432	0
2016/07/08	2375	2426	2348	2423	9298798	3225260	0
2016/07/11	2451	2459	2346	2407	8296918	3123226	0
2016/07/12	2415	2535	2396	2529	8849898	3527088	0
2016/07/13	2523	2561	2488	2493	7800758	3447522	0
2016/07/14	2503	2516	2459	2502	6250768	3464468	0
2016/07/15	2500	2532	2461	2504	6745020	3437752	0
2016/07/18	2509	2509	2342	2342	7909408	3493986	0
2016/07/19	2338	2338	2247	2277	8421372	3261610	0
2016/07/20	2284	2315	2264	2289	6115250	3245918	0
2016/07/21	2285	2409	2260	2374	8405626	3213752	0
2016/07/22	2372	2378	2280	2291	7591802	3133454	0
2016/07/25	2297	2346	2262	2320	7990040	3098558	0
2016/07/26	2322	2352	2290	2352	6304660	3166336	0
2016/07/27	2354	2424	2342	2399	9130176	2979402	0
2016/07/28	2414	2480	2393	2461	8959234	3051654	0
2016/07/29	2458	2463	2380	2395	6608036	3014392	0
2016/08/01	2400	2496	2366	2474	7990558	2923464	0
2016/08/02	2463	2505	2456	2490	5650708	3036794	0
2016/08/03	2491	2496	2448	2470	5206402	3050606	0
2016/08/04	2465	2477	2387	2426	7331080	3138020	0
2016/08/05	2427	2522	2420	2511	6899784	3111622	0
2016/08/08	2508	2585	2488	2576	6696780	3311426	0
2016/08/09	2570	2593	2517	2555	6296684	3205890	0
2016/08/10	2546	2596	2527	2552	6569072	3244846	0
2016/08/11	2551	2565	2500	2555	6383082	3388868	0
2016/08/12	2547	2552	2520	2536	5286178	3311222	0
2016/08/15	2514	2531	2460	2519	6801482	3361608	0
2016/08/16	2523	2641	2510	2606	8093806	3555238	0
2016/08/17	2611	2629	2552	2552	7129682	3542794	0
2016/08/18	2554	2579	2529	2556	6790508	3585440	0
2016/08/19	2545	2570	2507	2561	7071086	3585488	0
2016/08/22	2561	2587	2543	2543	6446116	3641614	0
2016/08/23	2536	2599	2528	2584	6277640	3773532	0
2016/08/24	2588	2607	2568	2582	4493186	3700106	0
2016/08/25	2594	2611	2495	2565	8577856	3658996	0
2016/08/26	2563	2568	2503	2505	6006054	3568418	0
2016/08/29	2499	2504	2455	2481	6424618	3513672	0
2016/08/30	2490	2493	2425	2428	6528542	3700264	0
2016/08/31	2438	2453	2391	2393	5789640	3600024	0
2016/09/01	2386	2414	2363	2405	5616166	3588702	0
2016/09/02	2400	2463	2390	2408	7418624	3461978	0
2016/09/05	2422	2460	2416	2435	6347236	3505942	0
2016/09/06	2434	2456	2412	2427	5288284	3604054	0
2016/09/07	2422	2426	2332	2336	7874246	3883636	0
2016/09/08	2335	2358	2324	2339	5128154	3901270	0
2016/09/09	2337	2344	2303	2341	6095934	3860374	0
2016/09/12	2340	2353	2269	2275	6155012	3830974	0
2016/09/13	2276	2296	2246	2254	5258778	3903058	0
2016/09/14	2254	2274	2245	2249	4495442	3897716	0
2016/09/19	2247	2250	2197	2241	3397646	4037058	0
2016/09/20	2244	2285	2243	2265	5431354	3978802	0
2016/09/21	2264	2276	2245	2259	4715244	4003754	0
2016/09/22	2259	2333	2255	2284	7923498	3766392	0
2016/09/23	2293	2316	2284	2312	5121460	3646508	0
2016/09/26	2314	2354	2311	2318	5278000	3585000	2325
2016/09/27	2319	2323	2255	2275	5998402	3636738	0
2016/09/28	2267	2290	2258	2288	4485832	3617666	0
2016/09/29	2293	2335	2274	2277	5900276	3309958	0
2016/09/30	2281	2292	2253	2257	3903330	3176552	0
2016/10/10	2249	2278	2215	2274	3688568	3245694	0
2016/10/11	2280	2342	2278	2342	5872064	3397458	0
2016/10/12	2343	2361	2316	2360	5271412	3431810	0
2016/10/13	2361	2371	2336	2358	4798374	3354886	0
2016/10/14	2359	2424	2348	2401	5419868	3374050	0
2016/10/17	2398	2451	2394	2433	5289154	3324884	0
2016/10/18	2432	2443	2404	2440	4286316	3345988	0
2016/10/19	2451	2522	2422	2433	7695332	3280906	0
2016/10/20	2439	2491	2437	2482	5472596	3327466	0
2016/10/21	2487	2498	2428	2476	5054914	3292862	0
2016/10/24	2469	2492	2426	2484	5158552	3327068	0
2016/10/25	2499	2582	2488	2565	6813710	3333300	0
2016/10/26	2570	2594	2513	2533	6533794	3234402	0
2016/10/27	2538	2566	2489	2515	6102626	3095090	0
2016/10/28	2519	2591	2513	2589	5053164	3149288	0
2016/10/31	2594	2615	2557	2609	5710156	3083734	0
2016/11/01	2605	2643	2572	2618	6224150	3049956	0
2016/11/02	2626	2666	2598	2612	5938216	2970682	0
2016/11/03	2619	2686	2608	2684	5156788	3249526	0
2016/11/04	2693	2754	2688	2705	7330618	3105152	0
2016/11/07	2727	2877	2699	2872	7761362	3116134	0
2016/11/08	2879	2914	2772	2819	8103070	2833696	0
2016/11/09	2812	3014	2797	3005	8066542	2835734	0
2016/11/10	3005	3109	2942	2992	9575336	2690098	0
2016/11/11	3001	3150	2972	3131	6204008	2733956	0
2016/11/14	3150	3222	2913	2958	8213978	2324294	0
2016/11/15	2958	3011	2865	2865	3846122	2388540	0
2016/11/16	2815	2847	2728	2829	5238862	2334660	0
2016/11/17	2844	2847	2756	2829	4280148	2390290	0
2016/11/18	2840	2858	2766	2782	4097120	2441010	0
2016/11/21	2797	2799	2681	2725	4351424	2448720	0
2016/11/22	2742	2910	2723	2910	5372472	2384554	0
2016/11/23	2899	2984	2880	2973	5789810	2449258	0
2016/11/24	2944	3051	2909	2985	5549310	2225282	0
2016/11/25	2976	3199	2971	3199	5171014	2412368	0
2016/11/28	3199	3320	3139	3277	4942746	2310620	0
2016/11/29	3258	3298	3039	3041	5548600	2126892	0
2016/11/30	3048	3063	2976	2976	3005402	1879802	0
2016/12/01	2988	3198	2955	3169	6165070	2111658	0
2016/12/02	3194	3206	3005	3114	6073782	2076470	0
2016/12/05	3100	3218	3057	3191	5072276	2154816	0
2016/12/06	3196	3247	3168	3204	3930344	2177356	0
2016/12/07	3213	3411	3205	3368	5062374	2445814	0
2016/12/08	3370	3404	3278	3381	4351044	2463288	0
2016/12/09	3385	3398	3211	3332	5839804	2500354	0
2016/12/12	3348	3539	3293	3434	4411924	2472698	0
2016/12/13	3446	3495	3404	3495	3575172	2647114	0
2016/12/14	3478	3479	3325	3369	4650026	2601522	0
2016/12/15	3364	3432	3299	3406	4351552	2587274	0
2016/12/16	3372	3401	3287	3288	3596656	2584112	0
2016/12/19	3266	3302	3163	3167	3876008	2581278	0
2016/12/20	3160	3188	3114	3158	3709354	2414392	0
2016/12/21	3165	3199	3090	3166	3771616	2478566	0
2016/12/22	3162	3174	3024	3025	3567376	2593130	0
2016/12/23	3020	3065	2967	2984	3982478	2635590	0
2016/12/26	2981	3017	2847	2921	4901378	2736248	0
2016/12/27	2934	3003	2873	3003	3831612	2581478	0
2016/12/28	3001	3067	2964	2985	4341838	2623390	0
2016/12/29	2969	2991	2908	2949	4193104	2695280	0
2016/12/30	2937	2966	2864	2865	3173666	2669984	0
2017/01/03	2888	2984	2837	2849	2759754	2752450	0
2017/01/04	2856	2952	2826	2926	4242398	2774120	0
2017/01/05	2931	2993	2910	2938	3827970	2735304	0
2017/01/06	2934	2983	2896	2908	3814724	2750130	0
2017/01/09	2909	3043	2889	3042	3821620	2737000	0
2017/01/10	3035	3162	3023	3162	4176866	2830158	0
2017/01/11	3176	3195	3131	3176	3429964	2723654	0
2017/01/12	3163	3253	3152	3200	3788396	2946538	0
2017/01/13	3212	3240	3161	3187	3175230	2847550	0
2017/01/16	3179	3410	3166	3367	4376730	2942622	0
2017/01/17	3356	3392	3235	3278	3844492	2789950	0
2017/01/18	3277	3343	3238	3285	3631114	2770112	0
2017/01/19	3275	3300	3216	3252	3453300	2781082	0
2017/01/20	3253	3290	3189	3190	3412452	2761780	0
2017/01/23	3176	3199	3140	3175	2587394	2601002	0
2017/01/24	3172	3336	3171	3286	3278660	2737946	0
2017/01/25	3299	3313	3249	3292	2004932	2537652	0
2017/01/26	3286	3370	3284	3359	2120644	2537348	0
2017/02/03	3342	3348	3065	3110	2836464	2546998	0
2017/02/06	3106	3128	3061	3079	2859762	2777866	0
2017/02/07	3085	3169	3065	3158	3171606	2829322	0
2017/02/08	3153	3238	3124	3234	3633690	2950514	0
2017/02/09	3230	3265	3194	3198	2848510	2949588	0
2017/02/10	3189	3385	3174	3319	5161984	3223478	0
2017/02/13	3334	3439	3323	3426	3891142	3244640	0
2017/02/14	3431	3439	3370	3429	2969510	3217610	0
2017/02/15	3432	3434	3346	3379	4068444	3381946	0
2017/02/16	3366	3492	3348	3369	5803394	3355886	0
2017/02/17	3382	3468	3381	3453	4339074	3413766	0
2017/02/20	3480	3531	3441	3522	4870654	3843012	0
2017/02/21	3545	3603	3528	3550	3788974	3717076	0
2017/02/22	3547	3563	3484	3502	3825802	3603906	0
2017/02/23	3490	3542	3424	3460	4537554	3516582	0
2017/02/24	3486	3487	3356	3474	4799020	3571868	0
2017/02/27	3483	3616	3460	3582	5036436	3741440	0
2017/02/28	3577	3590	3438	3441	4654324	3603968	0
2017/03/01	3446	3541	3439	3509	4569544	3637802	0
2017/03/02	3510	3559	3493	3520	3715590	3626370	0
2017/03/03	3516	3525	3411	3525	5335752	3897090	0
2017/03/06	3532	3533	3408	3422	5407644	3793324	0
2017/03/07	3407	3464	3404	3448	4008636	3761852	0
2017/03/08	3449	3456	3367	3375	4998742	3996056	0
2017/03/09	3382	3393	3294	3338	4681726	3880562	0
2017/03/10	3334	3372	3326	3346	3829426	3850744	0
2017/03/13	3359	3534	3298	3534	6577106	3997646	0
2017/03/14	3538	3539	3478	3515	4060606	3821174	0
2017/03/15	3509	3623	3491	3574	6160434	3760330	0
2017/03/16	3576	3607	3506	3561	4340952	3730014	0
2017/03/17	3553	3553	3474	3496	4061350	3591334	0
2017/03/20	3491	3556	3461	3477	4623004	3588270	0
2017/03/21	3476	3484	3354	3354	4990672	3425282	0
2017/03/22	3341	3362	3235	3244	5215522	3567338	0
2017/03/23	3255	3289	3238	3240	4002740	3545626	0
2017/03/24	3230	3299	3209	3239	5411448	3584750	0
2017/03/27	3238	3243	3081	3136	5337278	3504710	0
2017/03/28	3145	3181	3102	3116	4571074	3484510	0
2017/03/29	3134	3222	3133	3217	5442506	3498752	0
2017/03/30	3211	3236	3174	3194	4195128	3464560	0
2017/03/31	3191	3266	3166	3203	6267940	3457060	0
2017/04/05	3210	3319	3210	3261	4827798	3341520	0
2017/04/06	3264	3282	3195	3199	5320786	3454382	0
2017/04/07	3176	3178	3022	3071	6678234	3546596	0
2017/04/10	3070	3090	3024	3034	4540552	3571252	0
2017/04/11	3011	3055	2993	3009	4831856	3579412	0
2017/04/12	3006	3016	2909	2914	5091282	3625686	0
2017/04/13	2911	2980	2900	2938	4648568	3521170	0
2017/04/14	2953	3015	2926	2960	5937984	3448246	0
2017/04/17	2971	3008	2905	2928	5505998	3389736	0
2017/04/18	2929	2941	2822	2831	5155384	3531248	0
2017/04/19	2831	2866	2821	2855	3872216	3413932	0
2017/04/20	2886	2896	2779	2891	6441950	3304910	0
2017/04/21	2898	2967	2870	2928	7124138	3226558	0
2017/04/24	2922	2942	2853	2925	5663046	3253026	0
2017/04/25	2925	2956	2896	2946	5414512	3399204	0
2017/04/26	2958	3027	2934	2964	6140280	3512984	0
2017/04/27	2971	3013	2955	3011	4983642	3599452	0
2017/04/28	3029	3105	3020	3105	6850076	3718240	0
2017/05/02	3105	3149	3098	3126	3487016	3798754	0
2017/05/03	3123	3142	3087	3121	5068298	4081532	0
2017/05/04	3109	3116	2895	2920	10357328	3792324	0
2017/05/05	2931	2942	2881	2917	7464138	3853846	0
2017/05/08	2952	3010	2916	2983	10177482	4083222	0
2017/05/09	2970	3010	2958	2992	6430438	4210168	0
2017/05/10	2986	3057	2981	3050	7638554	4290226	0
2017/05/11	3061	3081	2939	3035	10575476	4192266	0
2017/05/12	3038	3040	2917	2918	9695176	4447818	0
2017/05/15	2933	3005	2902	2966	7344038	4297966	0
2017/05/16	2971	2979	2934	2971	5909866	4316372	0
2017/05/17	2981	3091	2966	3083	8941992	4544322	0
2017/05/18	3082	3130	3052	3114	7923400	4791458	0
2017/05/19	3070	3219	3066	3214	9777084	4856886	0
2017/05/22	3221	3356	3216	3313	9693558	5015146	0
2017/05/23	3316	3328	3256	3265	6965964	4942008	0
2017/05/24	3260	3286	3162	3216	10160586	4881266	0
2017/05/25	3215	3267	3180	3187	9746292	4702842	0
2017/05/26	3191	3215	3139	3207	7758880	4604538	0
2017/05/31	3215	3241	3057	3062	7021822	4612704	0
2017/06/01	3066	3091	3023	3056	7720140	4788120	0
2017/06/02	3060	3071	2986	2990	9445108	4907328	0
2017/06/05	2983	3014	2901	2901	8464572	5091636	0
2017/06/06	2890	2939	2874	2926	7230936	4930200	0
2017/06/07	2920	2962	2904	2930	6534140	5064218	0
2017/06/08	2932	2988	2894	2936	9441882	4911862	0
2017/06/09	2935	2989	2923	2986	6645546	4933730	0
2017/06/12	2995	3018	2967	3000	6654956	4947290	0
2017/06/13	3000	3012	2908	2908	6165402	5174604	0
2017/06/14	2907	3049	2905	3047	8782672	4931816	0
2017/06/15	3042	3087	2988	3076	9314210	5013430	0
2017/06/16	3073	3120	3044	3057	8391782	4776582	0
2017/06/19	3066	3148	3060	3105	7663846	4776366	0
2017/06/20	3109	3115	3052	3073	6821140	4824690	0
2017/06/21	3054	3058	3002	3036	7324170	4788632	0
2017/06/22	3055	3088	3002	3002	8569162	4767424	0
2017/06/23	3011	3076	3009	3071	7126494	4745158	0
2017/06/26	3069	3112	3056	3111	6625894	4816578	0
2017/06/27	3113	3187	3098	3187	6954272	4976582	0
2017/06/28	3192	3256	3188	3244	6461936	5143630	0
2017/06/29	3249	3295	3219	3263	8935494	5181526	0
2017/06/30	3257	3317	3242	3310	7860962	5461184	0
2017/07/03	3308	3377	3298	3376	7731538	5633338	0
2017/07/04	3371	3408	3301	3319	8204606	5442482	0
2017/07/05	3336	3430	3333	3379	9277252	5420860	0
2017/07/06	3359	3382	3307	3376	8286148	5424506	0
2017/07/07	3376	3392	3316	3389	8411016	5475262	0
2017/07/10	3393	3436	3374	3403	7406620	5616192	0
2017/07/11	3402	3553	3393	3522	7799790	5726990	0
2017/07/12	3526	3573	3510	3532	6195484	5738264	0
2017/07/13	3538	3619	3518	3617	6957372	5928018	0
2017/07/14	3611	3612	3489	3509	9365502	5490042	0
2017/07/17	3506	3621	3502	3584	7683110	5529134	0
2017/07/18	3599	3607	3531	3543	7262308	5489280	0
2017/07/19	3548	3641	3540	3634	7054254	5492264	0
2017/07/20	3626	3627	3445	3452	9559276	5122440	0
2017/07/21	3466	3499	3425	3476	7483026	4966724	0
2017/07/24	3483	3512	3412	3469	6721782	5093298	0
2017/07/25	3475	3542	3442	3520	7394236	5025658	0
2017/07/26	3530	3595	3504	3527	7940798	4879106	0
2017/07/27	3518	3555	3465	3527	7872938	4956798	0
2017/07/28	3525	3558	3492	3514	7440784	4829842	0
2017/07/31	3527	3688	3518	3682	9179716	4785014	0
2017/08/01	3671	3702	3638	3644	5754696	4614910	0
2017/08/02	3627	3701	3620	3681	6826138	4794528	0
2017/08/03	3680	3750	3670	3739	8095824	5070698	0
2017/08/04	3749	3843	3734	3825	8102332	4946066	0
2017/08/07	3831	4053	3809	3994	11285470	4485214	0
2017/08/08	3995	4042	3913	3945	8759194	4331204	0
2017/08/09	3962	4028	3908	4026	9488136	4470386	0
2017/08/10	4009	4027	3943	3980	8871848	4382912	0
2017/08/11	3944	4005	3835	3880	10723684	4319564	0
2017/08/14	3873	3911	3818	3832	8162704	4575064	0
2017/08/15	3812	3835	3730	3779	5106350	4609556	0
2017/08/16	3781	3794	3720	3731	3967624	4524052	0
2017/08/17	3759	3875	3746	3827	6501764	4366562	0
2017/08/18	3813	3911	3797	3905	4191342	4231718	0
2017/08/21	3876	4000	3827	3970	5091882	4296232	0
2017/08/22	3975	4001	3900	3942	3985380	4195628	0
2017/08/23	3911	3912	3726	3790	6303850	4402282	0
2017/08/24	3806	3886	3760	3864	5141236	4139282	0
2017/08/25	3860	3979	3852	3934	4948042	3943746	0
2017/08/28	3932	3963	3817	3932	5321040	4053410	0
2017/08/29	3941	3950	3845	3884	5233580	4140374	0
2017/08/30	3897	3909	3813	3871	4762066	4045088	0
2017/08/31	3849	3927	3787	3926	5911616	4383120	0
2017/09/01	3927	4092	3904	4059	6502346	4618786	0
2017/09/04	4064	4173	4039	4058	5593944	4402032	0
2017/09/05	4059	4121	4053	4082	4188970	4401552	0
2017/09/06	4081	4131	3983	3986	5080624	4418232	0
2017/09/07	4003	4022	3936	3959	5327778	4285888	0
2017/09/08	3956	4033	3888	3917	5982172	4229236	0
2017/09/11	3865	3942	3837	3915	4683296	4100088	0
2017/09/12	3925	3962	3880	3958	5190128	4123024	0
2017/09/13	3962	3997	3900	3914	4909518	4142224	0
2017/09/14	3910	3938	3820	3832	6078170	4392862	0
2017/09/15	3833	3856	3778	3805	4492252	4193564	0
2017/09/18	3807	3820	3744	3803	4587298	4249064	0
2017/09/19	3802	3834	3738	3742	4002690	4192440	0
2017/09/20	3732	3787	3709	3758	4102800	4159386	0
2017/09/21	3768	3797	3650	3654	5226214	4443506	0
2017/09/22	3649	3653	3523	3550	4451920	4317050	0
2017/09/25	3569	3619	3527	3595	4114696	4218686	0
2017/09/26	3592	3640	3580	3605	3753114	4103522	0
2017/09/27	3606	3669	3599	3665	4001264	4057836	0
2017/09/28	3675	3708	3561	3593	5369714	4024332	0
2017/09/29	3599	3679	3513	3676	4164236	3631106	0
2017/10/09	3676	3771	3653	3680	3054670	3585180	0
2017/10/10	3667	3669	3533	3534	4671094	4060984	0
2017/10/11	3523	3593	3500	3501	4256264	4077482	0
2017/10/12	3513	3673	3482	3643	6140262	4279592	0
2017/10/13	3638	3791	3619	3787	5284754	4174890	0
2017/10/16	3780	3847	3748	3799	5089402	4065414	0
2017/10/17	3794	3804	3700	3722	5573286	4113828	0
2017/10/18	3720	3752	3670	3671	4193314	3964976	0
2017/10/19	3660	3665	3554	3590	5325396	4135506	0
2017/10/20	3594	3758	3579	3758	5361546	4084084	0
2017/10/23	3751	3752	3596	3693	6845002	4092784	0
2017/10/24	3694	3769	3668	3735	5131506	4010112	0
2017/10/25	3731	3801	3676	3701	5770484	4047342	0
2017/10/26	3676	3706	3634	3656	5652502	4006090	0
2017/10/27	3648	3671	3576	3585	5809990	4112304	0
2017/10/30	3587	3627	3570	3575	4014286	4010926	0
2017/10/31	3565	3667	3547	3634	5430938	4161614	0
2017/11/01	3628	3666	3568	3568	4729810	4048290	0
2017/11/02	3572	3689	3563	3660	6142570	4110084	0
2017/11/03	3652	3686	3610	3629	4660814	3970802	0
2017/11/06	3639	3759	3628	3748	5216604	4139948	0
2017/11/07	3745	3767	3705	3727	3688270	3985084	0
2017/11/08	3715	3750	3690	3730	4386190	4019500	0
2017/11/09	3741	3835	3733	3756	6877318	4079528	0
2017/11/10	3762	3812	3737	3807	5008162	4100382	0
2017/11/13	3834	3842	3769	3835	6391674	4150792	0
2017/11/14	3836	3872	3806	3856	4606798	4026114	0
2017/11/15	3859	3866	3739	3771	5661438	3811896	0
2017/11/16	3784	3786	3727	3750	4644556	3790836	0
2017/11/17	3748	3766	3701	3709	4506424	3795456	0
2017/11/20	3710	3762	3701	3756	4636990	3665232	0
2017/11/21	3759	3828	3737	3812	4705072	3643080	0
2017/11/22	3821	3861	3806	3853	4508072	3693208	0
2017/11/23	3859	3889	3844	3861	4640794	3746784	0
2017/11/24	3806	3864	3804	3859	4052590	3662062	0
2017/11/27	3864	3945	3845	3904	5287686	3793278	0
2017/11/28	3915	3947	3902	3938	4031556	3930142	0
2017/11/29	3943	4007	3908	3998	5506048	4263990	0
2017/11/30	4005	4089	3996	4030	6354680	4225770	0
2017/12/01	4037	4058	3972	4022	5150016	4130362	0
2017/12/04	4013	4135	3998	4104	5509764	4204636	0
2017/12/05	4102	4131	4057	4073	4464124	4114660	0
2017/12/06	4068	4077	3964	3974	5482786	4033308	0
2017/12/07	3980	3995	3799	3863	6543108	3772170	0
2017/12/08	3868	3948	3841	3934	5022206	3616402	0
2017/12/11	3934	3999	3911	3949	5837486	3592650	0
2017/12/12	3955	4015	3905	3923	5500154	3605320	0
2017/12/13	3917	3931	3858	3888	6203398	3686696	0
2017/12/14	3895	3903	3818	3830	5330232	3571054	0
2017/12/15	3825	3862	3813	3849	4182370	3405270	0
2017/12/18	3857	3933	3835	3892	6302206	3283394	0
2017/12/19	3884	3890	3801	3811	5239760	3365130	0
2017/12/20	3806	3845	3784	3815	4482736	3305160	0
2017/12/21	3823	3888	3805	3857	5636620	3067110	0
2017/12/22	3863	3950	3857	3939	5268926	3239874	0
2017/12/25	3934	3944	3786	3788	5453728	3063770	0
2017/12/26	3785	3826	3780	3815	4421398	3044956	0
2017/12/27	3810	3822	3779	3785	4326006	3090546	0
2017/12/28	3774	3793	3739	3756	4681156	3233446	0
2017/12/29	3752	3817	3747	3783	4637298	2918746	0
2018/01/02	3790	3870	3783	3858	3120332	2780146	0
2018/01/03	3845	3859	3789	3794	3669736	2801046	0
2018/01/04	3793	3826	3776	3805	3884800	2945666	0
2018/01/05	3798	3811	3748	3783	4085718	3131046	0
2018/01/08	3784	3802	3722	3800	4508508	3112408	0
2018/01/09	3801	3824	3793	3802	3298830	2947358	0
2018/01/10	3801	3850	3778	3831	4356886	3041206	0
2018/01/11	3843	3858	3807	3819	3773670	2960098	0
2018/01/12	3821	3830	3762	3774	3438062	3103744	0
2018/01/15	3767	3804	3734	3787	3305592	3213210	0
2018/01/16	3789	3826	3771	3773	3823740	3005840	0
2018/01/17	3771	3821	3771	3808	4427722	3105812	0
2018/01/18	3809	3846	3797	3838	3667912	3305468	0
2018/01/19	3854	3906	3834	3905	4527564	3541896	0
2018/01/22	3911	3951	3898	3907	3779104	3630648	0
2018/01/23	3904	3909	3858	3894	4388900	3394702	0
2018/01/24	3885	3930	3878	3920	2976870	3518752	0
2018/01/25	3926	3980	3900	3949	4048654	3589352	0
2018/01/26	3941	3957	3905	3928	3105440	3474148	0
2018/01/29	3924	3948	3914	3928	2603838	3449724	0
2018/01/30	3922	3928	3886	3903	2798222	3349526	0
2018/01/31	3931	3931	3874	3896	2877666	3264302	0
2018/02/01	3906	3947	3900	3908	3269248	3339604	0
2018/02/02	3902	3950	3901	3939	2813500	3337074	0
2018/02/05	3936	3948	3902	3945	2640530	3207932	0
2018/02/06	3945	3975	3911	3922	3270654	3143246	0
2018/02/07	3924	3943	3906	3916	2165274	3107562	0
2018/02/08	3913	3928	3896	3910	2381886	3117818	0
2018/02/09	3905	3925	3863	3875	2745860	3036886	0
2018/02/12	3869	3902	3864	3895	1667218	2901588	0
2018/02/13	3894	3913	3876	3899	1427472	2757420	0
2018/02/14	3901	3928	3894	3911	1191640	2659892	0
2018/02/22	3921	3929	3825	3848	2230058	2899826	0
2018/02/23	3751	3938	3751	3930	3882936	2997396	0
2018/02/26	3930	4022	3919	4006	3029000	3075544	0
2018/02/27	4007	4014	3960	4009	2589554	3022722	0
2018/02/28	3998	4009	3983	3995	2142100	3039194	0
2018/03/01	3993	4035	3987	4006	2890804	3106176	0
2018/03/02	3991	4003	3966	3999	2507244	3012464	0
2018/03/05	3991	4002	3926	3934	3069470	3116128	0
2018/03/06	3928	3964	3899	3946	3433238	3255264	0
2018/03/07	3956	3961	3872	3873	3843056	3389838	0
2018/03/08	3866	3875	3781	3782	4486050	3584146	0
2018/03/09	3775	3787	3653	3691	6182212	3549522	0
2018/03/12	3714	3728	3658	3684	4889674	3605040	0
2018/03/13	3693	3709	3657	3667	3459760	3734662	0
2018/03/14	3677	3718	3632	3699	4978944	3730560	0
2018/03/15	3713	3728	3689	3707	3954968	3667732	0
2018/03/16	3701	3704	3671	3676	3507482	3770116	0
2018/03/19	3668	3681	3580	3587	4930600	3938722	0
2018/03/20	3588	3598	3527	3571	4318954	3943440	0
2018/03/21	3574	3596	3535	3537	4206732	4042318	0
2018/03/22	3540	3574	3523	3539	4353644	4096688	0
2018/03/23	3510	3522	3290	3311	9349412	3889916	0
2018/03/26	3315	3327	3246	3267	6124712	4051092	0
2018/03/27	3259	3350	3259	3316	5489104	3943926	0
2018/03/28	3326	3357	3273	3302	6356388	3768798	0
2018/03/29	3304	3364	3288	3362	5565030	3769056	0
2018/03/30	3367	3457	3346	3456	6205094	3740800	0
2018/04/02	3460	3526	3408	3414	6560852	3628694	0
2018/04/03	3418	3464	3402	3415	6315706	3587064	0
2018/04/04	3423	3434	3367	3378	5344360	3564364	0
2018/04/09	3398	3458	3372	3453	4875606	3668600	0
2018/04/10	3456	3485	3436	3460	5072572	3684834	0
2018/04/11	3469	3501	3427	3435	5650220	3605366	0
2018/04/12	3436	3471	3410	3438	5459296	3565282	0
2018/04/13	3426	3499	3413	3482	5926792	3675658	0
2018/04/16	3483	3490	3389	3392	5408272	3559104	0
2018/04/17	3396	3461	3378	3412	6039308	3577556	0
2018/04/18	3445	3514	3439	3468	6688410	3489082	0
2018/04/19	3498	3544	3484	3532	6550856	3370932	0
2018/04/20	3522	3527	3458	3470	4905482	3363324	0
2018/04/23	3476	3566	3468	3555	5174662	3278976	0
2018/04/24	3543	3599	3539	3572	4255244	3281116	0
2018/04/25	3576	3598	3548	3579	4418578	3339014	0
2018/04/26	3586	3617	3542	3561	5006586	3323360	0
2018/04/27	3561	3600	3549	3588	4721268	3196320	0
2018/05/02	3569	3722	3569	3720	4287100	3533034	0
2018/05/03	3718	3726	3648	3665	4363036	3367004	0
2018/05/04	3660	3680	3635	3656	3834614	3311356	0
2018/05/07	3649	3682	3609	3650	4949742	3256072	0
2018/05/08	3643	3663	3626	3629	3262814	3277918	0
2018/05/09	3616	3616	3555	3563	4943096	3469956	0
2018/05/10	3569	3608	3568	3605	3933376	3396188	0
2018/05/11	3624	3674	3610	3663	4121578	3333514	0
2018/05/14	3673	3678	3646	3655	3262808	3264804	0
2018/05/15	3657	3703	3625	3669	5173780	3218624	0
2018/05/16	3666	3692	3629	3665	4423428	3146950	0
2018/05/17	3661	3675	3646	3666	2984684	3230200	0
2018/05/18	3677	3692	3607	3618	4334894	3361768	0
2018/05/21	3610	3637	3570	3576	3983360	3455634	0
2018/05/22	3577	3601	3546	3560	3673468	3486090	0
2018/05/23	3561	3565	3499	3518	3568916	3522018	0
2018/05/24	3521	3575	3508	3570	3394314	3504278	0
2018/05/25	3576	3601	3529	3550	3841538	3454958	0
2018/05/28	3537	3610	3527	3564	3911256	3476286	0
2018/05/29	3566	3633	3555	3618	4109342	3428344	0
2018/05/30	3629	3648	3597	3626	3643214	3417242	0
2018/05/31	3622	3677	3616	3676	3286706	3543180	0
2018/06/01	3680	3754	3672	3713	4912322	3616396	0
2018/06/04	3719	3746	3681	3698	3895934	3619144	0
2018/06/05	3685	3722	3658	3716	3729752	3605142	0
2018/06/06	3722	3761	3706	3755	4396530	3764536	0
2018/06/07	3765	3847	3760	3786	5405916	3787894	0
2018/06/08	3793	3806	3753	3785	3879234	3762124	0
2018/06/11	3772	3793	3734	3781	4048850	3777008	0
2018/06/12	3792	3835	3761	3833	4677802	3781300	0
2018/06/13	3823	3873	3812	3837	4343132	3853404	0
2018/06/14	3844	3881	3837	3875	3695444	4009996	0
2018/06/15	3874	3889	3836	3879	3504452	3872410	0
2018/06/19	3860	3860	3710	3744	4901930	3611140	0
2018/06/20	3733	3800	3721	3793	3816948	3800334	0
2018/06/21	3791	3818	3749	3750	4398462	3918068	0
2018/06/22	3742	3761	3717	3736	3800318	3878584	0
2018/06/25	3735	3758	3688	3697	4175850	4041348	0
2018/06/26	3686	3691	3634	3647	4252964	4208548	0
2018/06/27	3647	3684	3640	3642	3623836	4251790	0
2018/06/28	3656	3737	3656	3713	5164192	4121420	0
2018/06/29	3726	3784	3718	3776	3875158	4051520	0
2018/07/02	3771	3774	3703	3716	4624446	3902700	0
2018/07/03	3718	3735	3686	3715	3515698	3834336	0
2018/07/04	3725	3778	3718	3746	4463798	3907818	0
2018/07/05	3767	3770	3706	3746	5227994	3832942	0
2018/07/06	3749	3760	3692	3733	4597214	3733938	0
2018/07/09	3726	3786	3705	3785	4420466	3906888	0
2018/07/10	3795	3834	3794	3820	3939280	4115792	0
2018/07/11	3829	3860	3793	3839	4711172	4204130	0
2018/07/12	3853	3947	3845	3935	5154914	4428662	0
2018/07/13	3935	3958	3912	3921	4459356	4372162	0
2018/07/16	3908	3936	3898	3909	3683274	4218832	0
2018/07/17	3901	3906	3840	3887	4498312	3925082	0
2018/07/18	3880	3907	3871	3886	3311370	3958260	0
2018/07/19	3893	3960	3891	3906	4730954	4081966	0
2018/07/20	3902	3943	3902	3928	3507960	4136986	0
2018/07/23	3933	3970	3915	3961	3305038	4247180	0
2018/07/24	3976	3985	3924	3930	3685936	4011214	0
2018/07/25	3931	3980	3927	3973	3688970	4139968	0
2018/07/26	3967	3979	3946	3975	3503930	4218114	0
2018/07/27	3978	4074	3971	4073	4504832	4365446	0
2018/07/30	4076	4094	4051	4072	3208442	4220896	0
2018/07/31	4072	4121	4061	4107	3460018	4179814	0
2018/08/01	4103	4167	4058	4064	5551764	3937558	0
2018/08/02	4060	4082	4020	4071	5055142	3887216	0
2018/08/03	4075	4127	4072	4119	4478404	3848548	0
2018/08/06	4116	4168	4052	4163	5848124	3895402	0
2018/08/07	4159	4202	4150	4176	4738122	3926032	0
2018/08/08	4182	4203	4145	4164	4337438	3977062	0
2018/08/09	4150	4172	4110	4157	4348908	3871842	0
2018/08/10	4165	4193	4114	4114	4064192	3819030	0
2018/08/13	4115	4248	4104	4246	5120978	3980422	0
2018/08/14	4246	4271	4204	4222	3538674	3806522	0
2018/08/15	4226	4260	4224	4243	3080700	3816484	0
2018/08/16	4241	4253	4177	4227	4839318	3766822	0
2018/08/17	4244	4362	4222	4356	5714184	3843634	0
2018/08/20	4341	4441	4329	4428	5802790	3859412	0
2018/08/21	4421	4439	4353	4369	4405936	3810210	0
2018/08/22	4362	4439	4338	4367	5146934	3752470	0
2018/08/23	4365	4383	4299	4310	5657850	3685376	0
2018/08/24	4306	4367	4286	4358	4252254	3871142	0
2018/08/27	4356	4360	4234	4240	5464194	3499538	0
2018/08/28	4246	4285	4229	4268	3616222	3446250	0
2018/08/29	4280	4310	4197	4199	5974918	3487178	0
2018/08/30	4199	4209	4126	4151	5638228	3415614	0
2018/08/31	4147	4174	4083	4109	4884244	3390822	0
2018/09/03	4115	4142	4078	4111	4606774	3581550	0
2018/09/04	4112	4157	4096	4130	4073884	3636920	0
2018/09/05	4130	4140	4069	4106	5161814	3619186	0
2018/09/06	4123	4153	4106	4151	4460948	3724404	0
2018/09/07	4169	4246	4166	4183	5858436	3723382	0
2018/09/10	4188	4283	4184	4274	4136190	3840398	0
2018/09/11	4219	4230	4065	4070	6846120	3679964	0
2018/09/12	4097	4136	3996	4047	6815978	3644088	0
2018/09/13	4037	4078	4013	4072	4927370	3497582	0
2018/09/14	4072	4119	4044	4098	4316936	3523914	0
2018/09/17	4107	4158	4091	4109	4279520	3478662	0
2018/09/18	4108	4169	4102	4168	4579890	3588654	0
2018/09/19	4189	4204	4145	4151	4226718	3517710	0
2018/09/20	4163	4183	4124	4137	4122646	3486826	0
2018/09/21	4130	4171	4119	4158	3693408	3321938	0
2018/09/25	4148	4164	4063	4070	3043092	3384454	0
2018/09/26	4072	4085	4038	4067	3283174	3347500	0
2018/09/27	4073	4091	4000	4009	3444288	3169250	0
2018/09/28	3995	3995	3906	3933	4384562	2925720	0
2018/10/08	3930	3960	3892	3947	2946306	2989144	0
2018/10/09	3948	4010	3947	4002	4053770	3037626	0
2018/10/10	4008	4037	3966	4014	4268632	3031634	0
2018/10/11	4003	4031	3922	4014	5509802	3067270	0
2018/10/12	4033	4091	4001	4060	4479794	3119418	0
2018/10/15	4065	4113	4049	4097	4238836	3266276	0
2018/10/16	4106	4111	4051	4059	3615030	3296380	0
2018/10/17	4062	4130	4046	4129	4222576	3500984	0
2018/10/18	4137	4147	4031	4046	5324346	3452752	0
2018/10/19	4017	4061	3991	3992	4743886	3432194	0
2018/10/22	4004	4116	4003	4085	4502796	3455210	0
2018/10/23	4085	4106	4068	4076	3252206	3471640	0
2018/10/24	4063	4123	4050	4120	3642142	3609294	0
2018/10/25	4116	4132	4072	4117	4641536	3628106	0
2018/10/26	4118	4166	4111	4149	3997352	3682588	0
2018/10/29	4148	4168	4066	4070	4562360	3581832	0
2018/10/30	4084	4115	4068	4079	3211566	3538450	0
2018/10/31	4076	4084	4018	4028	4421808	3559650	0
2018/11/01	4044	4051	3938	3955	4676138	3544476	0
2018/11/02	3953	3973	3920	3958	4119200	3511800	0
2018/11/05	3955	3975	3904	3972	4352770	3620260	0
2018/11/06	3964	3967	3863	3869	5247040	3859034	0
2018/11/07	3858	3874	3805	3816	3830448	3869494	0
2018/11/08	3837	3864	3757	3856	6256700	3819664	0
2018/11/09	3853	3864	3790	3790	3849530	3829462	0
2018/11/12	3772	3788	3686	3714	5316472	3868196	0
2018/11/13	3714	3749	3701	3723	3334816	3795946	0
2018/11/14	3712	3791	3711	3789	4344606	3784536	0
2018/11/15	3793	3798	3714	3742	4306478	3774096	0
2018/11/16	3740	3792	3723	3734	4613008	3717806	0
2018/11/19	3726	3754	3682	3709	4875554	3640742	0
2018/11/20	3707	3730	3620	3624	4448604	3744510	0
2018/11/21	3603	3634	3504	3622	6533918	3450676	0
2018/11/22	3624	3629	3577	3595	4457722	3432118	0
2018/11/23	3593	3614	3485	3486	5318426	3482174	0
2018/11/26	3462	3502	3323	3375	7568764	3428468	0
2018/11/27	3375	3474	3359	3387	6095264	3402900	0
2018/11/28	3372	3468	3371	3431	5628194	3491360	0
2018/11/29	3437	3465	3386	3415	5031156	3541058	0
2018/11/30	3409	3434	3322	3358	5458308	3597566	0
2018/12/03	3348	3586	3316	3422	7322546	3334310	0
2018/12/04	3414	3474	3379	3457	6100872	3380304	0
2018/12/05	3472	3527	3436	3524	6582200	3244272	0
2018/12/06	3522	3522	3436	3437	5263390	3247344	0
2018/12/07	3417	3477	3396	3451	5970942	3207190	0
2018/12/10	3443	3449	3353	3360	5403998	3425048	0
2018/12/11	3356	3383	3332	3373	4017078	3386716	0
2018/12/12	3389	3417	3357	3357	4584512	3402472	0
2018/12/13	3366	3461	3365	3448	5903210	3257784	0
2018/12/14	3447	3476	3435	3469	4452292	3224998	0
2018/12/17	3473	3490	3439	3457	4236630	3092534	0
2018/12/18	3447	3463	3412	3452	3947744	3006804	0
2018/12/19	3444	3467	3429	3441	4100382	3014720	0
2018/12/20	3452	3498	3440	3488	4586728	3229580	0
2018/12/21	3503	3539	3478	3511	4605068	3145068	0
2018/12/24	3513	3515	3444	3453	3776082	3046562	0
2018/12/25	3438	3446	3362	3398	4578544	2905490	0
2018/12/26	3398	3424	3388	3403	3498102	2939838	0
2018/12/27	3411	3459	3384	3384	4447616	2963714	0
2018/12/28	3376	3404	3372	3384	3075356	2815770	0
2019/01/02	3379	3409	3351	3360	2259056	2858542	0
2019/01/03	3360	3430	3346	3430	3866064	2900836	0
2019/01/04	3430	3468	3407	3461	3470226	2905602	0
2019/01/07	3466	3501	3443	3495	3219504	2957556	0
2019/01/08	3490	3496	3459	3479	2872084	2873350	0
2019/01/09	3481	3524	3470	3483	3631606	2870756	0
2019/01/10	3482	3516	3480	3488	3329292	3014324	0
2019/01/11	3494	3513	3469	3512	3685634	3037790	0
2019/01/14	3506	3549	3499	3549	2782092	3120294	0
2019/01/15	3545	3547	3483	3493	3373722	3085832	0
2019/01/16	3489	3518	3486	3508	2796536	3106110	0
2019/01/17	3506	3537	3502	3524	2379400	3162552	0
2019/01/18	3527	3609	3513	3607	3833670	3301726	0
2019/01/21	3607	3643	3594	3618	3789780	3281946	0
2019/01/22	3618	3671	3603	3605	4252616	3237934	0
2019/01/23	3615	3629	3599	3610	2929776	3278746	0
2019/01/24	3620	3649	3606	3645	3393826	3401944	0
2019/01/25	3647	3703	3642	3674	3367350	3425204	0
2019/01/28	3671	3709	3642	3643	3562808	3322472	0
2019/01/29	3645	3656	3616	3634	2696076	3264294	0
2019/01/30	3637	3724	3626	3635	4801312	3189922	0
2019/01/31	3647	3675	3633	3663	2937506	3076396	0
2019/02/01	3659	3718	3659	3705	2757494	2958326	0
2019/02/11	3777	3854	3766	3770	3859630	3230168	0
2019/02/12	3762	3775	3719	3730	3393438	3255500	0
2019/02/13	3725	3743	3646	3653	4185960	3279910	0
2019/02/14	3660	3669	3622	3635	3596394	3465580	0
2019/02/15	3637	3646	3545	3550	4318436	3615758	0
2019/02/18	3568	3620	3565	3606	3912298	3500688	0
2019/02/19	3619	3644	3600	3607	3123912	3500910	0
2019/02/20	3603	3618	3534	3590	4356660	3623998	0
2019/02/21	3593	3641	3593	3624	4341500	3528026	0
2019/02/22	3621	3683	3616	3678	3660016	3517844	0
2019/02/25	3687	3712	3632	3633	4087450	3603620	0
2019/02/26	3627	3690	3623	3681	4412686	3538884	0
2019/02/27	3680	3692	3643	3660	3213368	3574966	0
2019/02/28	3671	3697	3650	3689	3815994	3597510	0
2019/03/01	3698	3752	3690	3750	3375750	3588576	0
2019/03/04	3749	3785	3728	3751	4349666	3596142	0
2019/03/05	3726	3745	3689	3724	4063282	3328016	0
2019/03/06	3729	3735	3672	3672	4148528	3437972	0
2019/03/07	3676	3760	3669	3747	4359960	3381186	0
2019/03/08	3745	3749	3685	3697	4142622	3267008	0
2019/03/11	3655	3669	3619	3631	4123256	3417730	0
2019/03/12	3645	3719	3642	3716	4086368	3405138	0
2019/03/13	3724	3740	3690	3694	3541816	3458960	0
2019/03/14	3681	3722	3663	3688	4401384	3552908	0
2019/03/15	3697	3699	3635	3654	4446990	3556306	0
2019/03/18	3650	3682	3638	3661	3972752	3479398	0
2019/03/19	3667	3703	3654	3668	3423658	3523752	0
2019/03/20	3677	3694	3640	3660	3927358	3427404	0
2019/03/21	3661	3706	3655	3658	4031920	3416914	0
2019/03/22	3643	3667	3637	3657	3546774	3451396	0
2019/03/25	3658	3662	3595	3595	3706246	3802690	0
2019/03/26	3604	3611	3564	3578	3059106	3794282	0
2019/03/27	3579	3591	3561	3566	2637682	3763110	0
2019/03/28	3564	3576	3526	3534	4263372	3739216	0
2019/03/29	3532	3600	3515	3584	4385954	3450194	0
2019/04/01	3577	3613	3568	3613	3104796	3451458	0
2019/04/02	3610	3673	3595	3659	3743666	3264728	0
2019/04/03	3655	3694	3645	3679	4237812	3212272	0
2019/04/04	3686	3697	3651	3679	3213026	3279848	0
2019/04/08	3718	3828	3698	3809	4608006	3244438	0
2019/04/09	3814	3866	3802	3826	4862504	3296870	0
2019/04/10	3829	3841	3803	3837	3529166	3301330	0
2019/04/11	3849	3869	3809	3866	3998086	3346040	0
2019/04/12	3875	3887	3797	3852	5933570	3231392	0
2019/04/15	3888	3895	3850	3883	4595604	3348172	0
2019/04/16	3880	3883	3830	3835	4046836	3169872	0
2019/04/17	3835	3854	3815	3844	3838000	3149468	0
2019/04/18	3834	3838	3748	3752	4683732	3086540	0
2019/04/19	3739	3781	3725	3775	3816918	3109052	0
2019/04/22	3783	3846	3774	3800	5580812	3026564	0
2019/04/23	3802	3821	3781	3783	3070700	3150442	0
2019/04/24	3775	3775	3742	3751	3733018	3148764	0
2019/04/25	3752	3795	3731	3731	3999520	3089626	0
2019/04/26	3739	3767	3729	3750	3759706	3070054	0
2019/04/29	3770	3780	3745	3778	3253142	3019964	0
2019/04/30	3791	3826	3784	3809	3716860	2757650	0
2019/05/06	3792	3792	3706	3735	3210944	2719768	0
2019/05/07	3741	3784	3732	3740	3668110	2721674	0
2019/05/08	3729	3736	3694	3702	3650890	2865708	0
2019/05/09	3692	3713	3676	3704	3674456	2802602	0
2019/05/10	3690	3716	3683	3708	3336040	2760106	0
2019/05/13	3706	3722	3656	3656	3621164	2894268	0
2019/05/14	3653	3665	3622	3628	3646580	3005708	0
2019/05/15	3627	3669	3613	3664	2868476	3035124	0
2019/05/16	3661	3695	3652	3686	3947344	3081812	0
2019/05/17	3697	3735	3690	3710	4189264	2993976	0
2019/05/20	3709	3730	3697	3716	3004102	3000770	0
2019/05/21	3733	3858	3725	3857	5405772	3264666	0
2019/05/22	3850	3886	3808	3844	4802344	3131066	0
2019/05/23	3835	3859	3811	3812	3398246	3043104	0
2019/05/24	3798	3821	3759	3818	4051250	3012606	0
2019/05/27	3835	3855	3766	3770	4743460	3072492	0
2019/05/28	3769	3800	3746	3772	3485526	3081118	0
2019/05/29	3764	3767	3726	3751	3372302	3167422	0
2019/05/30	3748	3762	3702	3705	3472914	3313616	0
2019/05/31	3703	3716	3671	3676	2947528	3449046	0
2019/06/03	3673	3689	3627	3633	3398486	3521484	0
2019/06/04	3645	3670	3618	3669	2766824	3575980	0
2019/06/05	3676	3681	3651	3671	2379188	3587432	0
2019/06/06	3664	3668	3599	3659	4330268	3585094	0
2019/06/10	3638	3654	3607	3638	2418134	3727534	0
2019/06/11	3638	3753	3634	3750	5428802	3586658	0
2019/06/12	3758	3761	3693	3695	3798482	3483902	0
2019/06/13	3685	3717	3666	3707	3792466	3496884	0
2019/06/14	3719	3724	3676	3677	3398686	3526038	0
2019/06/17	3667	3676	3623	3627	3323114	3761044	0
2019/06/18	3620	3660	3610	3655	2920638	3838918	0
2019/06/19	3663	3715	3646	3690	4269206	3688046	0
2019/06/20	3678	3751	3678	3743	4155884	3738396	0
2019/06/21	3738	3776	3715	3775	3919904	3776656	0
2019/06/24	3768	3879	3754	3819	5546800	3552524	0
2019/06/25	3836	3910	3830	3905	5082748	3659962	0
2019/06/26	3914	3920	3876	3908	3640950	3481142	0
2019/06/27	3913	4005	3902	3911	5713704	3406096	0
2019/06/28	3920	3977	3918	3972	3899736	3535772	0
2019/07/01	3978	4051	3968	4007	4652050	3530884	0
2019/07/02	4005	4020	3936	3962	4099876	3450434	0
2019/07/03	3962	4005	3912	3939	3908582	3488570	0
2019/07/04	3937	3986	3911	3937	4621342	3467334	0
2019/07/05	3935	3971	3889	3903	4347598	3513864	0
2019/07/08	3900	3937	3894	3903	3810530	3411216	0
2019/07/09	3909	3991	3906	3949	4144342	3431076	0
2019/07/10	3945	3960	3916	3931	2844634	3429044	0
2019/07/11	3922	3956	3889	3928	4215658	3490544	0
2019/07/12	3937	3937	3875	3883	3193192	3611566	0
2019/07/15	3874	3942	3842	3942	4252070	3591718	0
2019/07/16	3943	3975	3933	3949	3365822	3508316	0
2019/07/17	3941	3977	3926	3964	3357314	3547392	0
2019/07/18	3961	3963	3882	3883	3085532	3548170	0
2019/07/19	3877	3919	3858	3915	3293526	3499602	0
2019/07/22	3914	3915	3854	3866	4440328	3569008	0
2019/07/23	3865	3897	3845	3859	3036316	3601906	0
2019/07/24	3832	3838	3800	3817	3708490	3742782	0
2019/07/25	3815	3861	3805	3854	3459544	3761918	0
2019/07/26	3866	3884	3825	3835	3478548	3727248	0
2019/07/29	3831	3842	3784	3785	3149618	4008286	0
2019/07/30	3784	3826	3774	3790	3367044	4030818	0
2019/07/31	3784	3834	3780	3794	3498202	3999746	0
2019/08/01	3790	3811	3760	3760	3498294	4242698	0
2019/08/02	3750	3756	3648	3723	5126456	4072408	0
2019/08/05	3734	3734	3646	3659	4328768	4145196	0
2019/08/06	3663	3679	3621	3621	3603874	4303898	0
2019/08/07	3623	3652	3605	3621	4500982	4221926	0
2019/08/08	3629	3655	3573	3582	4377070	4509624	0
2019/08/09	3592	3601	3461	3504	5921624	4459106	0
2019/08/12	3491	3569	3464	3563	5615630	4339076	0
2019/08/13	3557	3582	3536	3553	4320136	4381006	0
2019/08/14	3564	3608	3536	3553	4825092	4369068	0
2019/08/15	3561	3598	3548	3579	4975008	4220318	0
2019/08/16	3575	3590	3559	3570	2941792	4256962	0
2019/08/19	3570	3598	3555	3584	3314054	4174166	0
2019/08/20	3593	3599	3540	3540	3063776	4247274	0
2019/08/21	3542	3542	3469	3512	4482908	4278298	0
2019/08/22	3502	3523	3457	3511	4368898	4427484	0
2019/08/23	3519	3539	3503	3521	3551782	4398140	0
2019/08/26	3511	3535	3438	3441	4297028	4386834	0
2019/08/27	3431	3444	3340	3340	4656036	4693410	0
2019/08/28	3337	3373	3301	3367	4443782	4617664	0
2019/08/29	3367	3384	3311	3317	4131924	4700850	0
2019/08/30	3340	3389	3329	3388	4328702	4498164	0
2019/09/02	3378	3445	3368	3441	4544164	4364484	0
2019/09/03	3440	3447	3419	3433	3048690	4265332	0
2019/09/04	3426	3469	3411	3450	3704646	4119504	0
2019/09/05	3455	3493	3446	3460	4294780	4141592	0
2019/09/06	3463	3468	3405	3407	3202882	3976146	0
2019/09/09	3428	3506	3412	3502	5759678	4051300	0
2019/09/10	3507	3508	3471	3483	2865966	3906144	0
2019/09/11	3478	3496	3462	3479	3244544	3888712	0
2019/09/12	3480	3540	3468	3540	3465590	3894990	0
2019/09/16	3551	3563	3524	3554	2481680	3903336	0
2019/09/17	3555	3563	3502	3522	3043290	3805888	0
2019/09/18	3512	3521	3478	3482	3255684	3745806	0
2019/09/19	3477	3480	3379	3385	4824992	3883670	0
2019/09/20	3381	3387	3357	3369	3226278	3895634	0
2019/09/23	3376	3483	3363	3482	5008504	3772514	0
2019/09/24	3491	3519	3444	3453	5380284	3841952	0
2019/09/25	3476	3485	3455	3471	3279380	3754488	0
2019/09/26	3476	3484	3408	3416	5187582	3641626	0
2019/09/27	3423	3423	3386	3403	2737986	3485680	0
2019/09/30	3405	3496	3403	3431	3528360	3221012	0
2019/10/08	3425	3425	3366	3371	2781410	3480764	0
2019/10/09	3377	3396	3357	3377	3656008	3727510	0
2019/10/10	3388	3394	3352	3379	3786022	3763124	0
2019/10/11	3372	3379	3340	3370	3598142	3848918	0
2019/10/14	3371	3401	3321	3322	3950892	4053370	0
2019/10/15	3328	3334	3288	3317	3787142	4171796	0
2019/10/16	3312	3326	3259	3267	4234746	4242434	0
2019/10/17	3271	3299	3256	3295	3617494	4284640	0
2019/10/18	3293	3296	3232	3280	4660674	4394056	0
2019/10/21	3281	3289	3248	3261	3319616	4399264	0
2019/10/22	3276	3292	3252	3286	3829894	4456582	0
2019/10/23	3291	3316	3268	3280	4190218	4455308	0
2019/10/24	3279	3295	3257	3286	4017390	4469822	0
2019/10/25	3288	3310	3271	3309	3405266	4401502	0
2019/10/28	3313	3329	3289	3293	3294138	4325794	0
2019/10/29	3300	3322	3283	3313	2914358	4302568	0
2019/10/30	3315	3336	3295	3334	3704600	4344244	0
2019/10/31	3336	3350	3320	3326	3250208	4295656	0
2019/11/01	3323	3339	3306	3338	2987620	4230474	0
2019/11/04	3334	3344	3320	3338	2979980	4303006	0
2019/11/05	3341	3385	3327	3384	3853364	4485972	0
2019/11/06	3380	3414	3378	3387	3808776	4426196	0
2019/11/07	3390	3403	3364	3366	3225782	4380706	0
2019/11/08	3371	3372	3352	3360	2772828	4339608	0
2019/11/11	3343	3343	3302	3322	4265286	4302490	0
2019/11/12	3329	3393	3312	3390	4449392	4425520	0
2019/11/13	3388	3400	3371	3383	2731262	4325890	0
2019/11/14	3388	3459	3380	3450	5179282	4519798	0
2019/11/15	3447	3487	3446	3477	4135754	4528452	0
2019/11/18	3478	3500	3459	3477	4265520	4527682	0
2019/11/19	3480	3543	3464	3540	6011362	4580846	0
2019/11/20	3540	3589	3533	3574	5236258	4583520	0
2019/11/21	3577	3580	3518	3524	5074752	4473190	0
2019/11/22	3526	3567	3523	3554	4199478	4528914	0
2019/11/25	3557	3608	3529	3588	5223984	4485962	0
2019/11/26	3570	3571	3501	3502	4947512	4299898	0
2019/11/27	3498	3514	3479	3491	3848990	4272870	0
2019/11/28	3485	3531	3471	3521	5363386	4212926	0
2019/11/29	3516	3549	3487	3518	5205734	4183570	0
2019/12/02	3507	3534	3478	3521	4729848	4162716	0
2019/12/03	3517	3532	3486	3487	3121802	4140496	0
2019/12/04	3475	3522	3465	3491	3941348	4108914	0
2019/12/05	3495	3523	3471	3473	3709210	4095706	0
2019/12/06	3462	3499	3461	3494	3445722	4109102	0
2019/12/09	3497	3577	3484	3554	5597476	4042648	0
2019/12/10	3555	3577	3543	3552	2998356	3983378	0
2019/12/11	3556	3593	3554	3587	3596142	3996482	0
2019/12/12	3584	3617	3557	3574	3927540	3974434	0
2019/12/13	3575	3591	3547	3564	3375916	3928548	0
2019/12/16	3562	3593	3512	3518	4877536	3923278	0
2019/12/17	3519	3527	3495	3516	2734862	3877508	0
2019/12/18	3517	3530	3501	3506	2235916	3792162	0
2019/12/19	3511	3548	3496	3540	3128520	3761994	0
2019/12/20	3536	3556	3521	3529	2745516	3655162	0
2019/12/23	3531	3565	3531	3554	2885092	3713826	0
2019/12/24	3556	3567	3519	3525	2764724	3734834	0
2019/12/25	3528	3535	3496	3497	2122610	3723286	0
2019/12/26	3497	3540	3482	3537	2795286	3734240	0
2019/12/27	3535	3558	3530	3545	2418308	3747320	0
2019/12/30	3546	3566	3536	3549	2159892	3713490	0
2019/12/31	3553	3570	3541	3561	2912860	3577880	0
2020/01/02	3573	3583	3529	3534	1087440	1745654	0
2020/01/03	3537	3552	3528	3528	842964	1688272	0
2020/01/06	3523	3549	3519	3541	1051174	1662205	0
2020/01/07	3543	3561	3539	3555	762582	1669052	0
2020/01/08	3556	3600	3555	3596	1130560	1679703	0
2020/01/09	3593	3600	3529	3533	1239023	1607068	0
2020/01/10	3534	3560	3534	3549	701770	1619900	0
2020/01/13	3542	3542	3506	3507	928590	1585850	0
2020/01/14	3507	3548	3495	3545	972947	1594106	0
2020/01/15	3542	3553	3513	3513	918526	1590232	0
2020/01/16	3518	3548	3516	3534	1034246	1632609	0
2020/01/17	3535	3578	3532	3566	989223	1712889	0
2020/01/20	3570	3587	3559	3574	722340	1714567	0
2020/01/21	3573	3573	3524	3537	965634	1652562	0
2020/01/22	3528	3531	3474	3522	1302468	1619667	0
2020/01/23	3511	3511	3458	3466	1009255	1649390	0
2020/02/03	3262	3278	3204	3208	1681559	1728737	0
2020/02/04	3201	3320	3190	3298	1850245	1799587	0
2020/02/05	3280	3311	3276	3288	1346316	1921598	0
2020/02/06	3289	3314	3267	3302	1497229	2026837	0
2020/02/07	3297	3340	3289	3330	1097230	2102235	0
2020/02/10	3310	3330	3293	3317	1185425	2133418	0
2020/02/11	3323	3474	3316	3394	2799220	2101688	0
2020/02/12	3406	3425	3385	3404	1379798	2108033	0
2020/02/13	3403	3422	3387	3400	1276724	2203717	0
2020/02/14	3396	3414	3377	3408	1234574	2252911	0
2020/02/17	3400	3452	3399	3444	1466306	2368054	0
2020/02/18	3436	3451	3403	3407	1489180	2365381	0
2020/02/19	3410	3412	3390	3405	1171625	2364279	0
2020/02/20	3404	3479	3404	3464	2315140	2365870	0
2020/02/21	3461	3489	3457	3480	1597317	2400620	0
2020/02/24	3490	3502	3450	3471	1803130	2343346	0
2020/02/25	3443	3493	3435	3490	1676912	2340114	0
2020/02/26	3468	3490	3446	3453	1586705	2390026	0
2020/02/27	3456	3460	3419	3430	1391496	2431250	0
2020/02/28	3411	3411	3338	3349	2524494	2449760	0
2020/03/02	3349	3452	3337	3433	2300850	2437532	0
2020/03/03	3440	3471	3431	3439	1531311	2481708	0
2020/03/04	3434	3490	3431	3489	1839465	2504902	0
2020/03/05	3481	3506	3471	3477	1449969	2528523	0
2020/03/06	3475	3477	3446	3452	1394947	2528039	0
2020/03/09	3402	3451	3368	3449	2397801	2509408	0
2020/03/10	3436	3495	3436	3481	1865330	2463760	0
2020/03/11	3487	3518	3485	3491	1941245	2456587	0
2020/03/12	3496	3515	3461	3502	2396039	2408634	0
2020/03/13	3486	3539	3446	3536	3023773	2334834	0
2020/03/16	3513	3549	3501	3513	1928742	2317649	0
2020/03/17	3518	3530	3493	3524	1705254	2237741	0
2020/03/18	3510	3551	3496	3508	2204529	2228132	0
2020/03/19	3517	3517	3286	3469	4616712	2137711	0
2020/03/20	3444	3500	3391	3404	2557684	2061018	0
2020/03/23	3403	3403	3296	3311	2508460	2124137	0
2020/03/24	3327	3382	3307	3369	2537716	2034987	0
2020/03/25	3359	3405	3359	3391	1916769	2033823	0
2020/03/26	3386	3400	3365	3369	1537297	2028963	0
2020/03/27	3376	3387	3351	3361	1477830	2041675	0
2020/03/30	3342	3343	3259	3274	2271732	2105363	0
2020/03/31	3284	3299	3251	3262	1455698	2107433	0
2020/04/01	3273	3273	3182	3194	2142040	2261182	0
2020/04/02	3178	3256	3124	3244	2877405	2135657	0
2020/04/03	3239	3263	3196	3206	1652910	2066129	0
2020/04/07	3224	3253	3204	3215	1644241	2079773	0
2020/04/08	3212	3266	3195	3251	1744951	2021510	0
2020/04/09	3262	3327	3260	3310	2063949	2015893	0
2020/04/10	3310	3375	3305	3374	1864105	1979577	0
2020/04/13	3398	3413	3357	3388	1897698	1997076	0
2020/04/14	3393	3424	3369	3383	1687519	1965270	0
2020/04/15	3379	3402	3357	3371	1627177	1963654	0
2020/04/16	3363	3404	3348	3382	1920817	1941130	0
2020/04/17	3391	3431	3366	3376	1837010	1903682	0
2020/04/20	3393	3400	3355	3356	1240019	1920802	0
2020/04/21	3348	3348	3299	3328	1693385	1900578	0
2020/04/22	3313	3364	3296	3364	1574262	1937879	0
2020/04/23	3360	3377	3315	3319	1638509	1897271	0
2020/04/24	3318	3337	3309	3330	1212256	1870635	0
2020/04/27	3332	3344	3298	3303	1294719	1850195	0
2020/04/28	3299	3317	3262	3277	1791333	1864154	0
2020/04/29	3278	3298	3271	3285	1067822	1868872	0
2020/04/30	3292	3347	3292	3345	1461830	1786134	0
2020/05/06	3358	3383	3351	3370	1174175	1760041	0
2020/05/07	3382	3420	3372	3417	1503248	1876223	0
2020/05/08	3418	3457	3418	3428	1524356	1854714	0
2020/05/11	3431	3450	3409	3427	1360645	1841072	0
2020/05/12	3425	3443	3416	3440	1086470	1865807	0
2020/05/13	3458	3471	3411	3440	1732092	1856770	0
2020/05/14	3434	3449	3420	3422	1474449	1877532	0
2020/05/15	3419	3451	3405	3441	1558713	1867834	0
2020/05/18	3442	3516	3432	3500	2083050	1784966	0
2020/05/19	3504	3553	3501	3532	1737067	1794818	0
2020/05/20	3512	3520	3500	3503	1208461	1780898	0
2020/05/21	3506	3542	3504	3539	1335433	1750871	0
2020/05/22	3539	3565	3476	3478	2142582	1686200	0
2020/05/25	3488	3506	3457	3467	1542129	1675449	0
2020/05/26	3471	3485	3453	3456	1331848	1663256	0
2020/05/27	3449	3472	3432	3457	1478674	1653336	0
2020/05/28	3465	3472	3435	3459	1448221	1622447	0
2020/05/29	3463	3539	3461	3539	1743329	1682688	0
2020/06/01	3534	3567	3518	3536	1952197	1610747	0
2020/06/02	3533	3609	3528	3596	1779945	1763646	0
2020/06/03	3602	3624	3584	3597	1751046	1733475	0
2020/06/04	3602	3642	3568	3568	2066079	1715665	0
2020/06/05	3567	3577	3554	3565	1215049	1669666	0
2020/06/08	3576	3622	3547	3577	1916138	1654784	0
2020/06/09	3575	3588	3551	3580	1375714	1681611	0
2020/06/10	3572	3585	3543	3550	1337358	1755892	0
2020/06/11	3547	3581	3536	3557	1554221	1708364	0
2020/06/12	3552	3589	3523	3587	1750870	1750944	0
2020/06/15	3588	3596	3529	3533	1640265	1757005	0
2020/06/16	3542	3565	3540	3559	1006003	1739514	0
2020/06/17	3558	3580	3535	3547	1387465	1773586	0
2020/06/18	3549	3581	3546	3576	1739924	1786073	0
2020/06/19	3575	3612	3571	3608	1464835	1842500	0
2020/06/22	3606	3621	3580	3585	1486082	1851753	0
2020/06/23	3582	3587	3571	3573	931242	1822011	0
2020/06/24	3577	3585	3572	3578	795031	1756558	0
2020/06/29	3570	3570	3512	3513	1387333	1822123	0
2020/06/30	3520	3543	3517	3524	1065220	1831375	0
2020/07/01	3524	3533	3501	3524	1197237	1854532	0
2020/07/02	3525	3537	3518	3529	914419	1913902	0
2020/07/03	3533	3574	3532	3573	1363420	1926534	0
2020/07/06	3579	3582	3557	3571	1072338	1912882	0
2020/07/07	3574	3605	3571	3587	1091763	1923927	0
2020/07/08	3590	3653	3588	3651	1571840	1989858	0
2020/07/09	3656	3690	3653	3673	1359461	1973318	0
2020/07/10	3667	3670	3629	3637	1386321	1945844	0
2020/07/13	3650	3714	3650	3686	1611992	1942892	0
2020/07/14	3687	3701	3664	3691	1152887	1955919	0
2020/07/15	3695	3708	3669	3692	1012942	1978285	0
2020/07/16	3678	3688	3640	3650	1463205	1988652	0
2020/07/17	3654	3675	3634	3668	1065170	1965266	0
2020/07/20	3670	3689	3640	3644	1206126	1994176	0
2020/07/21	3649	3703	3645	3702	1235565	2019696	0
2020/07/22	3708	3755	3707	3723	1399415	2063677	0
2020/07/23	3715	3745	3709	3743	1018070	2075978	0
2020/07/24	3741	3743	3667	3681	1690069	2072848	0
2020/07/27	3690	3717	3650	3657	1261857	2039471	0
2020/07/28	3661	3700	3649	3658	1167502	2044291	0
2020/07/29	3655	3706	3647	3696	1030939	2066937	0
2020/07/30	3697	3715	3683	3697	1009819	2056203	0
2020/07/31	3701	3711	3655	3708	1413941	2045964	0
2020/08/03	3699	3772	3696	3766	1378256	2068714	0
2020/08/04	3773	3783	3756	3765	913005	2075525	0
2020/08/05	3749	3771	3737	3755	1026703	2048999	0
2020/08/06	3764	3810	3762	3787	1492445	2066154	0
2020/08/07	3788	3800	3748	3770	1308344	2024815	0
2020/08/10	3769	3778	3747	3762	1017550	2029942	0
2020/08/11	3775	3793	3739	3742	1253360	1990803	0
2020/08/12	3749	3755	3727	3753	1048071	2008746	0
2020/08/13	3758	3759	3717	3740	1179964	1985428	0
2020/08/14	3738	3749	3722	3745	961533	1972694	0
2020/08/17	3738	3782	3738	3776	1131450	2000722	0
2020/08/18	3782	3800	3776	3799	972333	1992593	0
2020/08/19	3786	3812	3770	3770	1376365	1943694	0
2020/08/20	3760	3768	3730	3738	1504562	1901823	0
2020/08/21	3745	3765	3733	3743	1041539	1883407	0
2020/08/24	3739	3762	3736	3742	856819	1870340	0
2020/08/25	3753	3778	3717	3719	1500771	1912921	0
2020/08/26	3725	3739	3706	3730	1287797	1887322	0
2020/08/27	3734	3749	3711	3722	1117806	1889762	0
2020/08/28	3717	3735	3703	3735	1008792	1860271	0
2020/08/31	3735	3785	3726	3775	1365143	1867674	0
2020/09/01	3774	3780	3765	3770	648028	1861706	0
2020/09/02	3776	3777	3752	3775	1010241	1846033	0
2020/09/03	3775	3809	3773	3785	1310045	1871876	0
2020/09/04	3789	3794	3731	3752	1237303	1805590	0
2020/09/07	3761	3767	3725	3734	1250526	1793237	0
2020/09/08	3742	3756	3718	3719	926766	1797734	0
2020/09/09	3705	3727	3654	3660	1631727	1787679	0
2020/09/10	3678	3684	3633	3642	1250722	1811875	0
2020/09/11	3640	3670	3626	3666	1019988	1804993	0
2020/09/14	3668	3679	3644	3664	996697	1795600	0
2020/09/15	3666	3683	3593	3593	1478497	1893662	0
2020/09/16	3604	3612	3563	3576	1490684	1886887	0
2020/09/17	3579	3592	3564	3570	1218806	1840791	0
2020/09/18	3578	3608	3564	3593	1160559	1803416	0
2020/09/21	3590	3595	3517	3531	1396715	1852849	0
2020/09/22	3531	3542	3496	3527	1160669	1803712	0
2020/09/23	3528	3549	3492	3531	1234579	1807576	0
2020/09/24	3537	3549	3517	3539	1062493	1783308	0
2020/09/25	3537	3544	3511	3512	1112418	1779430	0
2020/09/28	3514	3538	3496	3527	1318932	1754935	0
2020/09/29	3525	3526	3491	3521	1213386	1719455	0
2020/09/30	3515	3554	3513	3543	1275710	1604887	0
2020/10/09	3594	3623	3562	3616	950008	1571937	0
2020/10/12	3617	3637	3612	3620	831538	1596625	0
2020/10/13	3622	3624	3597	3606	914904	1609323	0
2020/10/14	3607	3618	3585	3596	861347	1631081	0
2020/10/15	3599	3602	3555	3578	1168630	1696472	0
2020/10/16	3576	3597	3560	3589	1121854	1722534	0
2020/10/19	3589	3617	3552	3569	1581559	1781081	0
2020/10/20	3573	3582	3565	3570	704672	1768520	0
2020/10/21	3573	3603	3568	3602	898686	1793525	0
2020/10/22	3600	3620	3587	3595	1016512	1761343	0
2020/10/23	3599	3629	3573	3574	1295918	1784084	0
数据来源:通达信
