601225 陕西煤业 日线 前复权
      日期	    开盘	    最高	    最低	    收盘	    成交量	    成交额
2014/01/28	3.43	4.39	3.04	3.18	88848716	417204000.00
2014/01/29	3.13	3.39	2.74	2.84	250482249	1107683712.00
2014/01/30	2.74	2.79	2.66	2.66	100238181	409493472.00
2014/02/07	2.65	2.74	2.65	2.73	74433830	302122432.00
2014/02/10	2.76	2.97	2.69	2.88	127198149	531764320.00
2014/02/11	2.83	3.03	2.78	2.92	134451618	572744128.00
2014/02/12	2.89	3.11	2.86	3.04	140941432	614542400.00
2014/02/13	3.00	3.05	2.87	2.89	86168513	374210976.00
2014/02/14	2.88	3.01	2.86	2.97	61300319	264326880.00
2014/02/17	3.01	3.40	3.01	3.31	156329185	715404608.00
2014/02/18	3.32	3.77	3.26	3.58	182151767	889764544.00
2014/02/19	3.48	3.54	3.27	3.41	104066597	495699744.00
2014/02/20	3.39	3.59	3.34	3.38	88475824	427401696.00
2014/02/21	3.32	3.33	3.06	3.11	87199849	396952896.00
2014/02/24	3.09	3.16	3.04	3.09	37636431	167900416.00
2014/02/25	3.10	3.13	2.80	2.86	65488584	283541024.00
2014/02/26	2.81	2.92	2.76	2.92	37239488	156975632.00
2014/02/27	2.88	2.92	2.80	2.81	35592454	150487744.00
2014/02/28	2.78	2.98	2.76	2.97	48060404	203784368.00
2014/03/03	2.92	3.09	2.89	3.04	54472750	238533408.00
2014/03/04	2.98	3.20	2.89	3.03	67211026	296462464.00
2014/03/05	2.97	3.17	2.90	3.00	67279480	295249792.00
2014/03/06	2.93	3.05	2.89	3.00	46820153	202974592.00
2014/03/07	2.99	3.02	2.87	2.89	38894195	167468640.00
2014/03/10	2.84	2.84	2.73	2.76	33688000	140020384.00
2014/03/11	2.74	2.86	2.74	2.80	26083446	108699608.00
2014/03/12	2.78	2.87	2.75	2.82	29827663	124505808.00
2014/03/13	2.82	2.98	2.78	2.89	50827907	216707024.00
2014/03/14	2.82	2.85	2.74	2.78	35508114	148100688.00
2014/03/17	2.79	2.87	2.76	2.81	24189624	101126688.00
2014/03/18	2.82	2.84	2.78	2.81	21744165	90754408.00
2014/03/19	2.79	2.82	2.76	2.82	23726898	98559448.00
2014/03/20	2.80	2.82	2.72	2.73	22767896	94399664.00
2014/03/21	2.72	2.95	2.70	2.90	65972131	278296032.00
2014/03/24	2.88	2.91	2.82	2.88	45843670	194258080.00
2014/03/25	2.86	2.90	2.83	2.85	24522889	103717408.00
2014/03/26	2.87	2.88	2.80	2.81	20618750	86623352.00
2014/03/27	2.80	2.81	2.75	2.76	26053960	107851072.00
2014/03/28	2.75	2.78	2.72	2.74	19354149	79753352.00
2014/03/31	2.74	2.76	2.71	2.73	13060195	53549476.00
2014/04/01	2.72	2.79	2.71	2.78	14091234	58126008.00
2014/04/02	2.78	2.81	2.76	2.78	16540218	68682424.00
2014/04/03	2.79	2.80	2.73	2.74	16383513	67546088.00
2014/04/04	2.73	2.75	2.71	2.75	12135786	49808704.00
2014/04/08	2.73	2.87	2.72	2.84	45996770	192794256.00
2014/04/09	2.82	2.83	2.79	2.81	23358372	97599336.00
2014/04/10	2.81	2.88	2.78	2.87	40121606	168717920.00
2014/04/11	2.84	2.86	2.77	2.80	27558610	115218768.00
2014/04/14	2.77	2.80	2.76	2.80	16468499	68304120.00
2014/04/15	2.79	2.79	2.73	2.74	18024363	74341296.00
2014/04/16	2.73	2.76	2.73	2.75	9158370	37708580.00
2014/04/17	2.75	2.76	2.73	2.74	8654605	35584660.00
2014/04/18	2.73	2.76	2.72	2.74	9609543	39505320.00
2014/04/21	2.73	2.76	2.72	2.72	12484137	51248732.00
2014/04/22	2.73	2.74	2.68	2.71	13841393	56384804.00
2014/04/23	2.71	2.74	2.70	2.72	9563661	39120264.00
2014/04/24	2.71	2.73	2.69	2.69	10036984	40884936.00
2014/04/25	2.68	2.70	2.65	2.67	15373351	62194216.00
2014/04/28	2.65	2.66	2.64	2.65	18518476	74420592.00
2014/04/29	2.66	2.70	2.65	2.70	11118742	45097528.00
2014/04/30	2.70	2.70	2.65	2.66	9331912	37685380.00
2014/05/05	2.66	2.69	2.64	2.69	9846147	39685556.00
2014/05/06	2.68	2.71	2.67	2.68	11960410	48515068.00
2014/05/07	2.66	2.67	2.64	2.66	12354664	49707428.00
2014/05/08	2.65	2.80	2.64	2.71	32891410	134573088.00
2014/05/09	2.69	2.73	2.65	2.70	20398601	82702336.00
2014/05/12	2.71	3.11	2.67	3.11	94982264	416487168.00
2014/05/13	3.56	3.56	3.19	3.20	250647363	1207441792.00
2014/05/14	3.23	3.30	3.04	3.04	143863718	653411392.00
2014/05/15	2.98	3.01	2.82	2.87	111755412	477000032.00
2014/05/16	2.86	2.91	2.79	2.88	68840287	290525952.00
2014/05/19	2.83	2.83	2.76	2.80	43932659	182793136.00
2014/05/20	2.83	2.93	2.77	2.77	54050362	227500048.00
2014/05/21	2.76	2.92	2.72	2.85	77765593	327918496.00
2014/05/22	2.81	2.83	2.74	2.75	52615371	218891296.00
2014/05/23	2.75	2.78	2.73	2.77	24129631	99420344.00
2014/05/26	2.78	2.79	2.76	2.78	21211067	87943320.00
2014/05/27	2.77	2.78	2.74	2.76	18815263	77627936.00
2014/05/28	2.74	2.81	2.74	2.78	26339081	109237600.00
2014/05/29	2.76	2.78	2.72	2.73	26424256	108774168.00
2014/05/30	2.73	2.77	2.72	2.75	22560471	92911064.00
2014/06/03	2.74	2.79	2.74	2.75	18039806	74595048.00
2014/06/04	2.75	2.77	2.71	2.72	18748436	76984816.00
2014/06/05	2.72	2.75	2.72	2.74	10923416	44809904.00
2014/06/06	2.75	2.76	2.71	2.71	15541894	63727080.00
2014/06/09	2.71	2.72	2.68	2.69	14674511	59717180.00
2014/06/10	2.69	2.73	2.69	2.72	15327450	62493772.00
2014/06/11	2.71	2.72	2.70	2.71	12332277	50328036.00
2014/06/12	2.70	2.73	2.69	2.71	12724093	51897064.00
2014/06/13	2.71	2.76	2.70	2.74	24437193	100194232.00
2014/06/16	2.74	2.77	2.72	2.76	23074683	95056592.00
2014/06/17	2.75	2.75	2.70	2.71	14739349	60261592.00
2014/06/18	2.71	2.76	2.68	2.73	19282901	78725688.00
2014/06/19	2.71	2.72	2.64	2.66	21773987	88013920.00
2014/06/20	2.66	2.68	2.65	2.68	11444445	46169072.00
2014/06/23	2.67	2.74	2.66	2.70	18497607	75353208.00
2014/06/24	2.70	2.73	2.68	2.71	13126273	53496668.00
2014/06/25	2.70	2.85	2.68	2.75	41873888	173260896.00
2014/06/26	2.73	2.84	2.72	2.81	55123350	229856976.00
2014/06/27	2.79	2.88	2.77	2.81	38642842	161621696.00
2014/06/30	2.81	2.82	2.75	2.76	26251290	108690720.00
2014/07/01	2.76	2.81	2.74	2.77	19084661	78928608.00
2014/07/02	2.77	2.84	2.72	2.82	44008876	183014800.00
2014/07/03	2.79	2.82	2.77	2.78	25392296	105649256.00
2014/07/04	2.79	2.82	2.76	2.81	21092854	87799392.00
2014/07/07	2.81	2.85	2.78	2.83	22187446	92804544.00
2014/07/08	2.83	2.84	2.78	2.81	13661821	56985252.00
2014/07/09	2.81	2.87	2.78	2.79	29075045	121993712.00
2014/07/10	2.78	2.87	2.78	2.82	25149588	105345704.00
2014/07/11	2.82	2.85	2.80	2.82	21079616	85826024.00
2014/07/14	2.81	2.86	2.80	2.86	19888545	81141400.00
2014/07/15	2.86	2.94	2.83	2.93	42792014	177387136.00
2014/07/16	2.92	2.97	2.90	2.92	27240544	113648736.00
2014/07/17	2.92	2.92	2.84	2.86	22494015	92586136.00
2014/07/18	2.84	2.90	2.84	2.87	16193113	66608948.00
2014/07/21	2.86	2.86	2.82	2.82	12177616	49728856.00
2014/07/22	2.82	2.93	2.81	2.89	34383620	142295296.00
2014/07/23	2.87	2.95	2.87	2.90	30735555	127834328.00
2014/07/24	2.90	3.22	2.88	3.04	84858694	365523136.00
2014/07/25	3.03	3.14	2.98	3.10	58308366	251762400.00
2014/07/28	3.08	3.54	3.08	3.43	155248098	721617088.00
2014/07/29	3.36	3.40	3.25	3.35	92880260	425427840.00
2014/07/30	3.27	3.50	3.26	3.28	77240402	356011008.00
2014/07/31	3.31	3.37	3.16	3.35	69460821	312719616.00
2014/08/01	3.30	3.55	3.23	3.34	98785190	457219296.00
2014/08/04	3.30	3.76	3.27	3.61	117834399	560641152.00
2014/08/05	3.57	3.85	3.52	3.60	112508466	554283776.00
2014/08/06	3.54	3.67	3.44	3.57	56890934	271613056.00
2014/08/07	3.54	3.60	3.39	3.40	52127196	246062464.00
2014/08/08	3.41	3.44	3.34	3.36	29450407	136318080.00
2014/08/11	3.37	3.45	3.35	3.43	33364455	155212592.00
2014/08/12	3.41	3.42	3.31	3.36	33250425	153193552.00
2014/08/13	3.36	3.49	3.29	3.46	56300693	261783904.00
2014/08/14	3.41	3.43	3.29	3.31	42719590	196611680.00
2014/08/15	3.31	3.40	3.30	3.35	28888276	132804264.00
2014/08/18	3.36	3.40	3.34	3.38	27004371	124688376.00
2014/08/19	3.38	3.56	3.36	3.46	62973354	297176640.00
2014/08/20	3.42	3.48	3.39	3.42	28301638	132169392.00
2014/08/21	3.41	3.45	3.30	3.34	26026131	119817160.00
2014/08/22	3.33	3.36	3.30	3.35	24334900	111527960.00
2014/08/25	3.33	3.34	3.21	3.23	30406801	136868048.00
2014/08/26	3.21	3.27	3.11	3.14	31040376	137407984.00
2014/08/27	3.11	3.19	3.11	3.16	17184155	75714344.00
2014/08/28	3.17	3.23	3.13	3.15	19406442	85832208.00
2014/08/29	3.15	3.20	3.12	3.19	12644418	55717524.00
2014/09/01	3.18	3.23	3.17	3.22	20114947	89574680.00
2014/09/02	3.23	3.29	3.20	3.29	28316626	127296456.00
2014/09/03	3.30	3.40	3.28	3.34	37964805	174453840.00
2014/09/04	3.34	3.37	3.30	3.35	20684947	94838264.00
2014/09/05	3.36	3.44	3.33	3.41	34197565	158398368.00
2014/09/09	3.41	3.44	3.36	3.40	25290821	117339576.00
2014/09/10	3.37	3.37	3.31	3.34	28360240	129976392.00
2014/09/11	3.34	3.40	3.30	3.32	30919018	142260944.00
2014/09/12	3.31	3.37	3.29	3.36	27337371	125233080.00
2014/09/15	3.38	3.70	3.37	3.55	80298957	383108704.00
2014/09/16	3.55	3.60	3.43	3.44	60764077	288848800.00
2014/09/17	3.44	3.47	3.37	3.45	29859813	139617152.00
2014/09/18	3.45	3.57	3.42	3.53	39805984	189561312.00
2014/09/19	3.51	3.55	3.42	3.50	28776092	136545520.00
2014/09/22	3.49	3.49	3.35	3.38	31844290	148174352.00
2014/09/23	3.39	3.47	3.36	3.42	24719428	115309208.00
2014/09/24	3.41	3.89	3.39	3.89	99221018	487922176.00
2014/09/25	4.08	4.23	3.72	3.79	129149111	670658432.00
2014/09/26	3.76	3.84	3.68	3.76	59885572	299299456.00
2014/09/29	3.76	4.26	3.76	4.26	122419573	641506432.00
2014/09/30	4.45	4.78	4.33	4.47	169038788	973475072.00
2014/10/08	4.35	4.59	4.32	4.47	86470981	493322976.00
2014/10/09	4.45	5.04	4.32	4.89	142210928	840384768.00
2014/10/10	4.75	5.10	4.68	4.94	125371282	770666944.00
2014/10/13	4.85	5.21	4.74	4.97	81907510	507991680.00
2014/10/14	4.91	4.97	4.68	4.79	69561013	422157984.00
2014/10/15	4.75	4.85	4.60	4.77	50485595	301057440.00
2014/10/16	4.70	4.91	4.64	4.67	42875599	257683888.00
2014/10/17	4.60	4.64	4.40	4.48	50197819	288791392.00
2014/10/20	4.52	4.58	4.46	4.52	22610993	130356752.00
2014/10/21	4.51	4.54	4.30	4.32	31042603	176448992.00
2014/10/22	4.33	4.47	4.30	4.37	31008194	174252480.00
2014/10/23	4.34	4.54	4.33	4.48	50494788	288584288.00
2014/10/24	4.40	4.47	4.20	4.24	38560862	214936432.00
2014/10/27	4.23	4.23	4.11	4.14	23010600	124325288.00
2014/10/28	4.17	4.40	4.16	4.37	36645703	203428448.00
2014/10/29	4.36	4.70	4.32	4.58	58380238	336170432.00
2014/10/30	4.54	4.73	4.50	4.56	49237125	287848608.00
2014/10/31	4.56	4.81	4.47	4.69	63517216	375936960.00
2014/11/03	4.70	4.80	4.62	4.71	41757740	248027536.00
2014/11/04	4.66	4.84	4.58	4.77	55736779	334106432.00
2014/11/05	4.70	4.74	4.52	4.55	36495194	214358048.00
2014/11/06	4.55	4.62	4.51	4.59	22357489	130038336.00
2014/11/07	4.59	4.73	4.48	4.50	40191815	236938064.00
2014/11/10	4.53	4.65	4.38	4.64	34879808	202280400.00
2014/11/11	4.65	5.23	4.61	4.94	134283512	839094656.00
2014/11/12	4.80	5.17	4.76	5.13	84251790	525002624.00
2014/11/13	4.99	5.15	4.90	5.01	51318146	322175776.00
2014/11/14	4.96	5.52	4.91	5.14	79949400	518453184.00
2014/11/17	5.06	5.15	4.76	4.79	68331876	420465728.00
2014/11/18	4.73	4.78	4.62	4.65	38211710	226412496.00
2014/11/19	4.66	4.72	4.64	4.71	22440067	133213072.00
2014/11/20	4.73	4.76	4.61	4.63	30982774	183886016.00
2014/11/21	4.63	4.74	4.53	4.73	40109013	236537760.00
2014/11/24	4.81	5.04	4.70	4.96	69705664	429342240.00
2014/11/25	4.97	5.40	4.94	5.34	98104009	628724160.00
2014/11/26	5.25	5.70	5.16	5.49	92460223	614072768.00
2014/11/27	5.44	5.71	5.31	5.49	78743607	532616288.00
2014/11/28	5.53	5.53	5.07	5.34	76639355	501845440.00
2014/12/01	5.26	5.75	5.21	5.52	88815592	603203968.00
2014/12/02	5.54	5.90	5.36	5.80	95091692	655431552.00
2014/12/03	5.73	6.45	5.69	6.10	118159044	860686080.00
2014/12/04	6.11	6.71	6.09	6.66	98940121	756955648.00
2014/12/05	6.63	6.63	5.87	6.14	104512038	782664512.00
2014/12/08	5.95	6.39	5.73	6.17	69434814	510209888.00
2014/12/09	6.08	6.39	5.43	5.43	78051228	564521216.00
2014/12/10	5.43	5.70	5.24	5.62	41975819	281713280.00
2014/12/11	5.53	6.05	5.47	5.90	49144745	346829536.00
2014/12/12	5.90	5.98	5.78	5.87	30149240	214484096.00
2014/12/15	5.82	5.91	5.69	5.89	19908228	140400096.00
2014/12/16	5.89	6.34	5.74	6.26	59303546	433171328.00
2014/12/17	6.27	6.27	5.82	5.95	46137575	335446144.00
2014/12/18	5.91	6.18	5.85	5.89	31064588	224809296.00
2014/12/19	5.85	6.15	5.70	6.03	49456258	356994880.00
2014/12/22	6.00	6.64	5.91	6.27	91963192	690705792.00
2014/12/23	6.16	6.16	5.73	5.76	39909869	284527936.00
2014/12/24	5.80	5.84	5.32	5.46	47349674	319631520.00
2014/12/25	5.53	5.68	5.44	5.62	38564701	262256736.00
2014/12/26	5.57	5.81	5.51	5.68	37879690	261687632.00
2014/12/29	5.67	5.85	5.45	5.51	37373956	258877984.00
2014/12/30	5.50	5.50	5.22	5.28	33172736	218173920.00
2014/12/31	5.32	5.49	5.21	5.40	26324931	173667632.00
2015/01/05	5.40	6.07	5.37	6.07	86071563	614697152.00
2015/01/06	6.17	6.43	5.89	6.15	109863265	818450176.00
2015/01/07	6.08	6.60	5.97	6.45	79624521	605296576.00
2015/01/08	6.31	6.59	6.07	6.16	55554404	420189536.00
2015/01/09	6.05	6.17	5.76	5.80	42070122	304377280.00
2015/01/12	5.66	5.71	5.47	5.55	26956996	184208800.00
2015/01/13	5.49	5.69	5.46	5.63	15115937	103408336.00
2015/01/14	5.62	5.72	5.37	5.45	17074140	115570416.00
2015/01/15	5.46	5.65	5.38	5.64	19608091	132874304.00
2015/01/16	5.65	5.76	5.60	5.67	20325271	140722528.00
2015/01/19	5.32	5.42	4.98	4.98	30949968	198688288.00
2015/01/20	4.96	5.20	4.87	5.16	30270699	189842224.00
2015/01/21	5.13	5.37	5.04	5.32	27597605	178981568.00
2015/01/22	5.30	5.60	5.24	5.47	33010649	221857040.00
2015/01/23	5.47	5.52	5.32	5.35	21975421	146101040.00
2015/01/26	5.31	5.36	5.19	5.35	23545155	153628864.00
2015/01/27	5.34	5.39	5.10	5.23	24211292	157525328.00
2015/01/28	5.22	5.22	4.81	4.82	84752309	521788544.00
2015/01/29	4.82	4.91	4.73	4.89	44377889	270836800.00
2015/01/30	4.88	4.91	4.75	4.77	31710896	192525776.00
2015/02/02	4.76	4.76	4.63	4.64	24254425	144236352.00
2015/02/03	4.66	4.70	4.55	4.66	56066709	329172384.00
2015/02/04	4.67	4.75	4.64	4.66	63482281	377290304.00
2015/02/05	4.68	4.72	4.48	4.51	51302835	298342464.00
2015/02/06	4.50	4.50	4.27	4.30	36810406	206388704.00
2015/02/09	4.30	4.47	4.28	4.40	25837479	145789888.00
2015/02/10	4.42	4.47	4.36	4.45	20126123	114174896.00
2015/02/11	4.47	4.49	4.35	4.45	17995597	102400744.00
2015/02/12	4.44	4.50	4.41	4.48	16118931	92052232.00
2015/02/13	4.51	4.74	4.49	4.67	49137672	289437760.00
2015/02/16	4.65	4.81	4.64	4.71	36801616	220350272.00
2015/02/17	4.72	4.79	4.63	4.65	23618020	140161872.00
2015/02/25	4.69	4.75	4.60	4.69	29536157	175423472.00
2015/02/26	4.68	4.88	4.66	4.86	34280415	207592368.00
2015/02/27	4.85	4.88	4.76	4.82	21169314	128604216.00
2015/03/02	4.85	4.93	4.76	4.86	36958024	225449280.00
2015/03/03	4.84	4.84	4.66	4.67	35868328	214633056.00
2015/03/04	4.65	4.70	4.58	4.69	25712073	151751344.00
2015/03/05	4.66	4.67	4.56	4.63	26198332	153471168.00
2015/03/06	4.63	4.78	4.60	4.71	33606656	200225376.00
2015/03/09	4.69	4.76	4.57	4.75	23775024	140823984.00
2015/03/10	4.74	4.85	4.71	4.85	31344512	189209072.00
2015/03/11	4.83	4.86	4.74	4.77	28033077	169593328.00
2015/03/12	4.76	4.88	4.74	4.83	28737661	174512592.00
2015/03/13	4.87	5.32	4.85	5.07	99118386	630512640.00
2015/03/16	5.10	5.18	4.96	5.14	69607098	442711680.00
2015/03/17	5.15	5.25	5.11	5.22	52718364	339615072.00
2015/03/18	5.25	5.56	5.21	5.46	80422990	535704096.00
2015/03/19	5.50	5.99	5.41	5.74	103705603	723796416.00
2015/03/20	5.75	6.11	5.66	5.86	64888233	459836960.00
2015/03/23	5.88	6.10	5.75	5.90	75242203	541917696.00
2015/03/24	5.89	5.93	5.56	5.82	64053611	451744480.00
2015/03/25	5.75	5.92	5.55	5.84	60271193	421275968.00
2015/03/26	5.76	6.53	5.75	6.34	98763835	735375168.00
2015/03/27	6.42	6.64	6.20	6.46	75000549	573493888.00
2015/03/30	6.52	7.13	6.45	7.10	86418911	698352832.00
2015/03/31	7.19	7.50	6.82	6.91	67312534	561895296.00
2015/04/01	6.86	7.72	6.85	7.68	66849450	570313408.00
2015/04/02	7.63	7.90	7.35	7.81	82604425	728731264.00
2015/04/03	7.74	7.85	7.47	7.62	55788488	495577344.00
2015/04/07	7.60	7.93	7.52	7.63	59677289	533957056.00
2015/04/08	7.61	7.66	7.18	7.43	63562643	551150848.00
2015/04/09	7.42	7.84	7.31	7.73	63695746	563210688.00
2015/04/10	7.66	8.03	7.55	7.76	62151527	563704320.00
2015/04/13	7.74	7.94	7.64	7.79	54184845	488559168.00
2015/04/14	7.78	7.79	7.35	7.52	70014408	613373312.00
2015/04/15	7.46	7.52	7.08	7.12	49861236	424351200.00
2015/04/16	7.09	7.51	6.98	7.43	57959507	493756160.00
2015/04/17	7.45	7.85	7.43	7.61	71256967	635604352.00
2015/04/20	7.53	8.07	7.36	7.70	85233530	770205312.00
2015/04/21	7.75	8.05	7.75	7.99	53927573	494213952.00
2015/04/22	8.02	8.33	7.92	8.25	71088224	665846528.00
2015/04/23	8.31	9.20	8.27	9.20	119270789	1222998528.00
2015/04/24	9.13	9.50	8.76	9.20	91400995	948086080.00
2015/04/27	9.21	9.68	8.90	9.25	76243525	799359552.00
2015/04/28	9.33	9.35	8.44	8.55	66135236	664120320.00
2015/04/29	8.45	9.50	8.39	9.22	66686199	688181952.00
2015/04/30	9.28	9.30	8.75	8.86	43881603	450235904.00
2015/05/04	8.79	9.12	8.72	8.89	43185553	437032704.00
2015/05/05	8.80	9.23	8.60	8.66	49111454	500265760.00
2015/05/06	8.67	9.00	8.15	8.38	37018636	368702976.00
2015/05/07	8.41	8.56	7.75	8.15	34814482	325939808.00
2015/05/08	8.20	8.65	7.94	8.63	36385556	345131072.00
2015/05/11	8.80	9.00	8.70	8.92	46744482	472020928.00
2015/05/12	8.86	9.14	8.73	8.93	41568073	422529216.00
2015/05/13	8.95	9.04	8.63	8.65	45391179	454014048.00
2015/05/14	8.65	8.68	8.35	8.64	27441179	267598032.00
2015/05/15	8.62	8.62	8.05	8.06	41499363	394065088.00
2015/05/18	8.05	8.29	7.85	8.18	29476371	277125120.00
2015/05/19	7.99	8.42	7.99	8.34	34382706	327072256.00
2015/05/20	8.34	8.73	8.31	8.42	41107220	401662752.00
2015/05/21	8.44	8.67	8.25	8.56	40221058	390426912.00
2015/05/22	8.68	9.54	8.66	9.54	86140708	906567616.00
2015/05/25	9.79	10.62	9.79	10.07	104903927	1209137152.00
2015/05/26	10.24	10.33	9.75	10.13	104108464	1177480960.00
2015/05/27	10.27	11.24	9.90	10.95	115321185	1359293824.00
2015/05/28	10.84	10.85	9.73	9.73	123231051	1417609728.00
2015/05/29	9.55	9.85	8.76	9.28	92402762	975775104.00
2015/06/01	9.40	10.13	9.35	10.07	72760824	803223424.00
2015/06/02	10.07	10.45	9.47	10.06	82832326	929878720.00
2015/06/03	10.06	10.12	9.33	9.74	85969642	941110336.00
2015/06/04	9.56	10.13	8.85	10.10	104377265	1124117632.00
2015/06/05	10.28	10.49	9.79	10.10	122184940	1397848448.00
2015/06/08	10.11	10.14	9.64	10.02	92839202	1034630848.00
2015/06/09	10.16	10.85	9.90	10.52	137745581	1606681600.00
2015/06/10	10.23	10.67	10.01	10.25	81812743	947164096.00
2015/06/11	10.12	10.46	10.03	10.20	56333111	643752640.00
2015/06/12	10.20	10.45	10.05	10.44	103716276	1196426240.00
2015/06/15	10.45	10.74	10.11	10.55	92325171	1075619328.00
2015/06/16	10.45	10.95	10.16	10.18	121298342	1434766208.00
2015/06/17	10.20	10.40	9.53	10.30	73248041	827301888.00
2015/06/18	10.30	10.39	9.66	9.82	59530924	677849920.00
2015/06/19	9.54	9.94	8.71	8.71	55933987	593041024.00
2015/06/23	8.71	8.90	7.71	8.58	58129651	559634624.00
2015/06/24	8.75	9.00	8.38	8.93	69724078	695931008.00
2015/06/25	9.00	9.05	7.96	8.01	65585759	643949952.00
2015/06/26	7.79	7.83	7.09	7.09	61734723	523270816.00
2015/06/29	7.16	7.36	6.26	6.56	85738143	673753984.00
2015/06/30	6.53	7.03	5.78	6.96	79262947	599755648.00
2015/07/01	6.78	7.00	6.18	6.26	69382593	550241728.00
2015/07/02	6.24	6.37	5.51	5.63	71906976	504192160.00
2015/07/03	5.36	5.58	4.95	4.95	60825034	385079712.00
2015/07/06	5.48	5.48	4.33	4.69	115182544	693406720.00
2015/07/07	4.23	5.07	4.10	5.03	168003446	945697088.00
2015/07/08	4.43	4.67	4.41	4.41	82517374	467477408.00
2015/07/09	4.41	4.97	3.96	4.97	92822721	548540800.00
2015/07/10	5.08	5.59	5.00	5.59	91114443	608094720.00
2015/07/13	5.60	6.27	5.60	6.27	120824975	867530240.00
2015/07/14	6.12	6.31	5.62	5.71	88666112	636939584.00
2015/07/15	5.48	5.69	5.02	5.02	58325803	376930560.00
2015/07/16	5.02	5.42	4.78	5.09	45324886	285203392.00
2015/07/17	5.10	5.56	5.10	5.44	46662506	306483104.00
2015/07/20	5.47	5.61	5.25	5.35	57686360	383360608.00
2015/07/21	5.27	5.60	5.15	5.47	48851522	323456608.00
2015/07/22	5.43	5.56	5.17	5.42	48115756	318221344.00
2015/07/23	5.45	5.87	5.37	5.82	78340831	535087808.00
2015/07/24	5.78	6.17	5.63	5.67	97596665	695718912.00
2015/07/27	5.33	5.47	4.98	4.98	72800905	471662432.00
2015/07/28	4.66	4.85	4.36	4.69	81563911	471559520.00
2015/07/29	4.73	5.03	4.57	5.00	54101421	323480800.00
2015/07/30	4.89	5.13	4.61	4.68	43626355	267340464.00
2015/07/31	4.57	4.90	4.56	4.87	32212133	191254352.00
2015/08/03	4.78	5.48	4.74	5.48	65463605	410923328.00
2015/08/04	5.47	5.78	5.19	5.62	66288719	447785280.00
2015/08/05	5.64	5.67	5.31	5.36	36646692	246383600.00
2015/08/06	5.18	5.74	5.11	5.42	33160797	217996032.00
2015/08/07	5.43	5.85	5.32	5.59	46773039	320866688.00
2015/08/10	5.67	5.98	5.56	5.84	47668710	333935584.00
2015/08/11	5.78	6.07	5.78	6.02	48798402	349911936.00
2015/08/12	5.89	6.26	5.79	5.92	47303045	339547424.00
2015/08/13	5.86	6.00	5.72	5.96	34251895	243140000.00
2015/08/14	6.01	6.21	5.78	5.88	49624641	358861536.00
2015/08/17	5.76	6.09	5.76	6.07	45132332	324491488.00
2015/08/18	6.08	6.23	5.34	5.34	68799833	481313696.00
2015/08/19	5.08	5.66	4.80	5.59	43023436	278190592.00
2015/08/20	5.41	5.64	5.28	5.30	29083242	194919920.00
2015/08/21	5.26	5.37	4.65	4.72	47714289	293564064.00
2015/08/24	4.35	4.58	4.13	4.13	27792513	150658464.00
2015/08/25	3.61	3.77	3.60	3.60	38258690	185063056.00
2015/08/26	3.57	3.70	3.12	3.12	68688015	316036480.00
2015/08/27	3.23	3.37	2.96	3.36	47124048	208294272.00
2015/08/28	3.38	3.71	3.36	3.68	44106401	208364336.00
2015/08/31	3.58	3.82	3.31	3.79	50494300	241985280.00
2015/09/01	3.64	4.15	3.40	4.03	95276235	484212096.00
2015/09/02	3.74	4.01	3.53	3.60	36486854	181292128.00
2015/09/07	3.64	3.82	3.58	3.61	20394597	100453640.00
2015/09/08	3.62	3.81	3.48	3.76	18443947	90295760.00
2015/09/09	3.80	4.02	3.73	3.93	49476352	251457104.00
2015/09/10	3.82	3.92	3.71	3.78	26549770	133530800.00
2015/09/11	3.75	3.83	3.48	3.62	37390255	181829952.00
2015/09/14	3.63	3.65	3.15	3.47	41868609	193966448.00
2015/09/15	3.28	3.50	3.00	3.06	24425859	108119448.00
2015/09/16	3.07	3.46	3.06	3.39	32060018	143290784.00
2015/09/17	3.32	3.54	3.23	3.25	28634553	132226648.00
2015/09/18	3.26	3.40	3.22	3.34	19429557	88081048.00
2015/09/21	3.29	3.47	3.22	3.46	23985974	110309456.00
2015/09/22	3.44	3.66	3.42	3.55	33826974	161095408.00
2015/09/23	3.43	3.46	3.25	3.32	26678880	122200752.00
2015/09/24	3.35	3.53	3.33	3.44	21363895	98879784.00
2015/09/25	3.40	3.43	3.19	3.28	21661262	98265800.00
2015/09/28	3.26	3.32	3.20	3.31	10191533	45679052.00
2015/09/29	3.23	3.25	3.12	3.18	12810986	56378916.00
2015/09/30	3.19	3.27	3.17	3.20	9205601	40793600.00
2015/10/08	3.38	3.42	3.32	3.38	17529262	80594816.00
2015/10/09	3.37	3.54	3.35	3.53	27103823	126947752.00
2015/10/12	3.48	3.91	3.47	3.80	55609823	276218240.00
2015/10/13	3.71	3.80	3.66	3.75	27680004	136702560.00
2015/10/14	3.73	3.90	3.69	3.72	25528191	127841504.00
2015/10/15	3.69	3.85	3.69	3.84	26547976	133010760.00
2015/10/16	3.86	3.96	3.80	3.90	36308029	185097824.00
2015/10/19	3.93	3.98	3.82	3.86	41794769	214099552.00
2015/10/20	3.86	3.91	3.77	3.89	32645971	165426288.00
2015/10/21	3.86	3.89	3.43	3.45	43739921	216918208.00
2015/10/22	3.44	3.62	3.38	3.58	30699738	144793024.00
2015/10/23	3.58	3.74	3.53	3.69	31791341	153660528.00
2015/10/26	3.76	3.79	3.67	3.73	36553806	180677280.00
2015/10/27	3.68	3.69	3.43	3.64	38574671	184317168.00
2015/10/28	3.57	3.73	3.54	3.60	39485490	191638464.00
2015/10/29	3.63	3.67	3.54	3.60	25752657	124224960.00
2015/10/30	3.58	3.60	3.44	3.56	25488416	120847200.00
2015/11/02	3.43	3.60	3.42	3.46	16678937	78937984.00
2015/11/03	3.47	3.56	3.46	3.49	18478116	87383968.00
2015/11/04	3.51	3.78	3.51	3.76	40807697	199041040.00
2015/11/05	3.77	4.03	3.74	3.91	65623439	335145664.00
2015/11/06	3.94	4.07	3.87	4.03	68280620	354264416.00
2015/11/09	3.94	4.25	3.91	4.03	64167748	337833824.00
2015/11/10	3.93	4.22	3.91	4.14	63027510	331980736.00
2015/11/11	4.09	4.17	3.97	4.07	51030517	269430912.00
2015/11/12	4.07	4.12	3.95	4.04	39699983	208563312.00
2015/11/13	3.98	4.13	3.94	3.94	34899210	182569712.00
2015/11/16	3.83	3.96	3.80	3.96	24849843	126468480.00
2015/11/17	3.96	4.48	3.96	4.31	150551808	839251712.00
2015/11/18	4.24	4.25	4.05	4.11	99865107	535608448.00
2015/11/19	4.11	4.13	3.97	4.12	44144349	233015120.00
2015/11/20	4.15	4.17	4.09	4.14	48023911	256891968.00
2015/11/23	4.13	4.16	3.94	3.97	43034318	227300096.00
2015/11/24	3.97	4.04	3.91	4.03	28325988	147047344.00
2015/11/25	4.06	4.07	3.96	4.06	26813883	140444384.00
2015/11/26	4.06	4.28	4.04	4.11	64022288	345843968.00
2015/11/27	4.11	4.13	3.58	3.59	48436105	246941200.00
2015/11/30	3.59	3.66	3.39	3.60	27549634	131698312.00
2015/12/01	3.57	3.71	3.50	3.69	23255445	112117808.00
2015/12/02	3.66	3.81	3.58	3.81	25247600	124692320.00
2015/12/03	3.76	3.92	3.73	3.84	24782154	125384504.00
2015/12/04	3.80	3.87	3.68	3.73	22409538	111797856.00
2015/12/07	3.75	3.77	3.71	3.73	11568261	57389252.00
2015/12/08	3.70	3.71	3.54	3.56	18218032	87830992.00
2015/12/09	3.57	3.64	3.51	3.54	15658193	74857320.00
2015/12/10	3.54	3.61	3.48	3.50	17422841	82932496.00
2015/12/11	3.47	3.53	3.40	3.48	17125349	80098088.00
2015/12/14	3.43	3.72	3.41	3.70	33239806	160397968.00
2015/12/15	3.65	3.69	3.60	3.63	17607474	85531776.00
2015/12/16	3.65	3.69	3.59	3.63	15060545	73297576.00
2015/12/17	3.65	3.78	3.63	3.74	30952103	152776896.00
2015/12/18	3.71	3.84	3.70	3.76	21576784	107394304.00
2015/12/21	3.75	3.91	3.71	3.87	41390045	209943664.00
2015/12/22	3.84	3.94	3.81	3.85	26630791	135364528.00
2015/12/23	3.85	4.00	3.83	3.97	46973967	241188608.00
2015/12/24	3.97	3.99	3.70	3.83	27871491	140507632.00
2015/12/25	3.80	4.10	3.73	4.02	50064362	255804688.00
2015/12/28	3.98	4.13	3.76	3.78	43732874	225268896.00
2015/12/29	3.71	3.83	3.65	3.81	29171622	144743968.00
2015/12/30	3.79	3.84	3.72	3.79	20811351	104179056.00
2015/12/31	3.77	3.83	3.62	3.64	27468162	135607088.00
2016/01/04	3.62	3.65	3.19	3.21	24167966	114028504.00
2016/01/05	3.09	3.34	3.05	3.29	30373704	133920520.00
2016/01/06	3.28	3.74	3.25	3.74	79434505	390042848.00
2016/01/07	3.78	3.91	3.39	3.48	40807213	203626848.00
2016/01/08	3.67	3.95	3.59	3.95	86429983	438231648.00
2016/01/11	3.96	4.08	3.48	3.63	105598654	531893120.00
2016/01/12	3.48	3.58	3.28	3.45	58485271	271798912.00
2016/01/13	3.45	3.69	3.26	3.31	55563840	264646576.00
2016/01/14	3.02	3.58	2.86	3.46	50054381	221624048.00
2016/01/15	3.36	3.39	2.99	3.03	42807804	187343216.00
2016/01/18	2.91	3.04	2.83	2.98	32933905	137240464.00
2016/01/19	2.98	3.15	2.93	3.08	30967082	132656896.00
2016/01/20	3.03	3.10	2.94	3.01	28026561	118745888.00
2016/01/21	2.95	3.16	2.94	2.96	32997379	141520576.00
2016/01/22	3.06	3.26	3.01	3.13	29894904	129774000.00
2016/01/25	3.20	3.41	3.10	3.35	55632225	250731552.00
2016/01/26	3.22	3.28	2.89	2.91	29021407	124745272.00
2016/01/27	2.93	3.08	2.78	2.92	45525478	188100928.00
2016/01/28	2.86	2.92	2.58	2.62	26523651	105816368.00
2016/01/29	2.62	2.77	2.48	2.73	34321171	132644272.00
2016/02/01	2.69	2.70	2.38	2.50	25992415	97740400.00
2016/02/02	2.49	2.84	2.47	2.77	44591190	174243584.00
2016/02/03	2.69	2.83	2.57	2.77	24362234	95159496.00
2016/02/04	2.79	2.82	2.75	2.78	15686889	62804304.00
2016/02/05	2.76	2.78	2.70	2.75	13028739	51717424.00
2016/02/15	2.65	2.82	2.61	2.75	9330919	36573732.00
2016/02/16	2.75	2.89	2.75	2.86	26756688	108323928.00
2016/02/17	2.82	3.00	2.77	2.88	24444650	99717480.00
2016/02/18	2.90	3.02	2.84	2.88	26401113	109638088.00
2016/02/19	2.83	2.93	2.82	2.88	15100500	61719352.00
2016/02/22	2.90	3.19	2.89	3.00	45055293	191670720.00
2016/02/23	2.98	3.32	2.94	3.29	52047865	224448816.00
2016/02/24	3.13	3.25	3.06	3.17	37080406	162147824.00
2016/02/25	3.16	3.20	2.77	2.82	33197434	140927840.00
2016/02/26	2.85	3.17	2.78	3.10	44335388	185898512.00
2016/02/29	3.03	3.24	2.78	3.14	45864399	195829040.00
2016/03/01	3.13	3.58	3.01	3.41	94132613	438837024.00
2016/03/02	3.27	3.74	3.24	3.68	93583306	440578752.00
2016/03/03	3.59	3.83	3.54	3.64	64847757	318308864.00
2016/03/04	3.60	3.93	3.38	3.79	97800456	483972448.00
2016/03/07	3.89	3.96	3.71	3.86	75570313	380300672.00
2016/03/08	3.96	3.98	3.58	3.70	55140398	272446784.00
2016/03/09	3.45	3.60	3.34	3.39	36162125	168977536.00
2016/03/10	3.43	3.44	3.24	3.26	26558126	120422032.00
2016/03/11	3.23	3.28	3.12	3.17	26507580	116846728.00
2016/03/14	3.21	3.36	3.17	3.27	37791030	169996944.00
2016/03/15	3.17	3.18	2.97	3.03	36512162	157093136.00
2016/03/16	3.05	3.09	2.88	2.96	22091441	92950256.00
2016/03/17	3.02	3.13	2.99	3.06	24894789	106543432.00
2016/03/18	3.08	3.26	3.07	3.18	34665288	152129792.00
2016/03/21	3.21	3.36	3.18	3.34	35936222	160912224.00
2016/03/22	3.31	3.32	3.21	3.23	28879894	129383344.00
2016/03/23	3.22	3.35	3.20	3.28	20339173	91334008.00
2016/03/24	3.25	3.27	3.13	3.16	25030499	110633440.00
2016/03/25	3.10	3.18	3.10	3.18	7889403	34502168.00
2016/03/28	3.18	3.24	3.11	3.13	11670384	51232500.00
2016/03/29	3.10	3.13	2.98	3.02	14665443	62336088.00
2016/03/30	3.08	3.13	3.04	3.13	12740463	54856048.00
2016/03/31	3.14	3.21	3.07	3.16	15142661	65929976.00
2016/04/01	3.14	3.24	3.02	3.09	38220460	166090368.00
2016/04/05	3.07	3.19	3.05	3.17	23899912	103879192.00
2016/04/06	3.14	3.21	3.13	3.17	14501316	63640084.00
2016/04/07	3.18	3.26	3.14	3.17	23142340	102273232.00
2016/04/08	3.13	3.17	3.04	3.11	20145283	87082104.00
2016/04/11	3.13	3.35	3.12	3.26	42604296	190811408.00
2016/04/12	3.25	3.40	3.21	3.35	35828730	162206336.00
2016/04/13	3.49	3.72	3.46	3.49	54129069	259351312.00
2016/04/14	3.48	3.72	3.42	3.69	52350206	252252480.00
2016/04/15	3.63	3.71	3.50	3.58	27800812	134287504.00
2016/04/18	3.56	3.70	3.44	3.67	32393394	155195280.00
2016/04/19	3.68	3.74	3.51	3.52	22508033	108454520.00
2016/04/20	3.58	3.64	3.24	3.37	28967366	134642304.00
2016/04/21	3.38	3.63	3.38	3.44	29016356	137053024.00
2016/04/22	3.38	3.47	3.28	3.40	13159880	60422048.00
2016/04/25	3.38	3.63	3.30	3.61	31247476	148386816.00
2016/04/26	3.61	3.62	3.38	3.55	24934253	117755128.00
2016/04/27	3.49	3.53	3.34	3.36	25428967	117652024.00
2016/04/28	3.37	3.82	3.32	3.72	70342649	340603936.00
2016/04/29	3.63	3.78	3.59	3.69	45426342	222245520.00
2016/05/03	3.63	3.79	3.58	3.73	36690220	180334336.00
2016/05/04	3.69	3.82	3.67	3.79	41359767	205914976.00
2016/05/05	3.77	3.83	3.68	3.76	25351883	126140120.00
2016/05/06	3.72	3.78	3.38	3.44	40785957	195858368.00
2016/05/09	3.39	3.44	3.21	3.28	20725345	94168120.00
2016/05/10	3.20	3.30	3.07	3.18	23100337	101179400.00
2016/05/11	3.19	3.22	3.10	3.16	7990840	35011092.00
2016/05/12	3.10	3.21	3.08	3.21	7962446	34952956.00
2016/05/13	3.18	3.24	3.13	3.17	5882390	25948178.00
2016/05/16	3.20	3.33	3.10	3.26	7267027	32028754.00
2016/05/17	3.42	3.70	3.35	3.38	31233666	146988832.00
2016/05/18	3.30	3.36	3.08	3.13	22099405	97813248.00
2016/05/19	3.13	3.22	3.10	3.15	12618798	55411416.00
2016/05/20	3.13	3.20	3.08	3.19	7636694	33318360.00
2016/05/23	3.17	3.27	3.17	3.25	7814365	34638064.00
2016/05/24	3.23	3.23	3.09	3.14	7451280	32540910.00
2016/05/25	3.16	3.20	3.10	3.12	10606632	46343924.00
2016/05/26	3.14	3.16	3.01	3.12	14386075	61709868.00
2016/05/27	3.08	3.12	3.05	3.08	6953922	29895786.00
2016/05/30	3.07	3.10	3.03	3.07	4853751	20827776.00
2016/05/31	3.08	3.23	3.07	3.21	14003500	61516028.00
2016/06/01	3.20	3.33	3.18	3.29	12837751	57779280.00
2016/06/02	3.25	3.31	3.21	3.29	8007308	35872932.00
2016/06/03	3.26	3.33	3.21	3.32	13370050	59982624.00
2016/06/06	3.28	3.33	3.23	3.26	6041330	27085104.00
2016/06/07	3.26	3.27	3.15	3.24	16991197	75382688.00
2016/06/08	3.22	3.39	3.17	3.34	17191099	77593784.00
2016/06/13	3.25	3.37	3.21	3.27	15859192	71756592.00
2016/06/14	3.27	3.33	3.13	3.20	9508297	42277740.00
2016/06/15	3.13	3.31	3.10	3.27	7587859	33813596.00
2016/06/16	3.24	3.28	3.15	3.18	7088046	31474520.00
2016/06/17	3.20	3.46	3.17	3.38	34547993	156847008.00
2016/06/20	3.32	3.46	3.31	3.41	21352639	98496400.00
2016/06/21	3.38	3.75	3.38	3.53	47985057	231089568.00
2016/06/22	3.54	3.96	3.54	3.89	82129265	413903072.00
2016/06/23	3.78	4.05	3.78	3.85	44425846	226513328.00
2016/06/24	3.82	3.91	3.71	3.80	32671559	164565744.00
2016/06/27	3.73	4.30	3.68	4.19	87859017	479021856.00
2016/06/28	4.05	4.14	3.99	4.10	50445642	266767536.00
2016/06/29	4.09	4.18	4.05	4.11	21757371	115918472.00
2016/06/30	4.11	4.13	3.93	3.95	23300053	122493128.00
2016/07/01	3.98	4.27	3.93	4.00	31681990	168838992.00
2016/07/04	3.98	4.48	3.98	4.44	50788661	281981472.00
2016/07/05	4.45	4.77	4.40	4.49	48242480	279776064.00
2016/07/06	4.46	4.73	4.35	4.56	29053518	167197808.00
2016/07/07	4.54	4.83	4.46	4.51	36503598	214065552.00
2016/07/08	4.53	4.56	4.33	4.51	21525447	121434536.00
2016/07/11	4.51	5.08	4.42	5.00	103817704	629774592.00
2016/07/12	4.98	5.62	4.91	5.38	94087426	622164288.00
2016/07/13	5.36	5.42	5.10	5.38	46335373	298336096.00
2016/07/14	5.31	5.31	5.14	5.23	26751937	172010192.00
2016/07/15	5.31	5.35	4.77	4.93	62623515	389586080.00
2016/07/18	4.93	4.93	4.68	4.78	50122447	299689984.00
2016/07/19	4.82	4.89	4.73	4.83	35029332	211093536.00
2016/07/20	4.83	4.85	4.68	4.71	23201493	138108800.00
2016/07/21	4.71	5.03	4.69	4.86	48756631	296390656.00
2016/07/22	4.87	4.87	4.66	4.69	28371288	168695808.00
2016/07/25	4.78	4.86	4.65	4.75	29574559	176039952.00
2016/07/26	4.75	4.89	4.70	4.87	26693668	161629040.00
2016/07/27	5.02	5.02	4.38	4.63	39225387	232332576.00
2016/07/28	4.73	4.73	4.55	4.66	22996607	134581424.00
2016/07/29	4.57	4.68	4.45	4.46	21347080	124111232.00
2016/08/01	4.39	4.60	4.24	4.55	25379722	142747024.00
2016/08/02	4.48	4.58	4.43	4.51	19642659	112375640.00
2016/08/03	4.50	4.56	4.39	4.42	25933942	147408512.00
2016/08/04	4.38	4.43	4.33	4.40	12345137	69131184.00
2016/08/05	4.48	4.52	4.32	4.38	16469995	92601352.00
2016/08/08	4.44	4.87	4.40	4.83	64826449	381899264.00
2016/08/09	4.77	4.97	4.74	4.96	47778597	290254560.00
2016/08/10	4.97	5.24	4.81	4.82	61524845	385767296.00
2016/08/11	4.78	4.83	4.52	4.53	36907596	215546080.00
2016/08/12	4.53	4.73	4.45	4.60	40870416	235978896.00
2016/08/15	4.59	4.69	4.36	4.64	83585014	479964352.00
2016/08/16	4.59	4.85	4.53	4.79	69771151	416466144.00
2016/08/17	4.76	4.82	4.67	4.76	33549272	200798352.00
2016/08/18	4.75	4.95	4.54	4.75	50345139	302871104.00
2016/08/19	4.66	4.67	4.50	4.56	30747233	178081440.00
2016/08/22	4.57	4.59	4.40	4.44	29909117	170040000.00
2016/08/23	4.43	4.47	4.36	4.45	18034380	101606408.00
2016/08/24	4.47	4.48	4.38	4.40	11932301	67204968.00
2016/08/25	4.36	4.42	4.23	4.36	18944593	105274760.00
2016/08/26	4.38	4.46	4.34	4.38	14688159	82532024.00
2016/08/29	4.39	4.44	4.35	4.40	12415939	69682664.00
2016/08/30	4.39	4.51	4.39	4.47	17732250	100491032.00
2016/08/31	4.48	4.73	4.48	4.63	36187373	211615280.00
2016/09/01	4.66	4.68	4.47	4.50	21159082	121810520.00
2016/09/02	4.49	4.60	4.43	4.47	15862088	90808744.00
2016/09/05	4.53	4.92	4.53	4.75	49166176	292668672.00
2016/09/06	4.73	4.89	4.67	4.84	44583379	268940064.00
2016/09/07	4.72	4.77	4.61	4.65	42654766	251849808.00
2016/09/08	4.59	4.89	4.55	4.87	48230790	286289216.00
2016/09/09	4.92	4.93	4.62	4.65	36983862	220720496.00
2016/09/12	4.54	4.54	4.08	4.24	51619298	285140480.00
2016/09/13	4.24	4.28	4.15	4.22	23078097	125505384.00
2016/09/14	4.15	4.18	4.05	4.16	14535389	77684216.00
2016/09/19	4.19	4.27	4.17	4.23	10935940	59572396.00
2016/09/20	4.22	4.40	4.19	4.35	27572375	153001136.00
2016/09/21	4.33	4.42	4.27	4.33	15935529	88575400.00
2016/09/22	4.37	4.48	4.36	4.39	23645078	133581456.00
2016/09/23	4.39	4.42	4.30	4.34	11227978	62551228.00
2016/09/26	4.38	4.50	4.32	4.33	20656060	116143864.00
2016/09/27	4.29	4.39	4.18	4.31	15890385	87046920.00
2016/09/28	4.32	4.36	4.25	4.29	13853400	76295064.00
2016/09/29	4.38	4.56	4.37	4.49	38705743	221459872.00
2016/09/30	4.50	4.50	4.38	4.47	20417035	115755048.00
2016/10/10	4.57	4.69	4.51	4.55	27023935	156443856.00
2016/10/11	4.53	4.65	4.51	4.64	22657977	131481448.00
2016/10/12	4.62	4.66	4.55	4.62	15018100	87407568.00
2016/10/13	4.68	4.72	4.51	4.55	28103350	163556384.00
2016/10/14	4.55	4.55	4.43	4.53	17482528	99834568.00
2016/10/17	4.57	4.64	4.46	4.51	23997724	138873232.00
2016/10/18	4.46	4.60	4.44	4.58	25327003	145749696.00
2016/10/19	4.68	4.79	4.56	4.57	33947852	199403040.00
2016/10/20	4.57	4.64	4.51	4.61	18702434	108074176.00
2016/10/21	4.58	4.63	4.51	4.58	15609376	90357312.00
2016/10/24	4.59	5.16	4.58	5.16	111575437	693780928.00
2016/10/25	5.17	5.80	5.11	5.75	121433805	800812672.00
2016/10/26	5.58	5.63	5.34	5.43	73379145	491709984.00
2016/10/27	5.44	5.51	5.17	5.32	62627659	409496448.00
2016/10/28	5.30	5.37	5.23	5.28	48288080	314904128.00
2016/10/31	5.26	5.33	5.16	5.31	28071817	181246816.00
2016/11/01	5.28	5.42	5.14	5.22	52882682	343602816.00
2016/11/02	5.25	5.46	5.17	5.24	57071304	372330368.00
2016/11/03	5.20	5.24	4.93	5.24	63641207	402383904.00
2016/11/04	5.28	5.44	5.23	5.26	79343142	519672512.00
2016/11/07	5.29	5.73	5.28	5.42	93645217	625986432.00
2016/11/08	5.42	5.45	5.11	5.15	92432928	597121472.00
2016/11/09	5.15	5.35	4.94	5.11	78859691	499978560.00
2016/11/10	5.15	5.27	5.06	5.12	64945990	412767136.00
2016/11/11	5.08	5.41	4.98	5.24	114874810	741167040.00
2016/11/14	5.12	5.61	5.05	5.41	133245082	879093952.00
2016/11/15	5.37	5.58	5.28	5.32	84480763	561512640.00
2016/11/16	5.27	5.32	5.06	5.13	76746590	487502144.00
2016/11/17	5.09	5.23	4.99	5.16	52928210	335092288.00
2016/11/18	5.11	5.13	5.04	5.07	24693035	155437744.00
2016/11/21	5.04	5.12	4.98	5.03	33549986	210113600.00
2016/11/22	5.09	5.17	5.05	5.11	50907223	321714816.00
2016/11/23	5.12	5.14	4.89	4.93	49703285	307588992.00
2016/11/24	5.00	5.10	4.85	4.88	49498620	305915264.00
2016/11/25	4.88	4.89	4.68	4.86	39917959	239387360.00
2016/11/28	4.86	4.91	4.81	4.88	36329712	221022736.00
2016/11/29	4.61	4.61	4.39	4.40	106271908	604834432.00
2016/11/30	4.31	4.32	4.20	4.26	54174966	296948288.00
2016/12/01	4.31	4.37	4.27	4.33	36968596	204796944.00
2016/12/02	4.33	4.37	4.21	4.23	31520895	173365744.00
2016/12/05	4.19	4.30	4.16	4.25	22079034	120544608.00
2016/12/06	4.25	4.28	4.18	4.20	24137797	131468912.00
2016/12/07	4.23	4.33	4.20	4.32	36799984	202080208.00
2016/12/08	4.30	4.32	4.22	4.23	24148571	132438312.00
2016/12/09	4.21	4.21	4.07	4.11	51233445	273535904.00
2016/12/12	4.09	4.14	3.79	3.80	51010263	263437296.00
2016/12/13	3.80	3.82	3.68	3.78	34938902	173954640.00
2016/12/14	3.79	3.86	3.74	3.83	30622170	154268256.00
2016/12/15	3.80	3.97	3.79	3.90	32748265	167407680.00
2016/12/16	3.87	3.91	3.80	3.86	20395425	103397480.00
2016/12/19	3.84	3.89	3.81	3.86	18264066	92642960.00
2016/12/20	3.86	3.87	3.73	3.78	20355785	101869784.00
2016/12/21	3.79	3.83	3.76	3.82	28555247	143018880.00
2016/12/22	3.80	3.81	3.73	3.78	24643335	122935592.00
2016/12/23	3.76	3.77	3.64	3.65	35682706	175158896.00
2016/12/26	3.62	3.65	3.47	3.64	30439463	145409152.00
2016/12/27	3.60	3.64	3.55	3.62	29457974	141961632.00
2016/12/28	3.58	3.65	3.57	3.62	25108484	121300008.00
2016/12/29	3.58	3.72	3.58	3.66	28760134	140278048.00
2016/12/30	3.66	3.67	3.59	3.63	22063250	106893208.00
2017/01/03	3.63	3.68	3.62	3.66	20980615	102339344.00
2017/01/04	3.64	3.70	3.61	3.69	22590371	110270656.00
2017/01/05	3.67	3.76	3.64	3.72	50761146	250867600.00
2017/01/06	3.70	3.74	3.66	3.68	25718287	126540848.00
2017/01/09	3.67	3.68	3.59	3.67	23114644	112379488.00
2017/01/10	3.67	3.84	3.64	3.76	50513698	250944224.00
2017/01/11	3.75	3.84	3.73	3.76	35926126	180130800.00
2017/01/12	3.76	3.83	3.74	3.75	30659147	153338560.00
2017/01/13	3.74	3.87	3.74	3.82	36042456	181566528.00
2017/01/16	3.80	4.05	3.73	3.95	72105518	369237472.00
2017/01/17	3.89	3.96	3.74	3.90	38207788	193390400.00
2017/01/18	3.95	4.11	3.91	4.06	62120666	326037152.00
2017/01/19	4.00	4.13	3.98	4.08	40922474	215959872.00
2017/01/20	4.01	4.09	3.98	4.02	35167386	184115328.00
2017/01/23	4.02	4.09	3.94	4.08	40325526	211063504.00
2017/01/24	4.04	4.22	4.03	4.17	49985902	268391408.00
2017/01/25	4.13	4.18	4.04	4.05	25790386	137511840.00
2017/01/26	4.06	4.09	3.99	4.08	27066374	142550176.00
2017/02/03	4.05	4.06	3.91	3.96	26411459	137304624.00
2017/02/06	3.96	4.00	3.93	3.97	22015081	114125872.00
2017/02/07	3.98	4.03	3.93	4.02	32389579	168838064.00
2017/02/08	4.01	4.10	3.95	4.10	27779913	146574816.00
2017/02/09	4.08	4.23	4.07	4.18	34560004	185169040.00
2017/02/10	4.19	4.37	4.13	4.27	45616142	249844976.00
2017/02/13	4.28	4.50	4.22	4.32	47207619	263921392.00
2017/02/14	4.31	4.34	4.21	4.33	25045068	137720720.00
2017/02/15	4.29	4.38	4.19	4.22	34672950	190837024.00
2017/02/16	4.19	4.56	4.19	4.48	82903108	467945472.00
2017/02/17	4.44	4.63	4.38	4.43	50218338	286848608.00
2017/02/20	4.51	4.61	4.39	4.54	50128274	286299360.00
2017/02/21	4.57	4.65	4.44	4.57	59055319	340499552.00
2017/02/22	4.53	4.57	4.45	4.50	38842143	222100272.00
2017/02/23	4.51	4.53	4.33	4.35	40833189	230006224.00
2017/02/24	4.31	4.33	4.13	4.25	56540040	307746592.00
2017/02/27	4.24	4.29	4.15	4.20	30573764	166558288.00
2017/02/28	4.23	4.35	4.21	4.31	38143039	209957760.00
2017/03/01	4.30	4.54	4.30	4.53	73629542	418817728.00
2017/03/02	4.58	4.61	4.44	4.47	36400071	207925584.00
2017/03/03	4.43	4.52	4.35	4.46	30425029	172064240.00
2017/03/06	4.52	4.60	4.45	4.58	48225326	278534240.00
2017/03/07	4.57	4.63	4.49	4.51	29776860	171627536.00
2017/03/08	4.50	4.55	4.45	4.51	22214520	127197008.00
2017/03/09	4.49	4.49	4.30	4.40	38559193	216212224.00
2017/03/10	4.40	4.45	4.29	4.42	29979434	167288032.00
2017/03/13	4.37	4.64	4.30	4.62	59858771	345028928.00
2017/03/14	4.60	4.84	4.59	4.75	73911235	442114048.00
2017/03/15	4.75	4.87	4.71	4.74	36277249	218330768.00
2017/03/16	4.79	5.02	4.79	4.88	59155296	362633440.00
2017/03/17	4.84	4.92	4.69	4.70	40691272	244033616.00
2017/03/20	4.98	5.02	4.69	4.76	61041171	367783392.00
2017/03/21	4.73	4.86	4.64	4.70	38874148	231894144.00
2017/03/22	4.63	4.73	4.56	4.69	38997189	228129952.00
2017/03/23	4.74	4.82	4.63	4.72	23275520	137729072.00
2017/03/24	4.69	4.80	4.66	4.76	35022830	208251424.00
2017/03/27	4.75	4.93	4.73	4.86	39376004	239402048.00
2017/03/28	4.87	4.87	4.74	4.83	21935906	131714096.00
2017/03/29	4.82	4.94	4.79	4.92	30174792	184405040.00
2017/03/30	4.93	5.02	4.78	4.85	37380954	228383328.00
2017/03/31	4.81	5.01	4.81	4.96	31381778	193007776.00
2017/04/05	4.98	5.10	4.90	4.97	51652438	320560256.00
2017/04/06	4.97	5.07	4.89	5.06	35295103	219033328.00
2017/04/07	5.03	5.13	4.98	5.01	27492150	172185184.00
2017/04/10	5.01	5.01	4.92	4.96	21003108	129870472.00
2017/04/11	4.94	5.01	4.77	4.89	34807187	212652016.00
2017/04/12	5.04	5.17	4.94	5.04	91909433	574424384.00
2017/04/13	5.03	5.13	4.97	5.00	39472417	247773280.00
2017/04/14	4.99	5.01	4.86	4.90	40067201	246073824.00
2017/04/17	4.84	4.91	4.75	4.86	39239905	237844928.00
2017/04/18	4.83	4.97	4.82	4.86	31421646	192489616.00
2017/04/19	4.84	4.85	4.59	4.60	49200508	290044512.00
2017/04/20	4.59	4.65	4.52	4.63	25459689	147716192.00
2017/04/21	4.66	4.74	4.61	4.68	30679805	180835200.00
2017/04/24	4.67	4.72	4.55	4.66	28327915	165325152.00
2017/04/25	4.63	4.72	4.61	4.68	16064628	94500304.00
2017/04/26	4.68	4.81	4.64	4.71	21139498	125458256.00
2017/04/27	4.71	4.81	4.66	4.79	36961598	219896448.00
2017/04/28	4.78	4.82	4.69	4.73	32905867	196847824.00
2017/05/02	4.73	4.77	4.67	4.70	29966354	178004224.00
2017/05/03	4.69	4.74	4.63	4.72	40082403	236318960.00
2017/05/04	4.69	4.71	4.56	4.56	40089502	235651328.00
2017/05/05	4.53	4.53	4.27	4.30	56042452	312174688.00
2017/05/08	4.29	4.29	4.20	4.22	34903113	190611456.00
2017/05/09	4.21	4.40	4.19	4.37	23494130	129656888.00
2017/05/10	4.33	4.41	4.27	4.28	22999563	128026224.00
2017/05/11	4.24	4.36	4.19	4.30	18873547	103801528.00
2017/05/12	4.28	4.38	4.27	4.31	19083324	105817280.00
2017/05/15	4.33	4.40	4.33	4.36	20592843	115006624.00
2017/05/16	4.34	4.46	4.29	4.41	22153728	123754016.00
2017/05/17	4.43	4.51	4.40	4.44	25810964	146395760.00
2017/05/18	4.40	4.45	4.36	4.42	16741955	94161280.00
2017/05/19	4.43	4.47	4.39	4.43	19751822	111771888.00
2017/05/22	4.42	4.51	4.40	4.44	22824670	129803272.00
2017/05/23	4.43	4.55	4.38	4.46	25668605	146052304.00
2017/05/24	4.44	4.50	4.38	4.45	27678997	156342064.00
2017/05/25	4.45	4.92	4.43	4.80	55850818	329799360.00
2017/05/26	4.80	4.89	4.69	4.71	49128183	294941408.00
2017/05/31	4.78	4.89	4.69	4.75	31866349	191449440.00
2017/06/01	4.73	4.94	4.71	4.79	44670925	269875296.00
2017/06/02	4.76	4.89	4.76	4.88	34965501	211443968.00
2017/06/05	4.88	5.11	4.74	4.82	63543292	391177440.00
2017/06/06	4.78	4.82	4.70	4.79	34046104	203510320.00
2017/06/07	4.78	4.97	4.75	4.93	43693959	266966960.00
2017/06/08	4.88	4.94	4.85	4.90	33093753	201841536.00
2017/06/09	4.92	5.10	4.88	5.08	61494098	383408896.00
2017/06/12	5.04	5.41	5.03	5.25	69925503	450476320.00
2017/06/13	5.23	5.56	5.19	5.34	91016457	606035264.00
2017/06/14	5.38	5.49	5.21	5.27	72488614	472359520.00
2017/06/15	5.26	5.38	5.16	5.22	51584175	333038912.00
2017/06/16	5.22	5.24	5.06	5.08	59881286	380262336.00
2017/06/19	5.15	5.58	5.13	5.40	115941045	762965120.00
2017/06/20	5.40	5.42	5.31	5.36	45761752	301239104.00
2017/06/21	5.36	5.41	5.26	5.39	44924977	294095808.00
2017/06/22	5.42	5.52	5.27	5.29	71437371	474310336.00
2017/06/23	5.24	5.35	5.11	5.29	46647466	300648896.00
2017/06/26	5.30	5.57	5.18	5.54	103016802	678348992.00
2017/06/27	5.49	5.92	5.47	5.81	116061176	805960768.00
2017/06/28	5.77	6.01	5.68	5.82	78716743	557996736.00
2017/06/29	5.87	6.15	5.83	5.91	70714291	506937312.00
2017/06/30	5.88	5.98	5.81	5.85	49030375	348147744.00
2017/07/03	5.86	6.27	5.83	6.25	108504516	787836288.00
2017/07/04	6.23	6.28	6.11	6.15	65774863	487441440.00
2017/07/05	6.23	6.52	6.13	6.40	110701661	835395904.00
2017/07/06	6.70	7.14	6.64	6.86	190304349	1530547328.00
2017/07/07	6.84	7.44	6.76	7.26	191370574	1576701312.00
2017/07/10	7.33	7.53	7.14	7.28	184514122	1570930688.00
2017/07/11	7.08	7.10	6.63	6.71	232763760	1880573824.00
2017/07/12	6.75	6.88	6.71	6.86	108393200	869197056.00
2017/07/13	6.84	6.98	6.74	6.78	121740888	982456384.00
2017/07/14	6.77	7.01	6.74	6.92	92480392	751566720.00
2017/07/17	6.56	6.90	6.37	6.69	162676838	1279278720.00
2017/07/18	6.65	6.93	6.61	6.92	120271856	959344512.00
2017/07/19	6.95	7.73	6.90	7.73	252801761	2174892032.00
2017/07/20	7.70	7.75	7.39	7.55	161618464	1397054848.00
2017/07/21	7.51	7.76	7.37	7.62	120243588	1046543744.00
2017/07/24	7.59	7.87	7.31	7.36	180305637	1556205312.00
2017/07/25	7.37	7.48	7.18	7.29	114015036	958410944.00
2017/07/26	7.28	7.35	7.14	7.20	119792230	1000081152.00
2017/07/27	7.19	7.19	6.72	6.78	160962225	1288027008.00
2017/07/28	6.71	6.96	6.69	6.94	97978447	780909376.00
2017/07/31	6.94	7.30	6.92	7.28	158314036	1307573760.00
2017/08/01	7.28	7.28	6.89	6.95	113920777	926192512.00
2017/08/02	6.92	7.25	6.87	6.98	128094986	1043699520.00
2017/08/03	6.94	7.06	6.84	7.04	96770978	779095040.00
2017/08/04	7.09	7.72	7.09	7.19	244186387	2079301376.00
2017/08/07	7.16	7.34	6.92	7.32	162830232	1340050944.00
2017/08/08	7.29	7.40	6.99	7.07	156359537	1295804800.00
2017/08/09	7.13	7.44	6.94	7.40	269591643	2242612480.00
2017/08/10	7.25	7.25	7.10	7.17	157217974	1300832640.00
2017/08/11	7.06	7.14	6.42	6.51	178215057	1408886912.00
2017/08/14	6.49	6.64	6.40	6.54	77296756	590413760.00
2017/08/15	6.51	6.71	6.37	6.58	74881380	573890048.00
2017/08/16	6.64	6.75	6.53	6.66	64650949	500800736.00
2017/08/17	6.82	6.88	6.66	6.71	91081285	716913600.00
2017/08/18	6.62	6.80	6.60	6.73	68098230	533424608.00
2017/08/21	6.71	6.93	6.70	6.85	71451772	566543360.00
2017/08/22	6.81	6.91	6.78	6.81	57216699	455234112.00
2017/08/23	6.74	6.81	6.55	6.60	63483640	491929120.00
2017/08/24	6.64	6.76	6.62	6.65	41191467	321641856.00
2017/08/25	6.81	7.13	6.72	7.02	156813323	1265212288.00
2017/08/28	6.99	7.18	6.95	7.09	133446505	1091343744.00
2017/08/29	7.04	7.24	7.01	7.07	83972177	692015104.00
2017/08/30	7.02	7.44	7.02	7.30	158457932	1330604288.00
2017/08/31	7.28	7.52	7.21	7.46	125138016	1058197568.00
2017/09/01	7.65	8.22	7.55	7.86	253438600	2278744064.00
2017/09/04	7.99	8.04	7.54	7.67	154461231	1367593728.00
2017/09/05	7.69	7.95	7.58	7.82	114376628	1013681536.00
2017/09/06	7.78	8.00	7.69	7.76	96682854	865416256.00
2017/09/07	7.76	7.77	7.51	7.57	84226570	734294464.00
2017/09/08	7.61	7.79	7.52	7.64	88594089	778256000.00
2017/09/11	7.57	7.83	7.49	7.81	110416915	965902720.00
2017/09/12	7.96	8.12	7.81	7.90	156255578	1415318784.00
2017/09/13	7.94	8.12	7.86	7.96	96312317	879735744.00
2017/09/14	7.99	8.04	7.72	7.75	92842512	830888448.00
2017/09/15	7.68	7.71	7.28	7.39	103040994	883803136.00
2017/09/18	7.39	7.49	7.30	7.44	54955717	467617024.00
2017/09/19	7.48	7.73	7.46	7.53	69438676	603366464.00
2017/09/20	7.57	7.83	7.54	7.82	87431568	771173184.00
2017/09/21	7.74	7.77	7.53	7.54	75582329	660979712.00
2017/09/22	7.46	7.62	7.31	7.49	63904547	548669568.00
2017/09/25	7.47	7.48	7.33	7.34	38181150	324866848.00
2017/09/26	7.39	7.55	7.39	7.50	51141157	439782080.00
2017/09/27	7.52	7.79	7.51	7.73	87050861	766849984.00
2017/09/28	7.69	7.73	7.54	7.70	64804820	566627072.00
2017/09/29	7.63	7.73	7.58	7.69	55405382	485624992.00
2017/10/09	7.88	7.88	7.56	7.59	72082049	635093696.00
2017/10/10	7.53	7.53	7.29	7.33	89542674	759194368.00
2017/10/11	7.33	7.37	7.26	7.29	54859666	462181504.00
2017/10/12	7.29	7.30	6.91	7.08	123013562	1001711616.00
2017/10/13	7.07	7.14	7.01	7.13	43831401	358899424.00
2017/10/16	7.16	7.18	7.01	7.14	49035484	402036672.00
2017/10/17	7.05	7.08	6.95	6.96	32623578	265189552.00
2017/10/18	6.98	7.01	6.84	6.90	36735737	295284768.00
2017/10/19	6.83	6.85	6.66	6.69	53338477	418956224.00
2017/10/20	6.68	6.91	6.67	6.90	35429331	280435488.00
2017/10/23	6.84	6.94	6.78	6.90	27096234	216270960.00
2017/10/24	6.88	7.06	6.88	6.94	32783628	264856928.00
2017/10/25	6.92	7.04	6.91	7.02	26990326	218962992.00
2017/10/26	7.02	7.20	7.00	7.20	57592500	474773792.00
2017/10/27	7.20	7.25	7.05	7.10	33718840	277763328.00
2017/10/30	7.06	7.06	6.65	6.73	98339496	773546880.00
2017/10/31	6.65	6.85	6.62	6.75	47798144	376724608.00
2017/11/01	6.75	6.92	6.75	6.85	44101953	350616800.00
2017/11/02	6.86	6.98	6.74	6.78	36465087	290768128.00
2017/11/03	6.75	6.81	6.49	6.59	54360845	418679776.00
2017/11/06	6.61	6.65	6.34	6.64	62304823	474542656.00
2017/11/07	6.62	6.97	6.55	6.88	80957533	641556096.00
2017/11/08	6.82	7.12	6.81	7.02	65939820	535294816.00
2017/11/09	7.11	7.25	7.00	7.11	78634559	647610368.00
2017/11/10	7.05	7.07	6.88	6.94	50287204	404531456.00
2017/11/13	6.87	7.15	6.78	7.13	87855088	710228864.00
2017/11/14	7.13	7.55	7.11	7.41	165338790	1408922368.00
2017/11/15	7.28	7.34	7.10	7.22	105896850	879600768.00
2017/11/16	7.17	7.23	6.98	7.02	68055317	557001984.00
2017/11/17	6.97	7.05	6.65	6.74	89522766	709116800.00
2017/11/20	6.75	6.88	6.54	6.87	74199539	582121728.00
2017/11/21	6.84	7.02	6.72	6.90	62099132	497466912.00
2017/11/22	7.05	7.07	6.79	7.02	73733743	593323008.00
2017/11/23	7.06	7.23	6.86	6.88	111489151	916462976.00
2017/11/24	6.84	7.15	6.71	7.14	76990262	622977280.00
2017/11/27	7.19	7.33	7.00	7.06	90404258	749379584.00
2017/11/28	7.00	7.45	6.96	7.43	147176488	1236255232.00
2017/11/29	7.42	7.62	7.29	7.53	181150824	1557312896.00
2017/11/30	7.56	7.69	7.39	7.47	125447454	1084187264.00
2017/12/01	7.45	7.52	7.20	7.34	99522765	838114880.00
2017/12/04	7.44	7.54	7.25	7.33	87227629	740667264.00
2017/12/05	7.28	7.32	6.97	7.06	90010472	743004224.00
2017/12/06	7.01	7.10	6.84	7.07	94385926	762227136.00
2017/12/07	7.00	7.05	6.61	6.69	88738258	708184128.00
2017/12/08	6.70	6.92	6.66	6.89	66966375	529903648.00
2017/12/11	7.01	7.02	6.84	6.91	54604932	438176736.00
2017/12/12	6.90	6.94	6.74	6.75	49121863	390229536.00
2017/12/13	6.79	6.89	6.72	6.86	45418414	359810400.00
2017/12/14	6.86	6.98	6.84	6.94	58095372	466211744.00
2017/12/15	6.90	6.94	6.70	6.79	51398123	406698368.00
2017/12/18	6.88	7.13	6.82	7.12	114020404	924927296.00
2017/12/19	7.12	7.16	7.02	7.14	76972695	631328832.00
2017/12/20	7.09	7.17	6.86	6.94	74658016	605939136.00
2017/12/21	6.86	6.96	6.77	6.91	49638687	396053472.00
2017/12/22	6.86	6.93	6.82	6.85	47265940	377462240.00
2017/12/25	6.84	6.88	6.77	6.78	41083938	326102016.00
2017/12/26	6.80	6.84	6.69	6.82	42985506	338376928.00
2017/12/27	6.81	7.10	6.78	6.97	107428238	869724672.00
2017/12/28	6.96	7.21	6.91	7.17	115603888	946411584.00
2017/12/29	7.16	7.23	7.04	7.05	63607000	521464160.00
2018/01/02	7.17	7.54	7.12	7.50	200203313	1690044288.00
2018/01/03	7.44	7.74	7.42	7.53	136179967	1187363200.00
2018/01/04	7.59	7.83	7.55	7.78	96847096	852904192.00
2018/01/05	7.76	7.82	7.64	7.74	73503780	648554880.00
2018/01/08	7.80	8.53	7.78	8.29	210649913	1953081472.00
2018/01/09	8.07	8.28	8.00	8.19	118411645	1094345088.00
2018/01/10	8.10	8.25	7.99	8.12	74234805	684275072.00
2018/01/11	8.08	8.13	7.72	7.85	86641718	777549952.00
2018/01/12	7.88	8.12	7.80	7.94	66456897	603435008.00
2018/01/15	7.99	8.07	7.45	7.54	83514024	731282560.00
2018/01/16	7.59	7.71	7.54	7.67	49693332	434368544.00
2018/01/17	7.70	7.85	7.53	7.77	68243206	602155904.00
2018/01/18	7.79	8.03	7.78	7.96	73208928	660848576.00
2018/01/19	7.99	8.26	7.92	8.11	89332810	825358848.00
2018/01/22	8.19	8.38	8.14	8.24	114196942	1069383680.00
2018/01/23	8.14	8.42	8.10	8.40	85951020	809771200.00
2018/01/24	8.39	8.49	8.20	8.32	71280818	673228672.00
2018/01/25	8.50	8.88	8.49	8.69	105405449	1032997440.00
2018/01/26	8.59	8.82	8.48	8.71	65014954	632616320.00
2018/01/29	8.89	9.44	8.89	9.07	142836504	1466773120.00
2018/01/30	8.94	9.21	8.83	8.84	100845780	1017215808.00
2018/01/31	8.69	9.03	8.49	8.94	66772838	660817024.00
2018/02/01	8.94	9.20	8.61	8.76	76408450	769102592.00
2018/02/02	8.72	9.58	8.49	9.45	129380967	1331198592.00
2018/02/05	9.29	9.72	9.16	9.44	146614681	1551968384.00
2018/02/06	9.09	9.34	8.71	8.75	139129423	1398318464.00
2018/02/07	9.01	9.23	8.49	8.54	139271611	1388111232.00
2018/02/08	8.39	8.49	7.85	8.00	131659141	1212602112.00
2018/02/09	7.76	7.83	7.09	7.23	144408214	1228198784.00
2018/02/12	7.30	7.41	7.10	7.30	65827927	555275200.00
2018/02/13	7.40	7.69	7.38	7.48	74154687	641371008.00
2018/02/14	7.46	7.84	7.46	7.78	47330173	415186208.00
2018/02/22	7.94	8.03	7.85	7.98	57122460	517366656.00
2018/02/23	7.95	8.18	7.86	8.10	68228932	621965440.00
2018/02/26	8.18	8.23	7.87	8.09	94981292	866247360.00
2018/02/27	8.03	8.03	7.54	7.63	116727391	1031534848.00
2018/02/28	7.50	7.70	7.44	7.62	58492057	507882400.00
2018/03/01	7.47	7.67	7.44	7.53	62824294	543322112.00
2018/03/02	7.44	7.44	7.28	7.39	68193829	577568192.00
2018/03/05	7.40	7.50	7.16	7.19	66920640	562645440.00
2018/03/06	7.24	7.48	7.11	7.46	89497436	752783296.00
2018/03/07	7.41	7.48	7.21	7.26	49617047	420920608.00
2018/03/08	7.25	7.35	7.21	7.32	31789323	266384560.00
2018/03/09	7.28	7.35	7.15	7.22	59101333	491911648.00
2018/03/12	7.21	7.30	7.11	7.22	89079048	742423424.00
2018/03/13	7.18	7.30	7.16	7.18	46180479	385222496.00
2018/03/14	7.17	7.28	7.09	7.25	69290293	573941696.00
2018/03/15	7.17	7.21	7.11	7.17	47811321	395357632.00
2018/03/16	7.18	7.19	7.01	7.02	50037687	411074336.00
2018/03/19	6.96	6.97	6.69	6.71	84069480	664134080.00
2018/03/20	6.63	6.82	6.60	6.76	51847378	407444768.00
2018/03/21	6.78	6.85	6.69	6.77	48768262	384308160.00
2018/03/22	6.83	6.84	6.65	6.78	44622211	350040736.00
2018/03/23	6.49	6.73	6.24	6.71	127073716	956988800.00
2018/03/26	6.49	6.61	6.39	6.46	57302358	433745248.00
2018/03/27	6.57	6.60	6.39	6.50	62902850	477643488.00
2018/03/28	6.38	6.50	6.26	6.33	58327065	436002400.00
2018/03/29	6.32	6.60	6.20	6.52	90981896	682284800.00
2018/03/30	6.64	6.66	6.45	6.60	87981684	676272704.00
2018/04/02	6.60	6.86	6.57	6.73	94361036	737532928.00
2018/04/03	6.59	6.65	6.45	6.46	62367946	478409504.00
2018/04/04	6.48	6.66	6.47	6.53	52036321	399588544.00
2018/04/09	6.51	6.62	6.47	6.57	42164891	323893152.00
2018/04/10	6.59	6.76	6.59	6.75	54807060	428641888.00
2018/04/11	6.84	6.91	6.68	6.74	56456438	446645760.00
2018/04/12	6.70	6.71	6.48	6.49	54245679	416534912.00
2018/04/13	6.53	6.61	6.44	6.52	47152732	360141312.00
2018/04/16	6.52	6.53	6.23	6.35	73854172	549949440.00
2018/04/17	6.33	6.45	6.27	6.28	44272552	330889728.00
2018/04/18	6.50	6.58	6.36	6.41	79142773	598911808.00
2018/04/19	6.44	6.72	6.36	6.69	104313796	807975744.00
2018/04/20	6.66	6.70	6.53	6.69	53297718	411932608.00
2018/04/23	6.69	6.76	6.60	6.76	54125193	422468992.00
2018/04/24	6.90	7.09	6.81	6.86	146338298	1185269376.00
2018/04/25	6.77	6.96	6.75	6.82	48434057	385266144.00
2018/04/26	6.83	6.92	6.71	6.82	50465445	399739392.00
2018/04/27	6.81	6.93	6.75	6.89	39854230	317888864.00
2018/05/02	6.84	6.95	6.67	6.74	55109912	434971712.00
2018/05/03	6.72	6.84	6.68	6.80	40269973	316525952.00
2018/05/04	6.79	6.87	6.72	6.82	52179101	412812128.00
2018/05/07	6.82	7.30	6.82	7.17	124846113	1027792640.00
2018/05/08	7.17	7.24	7.12	7.20	67792193	562814592.00
2018/05/09	7.21	7.29	7.09	7.12	53185541	441413056.00
2018/05/10	7.22	7.41	7.21	7.34	98601746	831113408.00
2018/05/11	7.33	7.58	7.20	7.47	84022185	716120512.00
2018/05/14	7.54	7.66	7.46	7.52	58518583	506112576.00
2018/05/15	7.64	7.68	7.36	7.49	66248583	566830144.00
2018/05/16	7.48	7.48	7.36	7.36	52441842	446464896.00
2018/05/17	7.37	7.55	7.36	7.46	45183314	386957600.00
2018/05/18	7.48	7.79	7.47	7.73	95095571	834230784.00
2018/05/21	7.59	7.71	7.53	7.62	90565946	789395520.00
2018/05/22	7.59	7.61	7.36	7.43	64264256	551315328.00
2018/05/23	7.24	7.24	6.86	6.90	189693467	1538057856.00
2018/05/24	6.89	6.97	6.86	6.93	65473269	525655776.00
2018/05/25	6.95	7.00	6.83	6.95	39282377	315385632.00
2018/05/28	6.96	6.98	6.80	6.86	49935824	400204640.00
2018/05/29	6.98	7.06	6.95	6.97	71355304	578686528.00
2018/05/30	6.82	6.88	6.71	6.72	62360398	492203008.00
2018/05/31	6.83	6.97	6.81	6.94	52127843	417050208.00
2018/06/01	7.02	7.43	7.02	7.24	119538383	1004558656.00
2018/06/04	7.33	7.44	7.11	7.17	109566805	919118656.00
2018/06/05	7.11	7.21	6.91	7.10	102857325	837478144.00
2018/06/06	7.08	7.34	7.04	7.28	94984695	793108928.00
2018/06/07	7.31	7.62	7.31	7.49	91622018	788308544.00
2018/06/08	7.40	7.44	7.25	7.36	59796591	505855904.00
2018/06/11	7.31	7.47	7.17	7.35	58852117	497158208.00
2018/06/12	7.32	7.71	7.32	7.65	105834695	919531904.00
2018/06/13	7.64	7.73	7.57	7.69	75359054	661080832.00
2018/06/14	7.69	7.90	7.65	7.77	84849094	755841088.00
2018/06/15	7.72	7.98	7.66	7.84	80078122	715592192.00
2018/06/19	7.72	7.87	7.48	7.80	200864114	1772062208.00
2018/06/20	7.70	7.73	7.44	7.65	85726296	747487872.00
2018/06/21	7.66	8.00	7.65	7.71	121773334	1090097920.00
2018/06/22	7.49	7.75	7.40	7.69	62724335	544167232.00
2018/06/25	7.82	7.85	7.41	7.42	68199636	592175104.00
2018/06/26	7.19	7.27	6.91	7.11	91675569	753069696.00
2018/06/27	7.14	7.23	6.94	7.06	60839861	497625728.00
2018/06/28	7.10	7.13	6.83	6.88	65236169	526929312.00
2018/06/29	6.89	7.12	6.75	7.11	82437498	666529344.00
2018/07/02	7.05	7.09	6.67	6.77	85357798	678067776.00
2018/07/03	6.81	6.81	6.41	6.66	71664764	554146624.00
2018/07/04	6.67	6.84	6.61	6.68	46291897	362070560.00
2018/07/05	6.60	6.79	6.48	6.75	83716061	650536896.00
2018/07/06	6.67	6.77	6.48	6.68	57277846	443714208.00
2018/07/09	6.69	6.85	6.67	6.81	76895728	607170624.00
2018/07/10	6.86	6.93	6.78	6.89	55286916	416394912.00
2018/07/11	6.70	6.76	6.61	6.68	44821184	329909568.00
2018/07/12	6.66	6.89	6.66	6.83	44252078	332191872.00
2018/07/13	6.81	6.83	6.72	6.79	36377458	271324416.00
2018/07/16	6.87	6.99	6.80	6.87	51027515	386473984.00
2018/07/17	6.81	6.81	6.60	6.70	44284556	326347680.00
2018/07/18	6.70	6.72	6.63	6.64	28459786	209312592.00
2018/07/19	6.67	6.71	6.57	6.60	40387699	296011680.00
2018/07/20	6.60	6.69	6.40	6.66	64170736	462820288.00
2018/07/23	6.57	6.99	6.53	6.94	79298269	594094784.00
2018/07/24	7.02	7.25	7.02	7.09	136671098	1069592256.00
2018/07/25	7.12	7.24	7.04	7.10	56666147	443661440.00
2018/07/26	7.06	7.22	6.91	6.98	74943877	578981824.00
2018/07/27	6.99	7.03	6.89	6.96	33795511	258661200.00
2018/07/30	6.96	7.10	6.93	6.98	40919087	315202112.00
2018/07/31	7.01	7.02	6.82	6.92	32788987	248882800.00
2018/08/01	6.91	7.01	6.65	6.67	45927175	346840896.00
2018/08/02	6.68	6.68	6.42	6.55	54234841	391491712.00
2018/08/03	6.51	6.76	6.47	6.51	67041454	488232288.00
2018/08/06	6.53	6.57	6.28	6.38	52317184	371938880.00
2018/08/07	6.49	6.70	6.44	6.70	81819450	595580224.00
2018/08/08	6.71	6.75	6.61	6.70	48005074	354547360.00
2018/08/09	6.62	6.84	6.58	6.82	48938634	364157728.00
2018/08/10	6.89	6.94	6.70	6.76	54974462	413033696.00
2018/08/13	6.75	6.87	6.67	6.85	46085061	343475040.00
2018/08/14	6.86	6.96	6.82	6.91	45023119	341729248.00
2018/08/15	6.90	6.95	6.70	6.73	43247543	324043136.00
2018/08/16	6.62	6.71	6.59	6.66	37286258	273243296.00
2018/08/17	6.73	6.74	6.59	6.60	40005026	294774560.00
2018/08/20	6.62	6.72	6.58	6.71	35631034	261635232.00
2018/08/21	6.71	6.84	6.66	6.77	38241653	285305888.00
2018/08/22	6.79	6.94	6.74	6.83	42849726	323613280.00
2018/08/23	6.84	6.87	6.70	6.83	30080323	225460032.00
2018/08/24	6.83	6.86	6.71	6.82	21736248	162415664.00
2018/08/27	6.83	6.92	6.81	6.91	34753865	262873072.00
2018/08/28	6.90	7.04	6.87	6.98	41243232	315870656.00
2018/08/29	6.96	7.02	6.89	6.92	22543990	172159888.00
2018/08/30	6.91	6.98	6.77	6.82	27705883	208646384.00
2018/08/31	6.82	6.83	6.70	6.80	22395507	166969760.00
2018/09/03	6.77	6.80	6.65	6.70	29546049	218847696.00
2018/09/04	6.71	6.82	6.70	6.80	19704480	146795408.00
2018/09/05	6.81	6.81	6.66	6.67	21256544	157855888.00
2018/09/06	6.69	6.80	6.60	6.63	24695961	182237376.00
2018/09/07	7.28	7.36	7.06	7.36	228126873	1820831488.00
2018/09/10	7.30	7.36	7.18	7.28	105983021	843374336.00
2018/09/11	7.27	7.27	7.05	7.15	72059730	564429952.00
2018/09/12	7.15	7.33	7.10	7.17	84413342	668360576.00
2018/09/13	7.30	7.33	7.13	7.31	48604629	385884864.00
2018/09/14	7.29	7.52	7.26	7.47	77289425	626304128.00
2018/09/17	7.39	7.46	7.24	7.31	52472268	422135936.00
2018/09/18	7.27	7.59	7.26	7.59	63632337	518827936.00
2018/09/19	7.56	7.81	7.55	7.73	74451028	624857344.00
2018/09/20	7.71	7.76	7.59	7.62	46131643	385320384.00
2018/09/21	7.71	8.14	7.67	8.11	111183592	955226496.00
2018/09/25	7.96	8.09	7.92	8.04	44175628	384109376.00
2018/09/26	8.07	8.17	7.92	8.00	59952366	523966912.00
2018/09/27	8.01	8.16	7.95	8.07	45471604	397955680.00
2018/09/28	8.10	8.13	7.93	8.01	48726711	422944352.00
2018/10/08	7.88	7.93	7.66	7.75	75602616	641332672.00
2018/10/09	7.76	8.05	7.72	8.01	68047400	587684096.00
2018/10/10	8.08	8.19	7.95	8.09	63833745	559283520.00
2018/10/11	7.81	7.99	7.55	7.65	84907571	718780288.00
2018/10/12	7.64	8.05	7.56	7.97	75158454	638958208.00
2018/10/15	8.02	8.02	7.64	7.67	70204871	594353408.00
2018/10/16	7.62	7.87	7.55	7.58	47828558	401513856.00
2018/10/17	7.77	7.82	7.55	7.75	62207892	521816192.00
2018/10/18	7.67	7.67	7.49	7.53	63435744	523424160.00
2018/10/19	7.47	7.69	7.23	7.69	88032294	723967360.00
2018/10/22	7.69	8.07	7.66	7.96	117272481	1005941696.00
2018/10/23	7.95	8.01	7.74	7.79	72354312	619806592.00
2018/10/24	7.79	7.91	7.63	7.88	53075273	450662112.00
2018/10/25	7.65	7.99	7.58	7.97	65001103	547982784.00
2018/10/26	8.02	8.25	7.86	8.06	116071361	1018581824.00
2018/10/29	8.11	8.19	7.67	7.73	112067993	963954752.00
2018/10/30	7.69	7.90	7.57	7.79	72906191	616766528.00
2018/10/31	7.75	7.98	7.75	7.84	63521887	544127232.00
2018/11/01	7.86	7.92	7.66	7.67	83677492	709736960.00
2018/11/02	7.79	7.84	7.61	7.79	86237609	725162688.00
2018/11/05	7.67	7.78	7.65	7.72	47911262	402346880.00
2018/11/06	7.70	7.78	7.65	7.71	33594153	282442848.00
2018/11/07	7.72	7.72	7.53	7.54	71704256	594380864.00
2018/11/08	7.55	7.62	7.51	7.55	34815042	287553280.00
2018/11/09	7.52	7.60	7.46	7.47	32909221	269955808.00
2018/11/12	7.43	7.49	7.31	7.40	69140045	557739264.00
2018/11/13	7.32	7.44	7.29	7.40	57874391	466093792.00
2018/11/14	7.34	7.58	7.32	7.46	51020738	416115680.00
2018/11/15	7.42	7.47	7.33	7.44	56034410	451566240.00
2018/11/16	7.43	7.43	7.32	7.32	54600840	439500096.00
2018/11/19	7.31	7.39	7.29	7.37	36610906	294037152.00
2018/11/20	7.33	7.36	7.25	7.26	38927207	310881376.00
2018/11/21	7.20	7.34	7.04	7.31	60642371	477069824.00
2018/11/22	7.29	7.32	7.16	7.19	28220181	223606704.00
2018/11/23	7.20	7.21	7.05	7.07	36519622	284389216.00
2018/11/26	7.08	7.10	6.84	6.85	51151094	391386240.00
2018/11/27	6.90	6.93	6.78	6.84	42293721	318614528.00
2018/11/28	6.81	6.99	6.81	6.97	30341656	230900320.00
2018/11/29	6.99	7.06	6.90	6.90	25570100	196651856.00
2018/11/30	6.86	7.04	6.85	7.03	24436691	187539984.00
2018/12/03	7.15	7.24	7.09	7.13	49276522	386633184.00
2018/12/04	7.13	7.14	7.03	7.14	32142632	250084704.00
2018/12/05	7.06	7.15	7.03	7.11	22412098	174417760.00
2018/12/06	7.06	7.12	6.98	6.98	25577468	198142272.00
2018/12/07	7.01	7.19	7.00	7.17	37971303	296283712.00
2018/12/10	7.11	7.21	7.07	7.16	24398759	191233504.00
2018/12/11	7.16	7.16	7.09	7.11	18310746	143222784.00
2018/12/12	7.16	7.20	7.08	7.15	22003414	172276128.00
2018/12/13	7.17	7.27	7.15	7.23	31716731	250945776.00
2018/12/14	7.19	7.22	7.07	7.08	26612484	208091600.00
2018/12/17	7.07	7.18	6.93	7.13	41082160	318467360.00
2018/12/18	7.05	7.14	7.02	7.06	17054891	132440608.00
2018/12/19	7.09	7.11	7.01	7.03	23592934	182786688.00
2018/12/20	7.05	7.09	6.92	6.93	31376136	240780016.00
2018/12/21	6.91	6.97	6.84	6.93	27454548	209280912.00
2018/12/24	6.92	6.98	6.90	6.95	14189410	108378152.00
2018/12/25	6.89	6.90	6.77	6.84	28671653	215716400.00
2018/12/26	6.85	6.90	6.77	6.79	17609682	132208936.00
2018/12/27	6.92	6.94	6.77	6.81	22279848	167603328.00
2018/12/28	6.81	6.83	6.69	6.75	25448030	189369632.00
2019/01/02	6.77	6.79	6.58	6.63	37561457	275253568.00
2019/01/03	6.62	6.68	6.56	6.64	21312597	155781088.00
2019/01/04	6.58	6.79	6.52	6.78	33785231	248098848.00
2019/01/07	6.79	6.86	6.72	6.83	30902515	230950368.00
2019/01/08	6.81	6.89	6.75	6.87	21747942	163585920.00
2019/01/09	6.87	7.03	6.86	6.92	36710891	281631488.00
2019/01/10	6.98	6.98	6.88	6.94	15828242	120362496.00
2019/01/11	6.93	6.97	6.88	6.94	16323795	124188048.00
2019/01/14	7.01	7.13	6.94	6.98	34479561	266349888.00
2019/01/15	6.97	7.05	6.84	7.01	29643873	226566560.00
2019/01/16	7.06	7.15	7.03	7.09	34688514	269870240.00
2019/01/17	7.08	7.24	7.06	7.13	45226936	354907520.00
2019/01/18	7.20	7.34	7.15	7.29	50988216	406082336.00
2019/01/21	7.40	7.54	7.28	7.47	69826017	564799744.00
2019/01/22	7.44	7.45	7.36	7.43	40990554	331792512.00
2019/01/23	7.39	7.43	7.32	7.36	23224291	187120272.00
2019/01/24	7.40	7.41	7.24	7.37	28573121	229007040.00
2019/01/25	7.32	7.44	7.29	7.30	41605215	334541056.00
2019/01/28	7.36	7.64	7.36	7.58	86432735	710595584.00
2019/01/29	7.56	7.69	7.50	7.68	51551554	428232064.00
2019/01/30	7.65	7.69	7.53	7.57	24979448	207163248.00
2019/01/31	7.59	7.78	7.52	7.73	49526096	413511776.00
2019/02/01	7.73	7.77	7.59	7.71	46664719	390141120.00
2019/02/11	7.70	7.76	7.64	7.72	40187095	337202528.00
2019/02/12	7.71	7.77	7.66	7.74	46122696	386860544.00
2019/02/13	7.72	7.72	7.61	7.69	54145176	452226912.00
2019/02/14	7.63	7.75	7.62	7.67	42112125	352350496.00
2019/02/15	7.67	7.68	7.46	7.46	43235497	355926400.00
2019/02/18	7.51	7.63	7.46	7.61	49466845	408018912.00
2019/02/19	7.60	7.67	7.46	7.52	57567185	475035680.00
2019/02/20	7.52	7.71	7.52	7.71	46208063	385208448.00
2019/02/21	7.72	7.94	7.67	7.69	61179566	520460672.00
2019/02/22	7.64	7.80	7.53	7.80	54616016	455570944.00
2019/02/25	7.83	8.18	7.76	8.16	98482308	852226304.00
2019/02/26	8.12	8.58	7.99	8.18	111229317	1002309824.00
2019/02/27	8.27	8.59	8.18	8.32	92487413	836302528.00
2019/02/28	8.32	8.43	8.18	8.24	49544757	444646528.00
2019/03/01	8.35	8.49	8.18	8.43	59066684	531144864.00
2019/03/04	8.50	8.82	8.49	8.54	120121824	1122522624.00
2019/03/05	8.60	8.60	8.39	8.46	70889750	648970112.00
2019/03/06	8.46	8.46	8.29	8.38	94382524	853765056.00
2019/03/07	8.36	8.48	8.20	8.27	96317342	866801280.00
2019/03/08	8.10	8.12	7.93	7.94	95401087	832198528.00
2019/03/11	7.96	8.05	7.87	8.02	63357986	549179328.00
2019/03/12	8.11	8.15	7.98	8.03	68518160	600112064.00
2019/03/13	8.01	8.05	7.92	7.99	47653390	412585312.00
2019/03/14	7.96	8.06	7.90	8.01	51439521	445846720.00
2019/03/15	8.03	8.13	7.97	8.03	72494247	633001280.00
2019/03/18	8.06	8.32	7.99	8.31	99104644	876281152.00
2019/03/19	8.31	8.39	8.19	8.20	63927849	572108608.00
2019/03/20	8.24	8.32	8.12	8.20	56810938	505536960.00
2019/03/21	8.24	8.29	8.10	8.17	54300452	481506496.00
2019/03/22	8.18	8.36	8.15	8.31	70145119	628191360.00
2019/03/25	8.19	8.25	8.02	8.05	54955119	484835008.00
2019/03/26	8.09	8.11	7.89	7.97	58748379	509389344.00
2019/03/27	8.00	8.06	7.93	8.03	45552264	394581824.00
2019/03/28	8.01	8.10	7.94	8.01	36408996	317169536.00
2019/03/29	8.01	8.31	8.01	8.22	76370196	677449152.00
2019/04/01	8.29	8.81	8.29	8.78	143666543	1329247872.00
2019/04/02	8.80	8.81	8.58	8.74	85692557	804156864.00
2019/04/03	8.80	9.06	8.71	8.84	116325045	1110034176.00
2019/04/04	9.11	9.27	8.94	9.24	121659990	1196419968.00
2019/04/08	9.36	9.40	8.97	9.16	114575671	1131240704.00
2019/04/09	9.16	9.16	8.92	9.00	50204277	486548640.00
2019/04/10	9.00	9.19	8.89	9.06	47038623	457890656.00
2019/04/11	8.89	8.98	8.46	8.47	102200576	961062720.00
2019/04/12	8.46	8.62	8.43	8.52	52628640	484323040.00
2019/04/15	8.66	8.69	8.46	8.46	64730808	600070656.00
2019/04/16	8.46	8.68	8.42	8.68	55228778	511217248.00
2019/04/17	8.68	8.84	8.57	8.79	55227684	520988992.00
2019/04/18	8.73	8.78	8.59	8.62	35539988	333065376.00
2019/04/19	8.61	8.86	8.47	8.81	52480994	489870240.00
2019/04/22	8.74	8.77	8.44	8.49	48134790	445383520.00
2019/04/23	8.48	8.60	8.36	8.40	42939949	394224608.00
2019/04/24	8.45	8.55	8.40	8.47	28606943	261845152.00
2019/04/25	8.45	8.46	8.20	8.21	34338738	309045344.00
2019/04/26	8.19	8.27	8.12	8.15	35160319	312186752.00
2019/04/29	8.16	8.26	8.11	8.17	31958674	283742304.00
2019/04/30	8.19	8.34	8.15	8.33	33688739	301800480.00
2019/05/06	8.01	8.12	7.78	7.94	80834545	696267200.00
2019/05/07	7.96	8.07	7.93	8.00	30421128	264451920.00
2019/05/08	7.86	8.03	7.82	7.92	28571973	246082112.00
2019/05/09	7.84	7.91	7.68	7.82	46586641	395683456.00
2019/05/10	7.90	8.04	7.79	8.01	30046751	259554672.00
2019/05/13	7.98	8.34	7.89	8.17	47032571	417516032.00
2019/05/14	8.02	8.21	8.01	8.13	32769240	288436160.00
2019/05/15	8.16	8.30	8.16	8.27	29222692	260917184.00
2019/05/16	8.28	8.43	8.23	8.41	38582592	349688768.00
2019/05/17	8.42	8.42	8.21	8.24	31851795	287055520.00
2019/05/20	8.15	8.22	7.98	8.12	44446907	390906944.00
2019/05/21	8.15	8.43	8.14	8.39	42655467	385745472.00
2019/05/22	8.39	8.52	8.33	8.45	30026174	273776512.00
2019/05/23	8.41	8.59	8.35	8.43	47420127	434805760.00
2019/05/24	8.38	8.54	8.33	8.40	38834987	354943904.00
2019/05/27	8.37	8.46	8.27	8.39	39798776	359841728.00
2019/05/28	8.38	8.38	8.20	8.36	66453751	595000384.00
2019/05/29	8.24	8.27	8.14	8.15	43773122	388908224.00
2019/05/30	8.11	8.23	8.04	8.18	27341633	241524256.00
2019/05/31	8.19	8.19	7.99	8.04	27855786	244155824.00
2019/06/03	8.03	8.04	7.87	7.95	36955546	319000000.00
2019/06/04	7.97	7.99	7.89	7.96	19982435	172539760.00
2019/06/05	8.00	8.08	7.96	7.99	20767662	180796432.00
2019/06/06	7.97	8.00	7.90	7.90	16901611	145853744.00
2019/06/10	7.93	8.04	7.88	8.01	20189512	175143200.00
2019/06/11	8.02	8.23	7.99	8.16	32719965	288526976.00
2019/06/12	8.13	8.26	8.09	8.15	27744356	246249088.00
2019/06/13	8.15	8.15	8.04	8.10	15700368	137901904.00
2019/06/14	8.13	8.14	7.92	7.93	23373806	203182400.00
2019/06/17	7.91	7.98	7.89	7.95	14008766	121043216.00
2019/06/18	7.93	8.02	7.91	8.00	16015006	138963184.00
2019/06/19	8.13	8.20	8.09	8.15	31361137	277258208.00
2019/06/20	8.15	8.37	8.12	8.32	39844449	357711712.00
2019/06/21	8.38	8.38	8.28	8.32	33277530	300147008.00
2019/06/24	8.32	8.53	8.29	8.44	44033852	402373888.00
2019/06/25	8.44	8.58	8.40	8.49	39493718	362799936.00
2019/06/26	8.53	8.70	8.47	8.58	43823902	408316672.00
2019/06/27	8.62	8.77	8.54	8.56	31589905	294944704.00
2019/06/28	8.58	8.68	8.50	8.55	17701013	163792560.00
2019/07/01	8.63	8.70	8.59	8.68	33019693	308912864.00
2019/07/02	8.69	8.91	8.64	8.87	50292870	479005440.00
2019/07/03	8.84	8.85	8.60	8.61	25523717	239304496.00
2019/07/04	8.65	8.74	8.54	8.57	16247004	151156544.00
2019/07/05	8.63	8.67	8.57	8.59	13216986	122957232.00
2019/07/08	8.53	8.57	8.39	8.45	22437935	205749056.00
2019/07/09	8.49	8.54	8.42	8.44	18492054	169626832.00
2019/07/10	8.46	8.50	8.37	8.40	18245282	166420336.00
2019/07/11	8.52	8.54	8.41	8.44	21849213	193044736.00
2019/07/12	8.47	8.51	8.39	8.43	14033770	123554880.00
2019/07/15	8.44	8.49	8.34	8.47	17381043	152541872.00
2019/07/16	8.45	8.47	8.34	8.40	11649874	102196576.00
2019/07/17	8.39	8.66	8.37	8.59	25577291	228056832.00
2019/07/18	8.61	8.68	8.43	8.49	26889826	239754864.00
2019/07/19	8.47	8.57	8.46	8.49	18855712	167355888.00
2019/07/22	8.52	8.82	8.41	8.68	34919022	315087808.00
2019/07/23	8.71	8.73	8.63	8.69	14925399	134805760.00
2019/07/24	8.70	8.78	8.65	8.69	23491584	212780608.00
2019/07/25	8.69	8.72	8.67	8.72	16706425	151268160.00
2019/07/26	8.70	8.71	8.61	8.68	28690982	258270224.00
2019/07/29	8.71	8.76	8.66	8.76	18869471	171087872.00
2019/07/30	8.76	9.03	8.73	8.96	34777377	322606208.00
2019/07/31	8.92	9.20	8.91	9.10	44110406	417786240.00
2019/08/01	9.09	9.12	9.01	9.04	20649434	194393360.00
2019/08/02	8.90	9.07	8.76	8.98	27405059	254289264.00
2019/08/05	8.93	9.06	8.78	8.79	33733052	312580288.00
2019/08/06	8.59	8.92	8.50	8.78	32481274	294232608.00
2019/08/07	8.78	8.97	8.78	8.85	24604036	227957296.00
2019/08/08	8.82	8.92	8.73	8.79	23217738	213155776.00
2019/08/09	8.85	8.85	8.60	8.63	19017897	172361616.00
2019/08/12	8.60	8.74	8.53	8.74	34040774	305081696.00
2019/08/13	8.66	8.66	8.50	8.51	22154540	197269200.00
2019/08/14	8.59	8.69	8.58	8.63	16206772	145666624.00
2019/08/15	8.51	8.58	8.46	8.56	16657875	147889888.00
2019/08/16	8.57	8.71	8.50	8.60	25042846	224870080.00
2019/08/19	8.64	8.77	8.60	8.77	25607695	231661376.00
2019/08/20	8.79	8.88	8.75	8.79	18278129	167535616.00
2019/08/21	8.72	8.77	8.70	8.72	11371549	103337952.00
2019/08/22	8.78	8.78	8.59	8.66	14714181	132509184.00
2019/08/23	8.66	8.70	8.59	8.68	13448472	121245240.00
2019/08/26	8.50	8.65	8.50	8.55	17682819	157906496.00
2019/08/27	8.61	8.72	8.55	8.55	26356394	237048352.00
2019/08/28	8.60	8.63	8.52	8.54	14173888	126357192.00
2019/08/29	8.56	8.58	8.44	8.45	14783768	130885824.00
2019/08/30	8.51	8.60	8.48	8.54	15124686	134510304.00
2019/09/02	8.54	8.84	8.54	8.81	34219412	312382720.00
2019/09/03	8.77	8.89	8.75	8.87	20952087	192659312.00
2019/09/04	8.89	8.94	8.81	8.91	21412296	197952080.00
2019/09/05	8.93	9.02	8.79	8.82	27804634	257565248.00
2019/09/06	8.86	8.88	8.76	8.80	18606856	170479120.00
2019/09/09	8.86	8.92	8.69	8.89	25630375	235462384.00
2019/09/10	8.90	8.91	8.79	8.82	15178860	139404336.00
2019/09/11	8.88	8.89	8.71	8.77	18733242	171016656.00
2019/09/12	8.78	8.80	8.73	8.79	26904645	245412768.00
2019/09/16	8.84	8.92	8.75	8.81	20186205	185668736.00
2019/09/17	8.81	8.82	8.69	8.72	19139947	174343712.00
2019/09/18	8.73	8.76	8.67	8.71	13372253	121335008.00
2019/09/19	8.71	8.74	8.64	8.74	11615732	105273744.00
2019/09/20	8.74	8.74	8.59	8.64	31969855	287407648.00
2019/09/23	8.60	8.61	8.49	8.52	21440258	190486496.00
2019/09/24	8.51	8.59	8.51	8.57	12915120	115169480.00
2019/09/25	8.56	8.62	8.51	8.58	16337056	145900576.00
2019/09/26	8.62	8.64	8.54	8.57	14895557	133393328.00
2019/09/27	8.57	8.59	8.31	8.42	24733913	216688544.00
2019/09/30	8.42	8.45	8.36	8.37	13173478	115520384.00
2019/10/08	8.39	8.51	8.38	8.48	12539932	110610064.00
2019/10/09	8.50	8.50	8.37	8.45	9410933	82706456.00
2019/10/10	8.46	8.49	8.40	8.46	11197984	98704536.00
2019/10/11	8.49	8.54	8.41	8.51	13357147	117998176.00
2019/10/14	8.54	8.61	8.51	8.56	15631154	139305424.00
2019/10/15	8.54	8.56	8.40	8.45	19073291	168573584.00
2019/10/16	8.43	8.49	8.41	8.47	10562576	93020112.00
2019/10/17	8.45	8.45	8.40	8.42	11530754	101259712.00
2019/10/18	8.42	8.43	8.19	8.22	28342060	244427024.00
2019/10/21	8.25	8.28	8.18	8.23	12710653	109080968.00
2019/10/22	8.19	8.22	8.11	8.17	15709736	133841792.00
2019/10/23	8.18	8.21	8.15	8.15	9351487	79814400.00
2019/10/24	8.17	8.17	8.04	8.06	16099165	135747072.00
2019/10/25	8.06	8.24	7.98	8.22	18859397	159838096.00
2019/10/28	8.19	8.29	8.17	8.27	21537916	185274080.00
2019/10/29	8.27	8.27	8.07	8.10	23069683	195853168.00
2019/10/30	8.07	8.17	8.07	8.13	18480352	157019232.00
2019/10/31	8.22	8.22	7.99	8.02	28382695	239031520.00
2019/11/01	7.95	8.16	7.95	8.11	27349025	230430112.00
2019/11/04	8.11	8.16	7.99	8.08	26572332	223850336.00
2019/11/05	8.09	8.32	8.08	8.23	34226917	293840224.00
2019/11/06	8.23	8.30	8.16	8.22	21350747	183228224.00
2019/11/07	8.24	8.24	8.14	8.18	20934628	178598144.00
2019/11/08	8.21	8.22	8.07	8.08	21285699	181135344.00
2019/11/11	8.08	8.08	7.82	7.83	27852691	230599792.00
2019/11/12	7.87	7.97	7.83	7.94	21551077	178187520.00
2019/11/13	8.03	8.03	7.87	7.89	19623034	162265168.00
2019/11/14	7.92	7.96	7.82	7.84	16121530	132744584.00
2019/11/15	7.83	7.87	7.67	7.68	21865825	177678544.00
2019/11/18	7.65	7.77	7.64	7.73	15338761	123920480.00
2019/11/19	7.77	7.90	7.74	7.90	13327485	109275880.00
2019/11/20	7.90	7.98	7.86	7.90	15812866	130986960.00
2019/11/21	7.89	7.97	7.84	7.94	10370815	85891632.00
2019/11/22	7.94	7.98	7.83	7.93	11918423	98610464.00
2019/11/25	7.92	8.31	7.92	8.27	41247605	353081472.00
2019/11/26	8.25	8.49	8.23	8.46	64516996	564277440.00
2019/11/27	8.39	8.44	8.26	8.28	22501066	194907952.00
2019/11/28	8.30	8.30	8.14	8.20	14282363	122195000.00
2019/11/29	8.24	8.26	8.08	8.12	17960033	153006352.00
2019/12/02	8.15	8.25	8.12	8.19	15897495	135661680.00
2019/12/03	8.19	8.24	8.10	8.14	18545653	157907632.00
2019/12/04	8.17	8.17	8.01	8.04	16209798	136495840.00
2019/12/05	8.04	8.08	7.95	7.98	18338736	153371216.00
2019/12/06	7.99	8.05	7.95	8.05	21480896	179411760.00
2019/12/09	8.04	8.29	8.02	8.27	26021478	222905104.00
2019/12/10	8.26	8.37	8.23	8.28	21489099	186093728.00
2019/12/11	8.32	8.32	8.16	8.19	16743476	143832208.00
2019/12/12	8.21	8.22	8.13	8.14	9690575	82507008.00
2019/12/13	8.17	8.29	8.17	8.22	14940349	128366464.00
2019/12/16	8.25	8.25	8.14	8.23	13283140	113675632.00
2019/12/17	8.23	8.46	8.18	8.40	30902824	269197120.00
2019/12/18	8.37	8.44	8.33	8.36	15889111	138974432.00
2019/12/19	8.35	8.45	8.32	8.43	16958013	148344752.00
2019/12/20	8.40	8.43	8.35	8.39	14402610	125918888.00
2019/12/23	8.35	8.46	8.29	8.32	17569281	153477504.00
2019/12/24	8.30	8.40	8.28	8.39	7777906	67637936.00
2019/12/25	8.38	8.38	8.26	8.27	8919398	77391208.00
2019/12/26	8.28	8.45	8.28	8.44	17692344	155124560.00
2019/12/27	8.44	8.59	8.40	8.54	25561139	226691296.00
2019/12/30	8.59	8.71	8.50	8.68	28968213	259863120.00
2019/12/31	8.65	8.72	8.57	8.63	18807963	169112704.00
2020/01/02	8.69	8.79	8.62	8.66	25009905	226632288.00
2020/01/03	8.62	8.72	8.58	8.64	19774615	177940832.00
2020/01/06	8.68	8.94	8.64	8.87	41410973	379345504.00
2020/01/07	8.77	9.09	8.77	9.00	47136843	441691520.00
2020/01/08	9.00	9.04	8.58	8.65	47923296	435815328.00
2020/01/09	8.70	8.74	8.61	8.67	31848828	287518528.00
2020/01/10	8.67	8.68	8.56	8.63	18891302	169931712.00
2020/01/13	8.63	8.70	8.50	8.66	22622238	202482032.00
2020/01/14	8.65	8.75	8.56	8.60	21729681	196101872.00
2020/01/15	8.60	8.61	8.46	8.49	19972425	176996592.00
2020/01/16	8.53	8.63	8.29	8.32	28024596	246025232.00
2020/01/17	8.37	8.49	8.24	8.33	27400547	238589680.00
2020/01/20	8.33	8.44	8.23	8.37	28113238	245207968.00
2020/01/21	8.35	8.35	8.11	8.15	27159626	232122336.00
2020/01/22	8.11	8.30	8.01	8.26	24909063	212374048.00
2020/01/23	8.22	8.23	7.99	8.03	33067531	278414880.00
2020/02/03	7.20	7.70	7.19	7.64	79906052	622842048.00
2020/02/04	7.53	7.94	7.44	7.56	51642289	411494848.00
2020/02/05	7.58	7.63	7.44	7.49	35941202	283494784.00
2020/02/06	7.52	7.54	7.36	7.51	29896353	233531792.00
2020/02/07	7.45	7.54	7.37	7.50	29834542	232274000.00
2020/02/10	7.46	7.66	7.39	7.58	39138520	309569056.00
2020/02/11	7.63	7.87	7.60	7.78	40916494	332492480.00
2020/02/12	7.78	7.87	7.69	7.82	25612385	208400240.00
2020/02/13	7.78	7.85	7.74	7.78	21603226	176336816.00
2020/02/14	7.77	7.81	7.63	7.81	16436820	133241376.00
2020/02/17	7.77	7.86	7.76	7.85	38300013	313107520.00
2020/02/18	7.84	7.84	7.71	7.74	26912127	218492208.00
2020/02/19	7.73	7.77	7.68	7.69	19219476	155161696.00
2020/02/20	7.67	7.79	7.62	7.78	32291679	259923904.00
2020/02/21	7.74	7.77	7.69	7.72	18915468	152863472.00
2020/02/24	7.68	7.73	7.62	7.69	27063061	217486768.00
2020/02/25	7.59	7.64	7.46	7.50	31221005	245876944.00
2020/02/26	7.44	7.68	7.39	7.60	35361859	280581216.00
2020/02/27	7.68	7.91	7.67	7.74	43004748	351109088.00
2020/02/28	7.57	7.67	7.46	7.54	33412378	265410464.00
2020/03/02	7.57	7.87	7.56	7.79	36100758	293241248.00
2020/03/03	7.88	7.93	7.70	7.76	35402474	288677760.00
2020/03/04	7.73	7.88	7.67	7.85	33496346	272770976.00
2020/03/05	7.88	8.02	7.84	7.92	35656804	295615936.00
2020/03/06	7.83	7.86	7.72	7.76	22639598	183983696.00
2020/03/09	7.58	7.58	7.45	7.45	41439963	325440480.00
2020/03/10	7.34	7.64	7.33	7.58	29171926	229890656.00
2020/03/11	7.58	7.61	7.42	7.47	28027615	220339952.00
2020/03/12	7.39	7.44	7.29	7.34	30384421	234043904.00
2020/03/13	7.02	7.39	6.95	7.20	25956721	193726192.00
2020/03/16	7.19	7.24	6.98	6.99	23622319	176233648.00
2020/03/17	7.05	7.12	6.84	6.92	22066861	160698048.00
2020/03/18	6.97	6.99	6.73	6.77	19640051	142196064.00
2020/03/19	6.71	6.74	6.35	6.48	30708731	211831888.00
2020/03/20	6.57	6.64	6.51	6.59	19919747	138008448.00
2020/03/23	6.47	6.66	6.42	6.57	22582741	156171808.00
2020/03/24	6.71	6.86	6.66	6.85	19572417	139616224.00
2020/03/25	7.00	7.00	6.85	6.97	15532664	113344808.00
2020/03/26	6.96	6.97	6.84	6.89	11736926	85156064.00
2020/03/27	6.94	6.98	6.86	6.93	10138610	73894960.00
2020/03/30	6.87	7.16	6.85	7.01	16428468	121215632.00
2020/03/31	7.05	7.27	7.03	7.12	23053426	173188544.00
2020/04/01	7.16	7.29	7.12	7.14	21545709	163068128.00
2020/04/02	7.17	7.29	7.13	7.28	15914741	120874320.00
2020/04/03	7.33	7.33	7.11	7.14	17654048	133066384.00
2020/04/07	7.23	7.25	7.11	7.16	22540514	169787632.00
2020/04/08	7.15	7.20	7.07	7.17	10142402	76112496.00
2020/04/09	7.18	7.18	7.10	7.11	5779704	43315640.00
2020/04/10	7.09	7.13	7.03	7.04	6917117	51398220.00
2020/04/13	7.02	7.10	6.99	7.03	6995853	51895168.00
2020/04/14	7.05	7.26	7.04	7.25	15100883	114134024.00
2020/04/15	7.27	7.27	7.10	7.11	6768543	50920592.00
2020/04/16	7.16	7.20	7.09	7.12	7672840	57515472.00
2020/04/17	7.14	7.24	7.12	7.19	9698741	73273456.00
2020/04/20	7.19	7.24	7.13	7.15	10213894	77054096.00
2020/04/21	7.14	7.14	6.91	6.92	17923325	132061328.00
2020/04/22	6.91	6.92	6.72	6.74	33635184	240496880.00
2020/04/23	6.77	6.80	6.69	6.72	16230509	115460768.00
2020/04/24	6.75	6.86	6.72	6.85	24546808	176168880.00
2020/04/27	6.77	7.10	6.77	6.97	17893438	131588616.00
2020/04/28	7.05	7.09	6.92	7.02	17504605	128939728.00
2020/04/29	7.05	7.10	6.90	7.00	13148082	96819264.00
2020/04/30	7.02	7.24	6.94	7.18	30435559	226607792.00
2020/05/06	7.04	7.14	6.84	6.96	39608415	288230592.00
2020/05/07	6.94	6.95	6.78	6.87	20447447	147277872.00
2020/05/08	6.85	7.00	6.84	6.98	16215900	118462104.00
2020/05/11	6.98	7.14	6.98	7.07	17858643	132864272.00
2020/05/12	7.12	7.14	6.99	7.05	14061026	104396880.00
2020/05/13	7.05	7.05	6.85	6.91	15199745	110334488.00
2020/05/14	6.89	6.89	6.83	6.84	11179383	80587576.00
2020/05/15	6.84	6.89	6.83	6.85	8018082	57852256.00
2020/05/18	6.88	6.97	6.83	6.85	22638174	164142416.00
2020/05/19	6.96	7.08	6.91	6.99	31715469	233400736.00
2020/05/20	7.04	7.19	6.91	7.03	38033669	281640928.00
2020/05/21	7.03	7.12	6.98	6.99	19977933	147789408.00
2020/05/22	7.01	7.03	6.81	6.82	21101324	152468720.00
2020/05/25	6.82	6.97	6.78	6.96	21315378	154891248.00
2020/05/26	6.98	6.98	6.84	6.88	18341576	132672568.00
2020/05/27	6.86	6.94	6.81	6.89	15938957	115341504.00
2020/05/28	6.90	6.95	6.83	6.85	12455272	90247344.00
2020/05/29	6.87	6.87	6.75	6.81	20536467	147061536.00
2020/06/01	6.79	6.92	6.78	6.89	27524634	198678336.00
2020/06/02	6.89	6.90	6.81	6.86	22833916	164376320.00
2020/06/03	6.88	6.97	6.84	6.88	29431900	213924560.00
2020/06/04	6.91	6.92	6.78	6.80	22023370	157975984.00
2020/06/05	6.80	6.82	6.74	6.77	17627027	125660328.00
2020/06/08	6.80	6.84	6.76	6.79	25553993	182728192.00
2020/06/09	6.79	6.83	6.76	6.82	22361567	159777184.00
2020/06/10	6.81	6.82	6.73	6.73	25129723	179096656.00
2020/06/11	6.76	6.76	6.69	6.70	22478677	159197424.00
2020/06/12	6.63	6.68	6.60	6.68	22986607	160895904.00
2020/06/15	6.65	6.67	6.57	6.57	25099591	175301248.00
2020/06/16	6.60	6.68	6.57	6.66	22255258	155812656.00
2020/06/17	6.65	6.73	6.65	6.69	23736760	167086624.00
2020/06/18	6.70	6.97	6.66	6.89	58366850	421652576.00
2020/06/19	6.89	6.97	6.87	6.93	38856119	283339904.00
2020/06/22	6.94	6.97	6.84	6.87	22400272	162603152.00
2020/06/23	6.87	6.88	6.76	6.78	17129729	122667416.00
2020/06/24	6.84	6.92	6.77	6.90	21362226	154251168.00
2020/06/29	6.86	6.86	6.78	6.80	15980096	114618224.00
2020/06/30	6.84	6.89	6.79	6.85	15977271	114991432.00
2020/07/01	6.88	6.96	6.84	6.95	26000886	189106688.00
2020/07/02	6.96	7.43	6.95	7.38	88388639	672248832.00
2020/07/03	7.43	7.84	7.38	7.63	80096868	640196352.00
2020/07/06	7.83	8.16	7.81	8.09	82730957	694062592.00
2020/07/07	8.34	8.41	7.84	7.84	71529465	601358592.00
2020/07/08	7.79	8.06	7.77	8.01	56462023	466982304.00
2020/07/09	8.00	8.39	7.83	8.24	89746771	753936000.00
2020/07/10	8.23	8.23	7.84	7.87	63139589	505854208.00
2020/07/13	7.86	8.03	7.77	7.95	50811482	402332384.00
2020/07/14	7.94	8.14	7.81	8.08	55578006	443117856.00
2020/07/15	8.10	8.12	7.78	7.79	58272578	458907488.00
2020/07/16	7.82	7.95	7.59	7.63	52709138	411441216.00
2020/07/17	7.64	7.77	7.49	7.55	32370169	246537200.00
2020/07/20	7.57	7.95	7.57	7.87	49328710	384888096.00
2020/07/21	8.02	8.18	7.90	8.00	71747763	577644352.00
2020/07/22	8.00	8.11	7.90	7.93	42041067	337306432.00
2020/07/23	7.90	8.03	7.76	8.01	39202237	310453408.00
2020/07/24	8.05	8.23	7.80	7.94	62351338	503451392.00
2020/07/27	7.99	8.07	7.83	8.04	34656398	276573568.00
2020/07/28	8.10	8.26	7.91	8.08	41973357	338252928.00
2020/07/29	8.01	8.08	7.87	8.07	33650702	269319136.00
2020/07/30	8.10	8.13	7.98	8.05	23782081	191247920.00
2020/07/31	8.06	8.14	7.98	8.09	36739287	296430784.00
2020/08/03	8.07	8.13	8.01	8.10	47288595	381450752.00
2020/08/04	8.12	8.15	7.97	7.99	42740109	342858592.00
2020/08/05	7.96	7.99	7.78	7.83	50895074	399494112.00
2020/08/06	7.88	7.90	7.76	7.83	34689458	271186688.00
2020/08/07	7.81	7.86	7.69	7.70	31411021	243121248.00
2020/08/10	7.72	7.81	7.60	7.77	32309637	249338144.00
2020/08/11	7.78	7.84	7.67	7.74	35967198	279346720.00
2020/08/12	7.70	7.72	7.59	7.66	30856340	235789184.00
2020/08/13	7.70	7.85	7.69	7.72	29110896	226389600.00
2020/08/14	7.73	7.80	7.63	7.78	27851072	214747104.00
2020/08/17	7.81	8.05	7.75	7.99	58427941	462991328.00
2020/08/18	8.00	8.15	7.97	8.02	49224726	396262688.00
2020/08/19	7.98	8.10	7.92	8.01	37337507	299314624.00
2020/08/20	7.99	8.13	7.81	7.85	47443768	378414656.00
2020/08/21	7.92	7.96	7.82	7.92	36609069	288876384.00
2020/08/24	7.94	8.05	7.90	7.93	27516599	219358608.00
2020/08/25	7.93	7.95	7.70	7.76	41231027	321269408.00
2020/08/26	7.77	7.89	7.76	7.80	34467092	269620800.00
2020/08/27	7.88	8.13	7.87	7.98	51410208	411004032.00
2020/08/28	7.99	8.18	7.93	8.18	62068548	502519296.00
2020/08/31	8.22	8.31	8.09	8.13	57477382	470050848.00
2020/09/01	8.14	8.20	8.07	8.16	24104105	195643712.00
2020/09/02	8.16	8.18	8.05	8.08	28217845	228867632.00
2020/09/03	8.13	8.24	8.06	8.08	31529094	256383040.00
2020/09/04	8.00	8.11	7.96	8.10	22379506	180058288.00
2020/09/07	8.10	8.15	8.00	8.00	28193593	227955664.00
2020/09/08	8.02	8.51	8.01	8.43	86091690	713905792.00
2020/09/09	8.35	8.56	8.25	8.26	58013663	486160960.00
2020/09/10	8.36	8.71	8.33	8.56	84733100	723887168.00
2020/09/11	8.47	8.74	8.36	8.56	56733553	483137184.00
2020/09/14	8.53	8.68	8.40	8.47	39821723	337588960.00
2020/09/15	8.46	8.53	8.35	8.46	23524282	198647184.00
2020/09/16	8.46	8.68	8.38	8.58	33992662	290767456.00
2020/09/17	8.54	8.68	8.43	8.47	38232154	326806816.00
2020/09/18	8.51	9.16	8.51	9.08	99774770	891490880.00
2020/09/21	9.12	9.19	8.86	8.93	73871898	663273728.00
2020/09/22	8.89	8.89	8.54	8.58	66831563	580682624.00
2020/09/23	8.65	8.74	8.56	8.65	40096313	346352192.00
2020/09/24	8.51	8.67	8.45	8.53	37026683	316368192.00
2020/09/25	8.62	8.76	8.60	8.65	43727918	379325824.00
2020/09/28	8.80	8.91	8.68	8.73	42670259	374265056.00
2020/09/29	8.73	8.78	8.61	8.63	32313371	280175776.00
2020/09/30	8.61	8.64	8.36	8.39	38768676	327980608.00
2020/10/09	8.67	9.09	8.66	8.90	88928119	793187392.00
2020/10/12	9.02	9.06	8.87	8.99	53923315	483694656.00
2020/10/13	9.05	9.29	8.98	9.26	59651815	544369728.00
2020/10/14	9.18	9.19	9.05	9.12	37608701	342439424.00
2020/10/15	9.16	9.46	9.08	9.11	62596069	578693440.00
2020/10/16	9.19	9.42	9.06	9.35	61116576	569464640.00
2020/10/19	9.38	9.50	9.14	9.16	45267714	421252960.00
2020/10/20	9.13	9.27	9.06	9.17	28062191	256415120.00
2020/10/21	9.16	9.16	9.00	9.08	26201665	237305952.00
2020/10/22	9.05	9.13	8.91	9.01	35791529	321652352.00
2020/10/23	9.00	9.04	8.89	8.92	26142774	233863040.00
2020/10/26	8.88	8.93	8.69	8.91	29452089	259258000.00
2020/10/27	8.83	8.90	8.78	8.86	19798401	175244848.00
2020/10/28	8.87	8.94	8.75	8.92	28655537	254060320.00
2020/10/29	8.77	8.83	8.69	8.79	29328485	257018256.00
2020/10/30	8.81	8.99	8.70	8.75	31426370	278001248.00
2020/11/02	8.75	9.21	8.71	9.19	72725830	661416768.00
2020/11/03	9.21	9.35	9.17	9.30	43518218	403945600.00
2020/11/04	9.35	9.38	9.20	9.31	30637753	285007264.00
2020/11/05	9.34	9.54	9.32	9.40	44763152	422059648.00
2020/11/06	9.40	9.60	9.35	9.49	40087500	379886848.00
2020/11/09	9.53	9.98	9.41	9.88	74563249	727277952.00
2020/11/10	9.89	9.97	9.63	9.71	49125062	479079392.00
2020/11/11	9.74	10.18	9.65	9.95	67721474	676023168.00
2020/11/12	9.96	10.11	9.74	9.99	37681526	374774752.00
2020/11/13	10.01	10.03	9.80	9.94	33317413	330219776.00
2020/11/16	10.01	10.25	9.89	10.20	69133007	697178688.00
2020/11/17	10.19	10.29	9.80	9.89	56509710	566485440.00
2020/11/18	9.83	9.98	9.64	9.90	39842531	392033984.00
2020/11/19	9.86	10.00	9.75	9.84	30023106	295832608.00
2020/11/20	9.84	10.14	9.82	10.11	50084018	501295232.00
2020/11/23	10.35	10.79	10.13	10.71	113087996	1189921920.00
2020/11/24	10.61	10.61	10.33	10.56	67907661	711843392.00
2020/11/25	10.66	10.76	10.36	10.36	47232103	497803872.00
2020/11/26	10.29	10.61	10.27	10.57	40234888	422717376.00
2020/11/27	10.57	10.69	10.32	10.54	39531398	413399328.00
2020/11/30	10.55	10.98	10.44	10.44	98457842	1054329920.00
2020/12/01	10.57	10.69	10.45	10.63	57192829	604902272.00
2020/12/02	10.67	10.80	10.50	10.68	56325742	599295808.00
2020/12/03	10.53	10.55	9.99	10.10	101280622	1037718272.00
2020/12/04	10.09	10.15	9.93	10.11	42967728	431754880.00
2020/12/07	10.13	10.24	9.88	9.91	50400237	504381536.00
2020/12/08	9.95	9.99	9.79	9.91	31195953	308555328.00
2020/12/09	9.99	10.19	9.95	10.00	54864169	552291776.00
2020/12/10	10.06	10.17	9.89	10.04	47437026	475750272.00
2020/12/11	10.34	10.55	10.05	10.17	80064500	821441728.00
2020/12/14	9.94	9.94	9.39	9.43	105266850	1007337408.00
2020/12/15	9.47	9.50	9.28	9.36	54236711	507913472.00
2020/12/16	9.38	9.52	9.19	9.23	55533713	518222560.00
2020/12/17	9.26	9.43	9.17	9.41	71079997	661999552.00
2020/12/18	9.71	9.86	9.57	9.80	119710200	1165336832.00
2020/12/21	9.90	9.90	9.49	9.69	89860552	868109440.00
2020/12/22	9.66	9.66	9.07	9.12	93387375	874654144.00
2020/12/23	9.07	9.31	9.07	9.26	65574950	603842496.00
2020/12/24	9.32	9.39	9.11	9.27	49885874	461001440.00
2020/12/25	9.30	9.56	9.21	9.50	76725186	721084160.00
2020/12/28	9.54	9.63	9.39	9.54	67482285	641246272.00
2020/12/29	9.50	9.55	9.21	9.23	58874488	548024704.00
2020/12/30	9.25	9.41	9.17	9.32	52293492	487842336.00
2020/12/31	9.30	9.39	9.14	9.34	72764507	673009216.00
2021/01/04	9.30	9.66	9.20	9.59	78512209	742039744.00
2021/01/05	9.56	9.57	9.25	9.51	66708658	626141248.00
2021/01/06	9.55	9.72	9.48	9.59	59403193	569872768.00
2021/01/07	9.63	10.09	9.63	10.05	97590067	967730432.00
2021/01/08	10.17	10.38	10.01	10.24	75505872	769174016.00
2021/01/11	10.28	10.28	9.92	9.96	60244680	606463168.00
2021/01/12	9.96	10.22	9.84	10.18	54225237	543308480.00
2021/01/13	10.18	10.28	9.98	10.06	52896103	535055744.00
2021/01/14	10.10	10.18	9.93	10.16	54924666	553063424.00
2021/01/15	10.20	10.75	10.20	10.72	118614694	1252086912.00
2021/01/18	10.72	11.11	10.51	11.02	104743482	1144077952.00
2021/01/19	10.99	11.37	10.89	11.07	92546061	1028860992.00
2021/01/20	10.97	11.26	10.90	11.19	50616597	561014144.00
2021/01/21	11.19	11.41	11.05	11.16	58494995	657150784.00
2021/01/22	11.12	11.26	10.80	10.92	80624708	882483200.00
2021/01/25	10.89	11.03	10.69	10.86	77618380	842721152.00
2021/01/26	10.83	11.19	10.80	10.94	45161790	494571776.00
2021/01/27	10.87	11.46	10.84	11.25	77975671	879272832.00
2021/01/28	11.05	11.09	10.71	10.74	56938181	618755840.00
2021/01/29	10.69	10.86	10.00	10.15	93175304	964736320.00
2021/02/01	10.15	10.20	9.94	10.08	51814726	521546400.00
2021/02/02	10.14	10.34	10.01	10.25	54044267	550001344.00
2021/02/03	10.15	10.33	10.09	10.18	34114002	348014176.00
2021/02/04	10.13	10.44	10.10	10.40	48359929	498522816.00
2021/02/05	10.26	10.40	9.88	9.89	51873033	522723968.00
2021/02/08	9.78	10.24	9.75	10.17	33672673	339600320.00
2021/02/09	10.10	10.41	10.04	10.34	37495323	384801600.00
2021/02/10	10.28	10.40	10.07	10.30	35552468	364091840.00
2021/02/18	10.59	11.33	10.59	11.33	83563757	933172800.00
2021/02/19	11.60	12.46	11.59	12.46	177626201	2158743552.00
2021/02/22	12.36	13.26	12.13	12.14	208362630	2608576256.00
2021/02/23	11.87	12.28	11.68	11.85	100165318	1196418816.00
2021/02/24	11.91	11.98	11.48	11.57	76177686	890649856.00
2021/02/25	11.80	11.87	11.35	11.36	66083550	764649152.00
2021/02/26	11.14	11.30	10.68	10.72	74926503	818759360.00
2021/03/01	10.78	10.93	10.60	10.77	74353436	800207232.00
2021/03/02	11.00	11.58	10.90	11.14	121938325	1361877504.00
2021/03/03	11.15	11.82	10.96	11.79	102121690	1169977472.00
2021/03/04	11.52	11.93	11.40	11.59	82993775	965492416.00
2021/03/05	11.24	11.34	10.95	11.06	67199594	747259328.00
2021/03/08	11.24	11.37	10.92	10.92	55126537	614041920.00
2021/03/09	10.86	11.25	10.65	10.88	66073893	722725440.00
2021/03/10	11.00	11.17	10.90	11.00	55225436	609621056.00
2021/03/11	11.05	11.33	11.01	11.27	62154453	693893952.00
2021/03/12	11.32	11.98	11.22	11.65	97718300	1126721408.00
2021/03/15	11.48	12.18	11.42	12.05	100478152	1199561472.00
2021/03/16	12.00	12.05	11.30	11.65	91261030	1060074112.00
2021/03/17	11.50	11.97	11.26	11.97	72588695	842983424.00
2021/03/18	11.81	11.96	11.56	11.62	48855759	573916288.00
2021/03/19	11.40	11.70	11.30	11.34	37345185	427808064.00
2021/03/22	11.20	11.45	11.15	11.29	49966323	562593152.00
2021/03/23	11.27	11.33	10.88	10.94	46809161	516321568.00
2021/03/24	10.91	10.92	10.54	10.55	55536661	592869696.00
2021/03/25	10.53	10.89	10.51	10.76	37962518	407197856.00
2021/03/26	10.71	10.80	10.65	10.75	34657913	371807072.00
2021/03/29	11.07	11.56	11.05	11.35	89585249	1006145792.00
2021/03/30	11.20	11.25	11.02	11.11	50414039	559850688.00
2021/03/31	11.10	11.19	10.97	11.06	28547720	315739584.00
2021/04/01	11.00	11.25	10.89	11.19	46135539	509950016.00
2021/04/02	11.20	11.22	11.05	11.08	28487450	316184608.00
数据来源:通达信
