688298 东方生物 日线 前复权
      日期	    开盘	    最高	    最低	    收盘	    成交量	    成交额
2020/02/05	90.79	151.79	87.80	145.77	18847907	1878003328.00
2020/02/06	119.79	147.56	116.89	127.79	14540473	1923537152.00
2020/02/07	132.79	166.09	129.99	135.80	14740997	2115473536.00
2020/02/10	126.79	135.79	110.92	115.53	10589310	1263786880.00
2020/02/11	109.89	113.19	95.79	97.99	9994043	1014884032.00
2020/02/12	99.09	103.76	95.48	100.59	7946333	794478080.00
2020/02/13	98.76	100.67	92.45	97.49	8010768	772794944.00
2020/02/14	96.00	100.29	93.59	93.69	5196481	502370240.00
2020/02/17	91.79	95.58	90.79	93.79	4852803	456352928.00
2020/02/18	94.24	99.79	92.67	99.28	7084647	685659712.00
2020/02/19	97.79	98.99	94.10	94.14	4499666	434792960.00
2020/02/20	94.82	95.39	89.79	90.73	4153505	381802752.00
2020/02/21	89.89	93.26	88.67	91.12	4185371	380093792.00
2020/02/24	98.79	102.27	96.48	100.89	7362111	737262144.00
2020/02/25	99.65	107.59	98.98	102.81	7621267	794958336.00
2020/02/26	101.59	101.67	95.99	95.99	4931264	483116320.00
2020/02/27	97.79	98.34	89.92	91.84	3561361	332050720.00
2020/02/28	93.49	105.56	93.49	102.02	7957685	790367360.00
2020/03/02	102.79	106.29	95.30	100.69	5779344	582862976.00
2020/03/03	99.77	102.94	97.29	100.73	5256520	526151616.00
2020/03/04	98.90	102.29	97.00	97.56	3708648	367304128.00
2020/03/05	97.56	98.19	93.67	94.86	4107181	391093664.00
2020/03/06	95.11	101.05	95.11	97.71	4834473	475173760.00
2020/03/09	94.79	96.28	87.80	90.81	4482747	412322656.00
2020/03/10	88.69	90.14	80.12	85.26	4899452	413468768.00
2020/03/11	90.50	92.76	87.42	87.46	4120307	370268928.00
2020/03/12	87.65	87.78	82.39	84.79	3200876	271867936.00
2020/03/13	79.59	82.79	78.84	81.60	2953602	239991632.00
2020/03/16	82.85	85.96	80.01	80.31	3322239	278842112.00
2020/03/17	81.79	82.78	72.87	76.09	3112170	236910320.00
2020/03/18	75.39	77.45	72.50	73.13	2961862	222416128.00
2020/03/19	72.79	73.45	67.07	68.89	3044371	212183456.00
2020/03/20	69.59	71.57	68.49	69.29	2069728	144967120.00
2020/03/23	67.61	70.69	63.63	64.01	2570151	174946928.00
2020/03/24	64.43	65.77	59.79	64.03	2900778	182868832.00
2020/03/25	65.34	70.17	65.34	69.59	4143346	282752768.00
2020/03/26	69.57	71.29	67.60	69.99	2726052	190563392.00
2020/03/27	71.27	71.68	68.59	68.74	2014456	140820224.00
2020/03/30	68.89	72.27	67.49	72.20	2594047	182088624.00
2020/03/31	72.50	74.12	70.79	73.08	2378183	173549264.00
2020/04/01	72.29	72.68	67.89	68.15	2487048	174862816.00
2020/04/02	66.80	68.14	64.29	67.47	1818781	120862296.00
2020/04/03	67.20	70.46	67.19	68.89	1810231	125945536.00
2020/04/07	70.09	80.76	70.09	79.75	4226419	321778304.00
2020/04/08	77.64	86.68	76.97	80.60	4488586	369523616.00
2020/04/09	79.69	79.80	76.09	78.79	2785609	218029568.00
2020/04/10	79.49	82.47	77.07	80.44	2674169	213947184.00
2020/04/13	78.99	82.77	76.80	77.47	2011734	160210176.00
2020/04/14	77.77	81.29	75.49	80.99	2240064	176862064.00
2020/04/15	80.99	88.78	80.99	85.16	4096202	353782592.00
2020/04/16	83.44	91.00	82.98	88.41	4220965	374265312.00
2020/04/17	87.79	89.78	83.88	84.59	2994493	256785552.00
2020/04/20	85.69	89.79	84.99	88.14	2624856	232591520.00
2020/04/21	87.89	88.07	81.80	84.80	2695435	229187344.00
2020/04/22	82.65	84.19	80.69	81.87	1965467	162102400.00
2020/04/23	84.78	88.29	83.79	84.32	3221360	278457920.00
2020/04/24	83.96	85.29	79.99	85.09	3265282	268888128.00
2020/04/27	86.79	97.29	86.78	96.83	6099179	561308096.00
2020/04/28	90.79	93.28	81.79	87.84	4495097	402569664.00
2020/04/29	86.79	91.06	84.04	85.30	2215251	192595728.00
2020/04/30	85.99	87.79	84.41	86.90	2021521	175334064.00
2020/05/06	86.59	90.70	85.37	89.68	2327077	206496176.00
2020/05/07	88.79	93.12	86.74	86.79	3099443	277907296.00
2020/05/08	87.34	88.31	86.34	87.09	1574640	137644608.00
2020/05/11	87.50	89.09	85.00	88.59	2362298	206717504.00
2020/05/12	87.82	92.46	87.79	90.00	2520771	228891328.00
2020/05/13	90.29	92.29	87.39	92.00	2493231	225131136.00
2020/05/14	91.38	91.38	87.26	87.49	2197839	196559312.00
2020/05/15	87.59	89.27	86.39	86.79	1567751	137090368.00
2020/05/18	87.79	90.97	86.92	88.92	2348623	210772976.00
2020/05/19	88.92	90.67	87.19	88.03	1584418	139793408.00
2020/05/20	88.22	88.72	84.00	84.05	2246807	192968768.00
2020/05/21	83.40	86.59	83.39	86.39	1932421	165477152.00
2020/05/22	85.90	87.79	82.04	83.97	1891773	161948480.00
2020/05/25	86.79	94.99	86.00	90.37	4727310	426538752.00
2020/05/26	90.86	103.79	90.79	101.68	6461070	627564864.00
2020/05/27	99.75	103.79	97.01	97.76	3369931	337287008.00
2020/05/28	99.29	102.79	94.78	99.63	3000407	296968480.00
2020/05/29	100.29	118.49	100.29	114.62	6505064	713026752.00
2020/06/01	121.59	131.76	120.39	121.19	5261644	658232640.00
2020/06/02	121.29	130.79	120.60	129.19	4470264	566954432.00
2020/06/03	125.31	138.79	125.07	131.91	4073680	541108096.00
2020/06/04	130.39	137.79	127.85	134.51	2742666	365813184.00
2020/06/05	134.67	134.79	121.29	124.78	4009064	505106912.00
2020/06/08	124.98	126.78	118.37	120.57	2689014	328381856.00
2020/06/09	119.79	124.90	116.67	116.79	2144452	260257136.00
2020/06/10	117.00	125.59	116.88	122.62	2462000	302462240.00
2020/06/11	122.48	125.88	118.01	125.30	2307245	283486400.00
2020/06/12	123.00	136.44	122.00	135.49	3233548	428724992.00
2020/06/15	146.00	152.50	139.05	145.72	3789612	554425152.00
2020/06/16	145.00	157.90	142.00	149.35	3820364	571554624.00
2020/06/17	147.13	153.83	141.18	141.65	3359436	494765056.00
2020/06/18	140.05	144.39	128.00	132.67	4080324	548262080.00
2020/06/19	132.80	137.90	131.70	132.30	2264186	305371008.00
2020/06/22	136.99	141.26	132.60	134.96	2260093	307306848.00
2020/06/23	134.61	139.39	132.86	139.09	1974008	269060544.00
2020/06/24	139.20	151.00	139.16	147.00	2708427	397034176.00
2020/06/29	147.32	157.88	147.32	154.03	2590440	398160640.00
2020/06/30	153.81	157.50	149.50	153.30	2122004	325809248.00
2020/07/01	150.00	163.00	150.00	155.30	2592283	411175392.00
2020/07/02	155.30	165.00	147.52	149.02	3016512	470866304.00
2020/07/03	147.50	158.40	145.33	157.97	2628916	396941984.00
2020/07/06	163.85	171.78	160.00	171.30	3256591	537459968.00
2020/07/07	169.10	195.50	169.10	193.00	2817258	518387744.00
2020/07/08	198.00	204.50	185.12	195.69	2513373	493017312.00
2020/07/09	194.92	208.88	192.10	205.48	2327139	466695584.00
2020/07/10	204.50	245.58	202.07	241.93	2945886	662580160.00
2020/07/13	230.00	254.99	220.00	233.68	7114575	1695242752.00
2020/07/14	227.80	239.88	206.00	213.00	5708930	1251861888.00
2020/07/15	205.00	212.49	186.00	186.00	5439147	1070803328.00
2020/07/16	186.50	196.80	177.01	181.87	3392392	634565632.00
2020/07/17	183.80	199.98	178.00	193.39	3208214	611336384.00
2020/07/20	198.19	203.88	185.00	197.88	3110292	607369536.00
2020/07/21	195.00	199.96	192.18	195.50	2067240	404261248.00
2020/07/22	193.00	198.75	188.05	189.59	2298946	445667776.00
2020/07/23	186.00	202.22	176.31	201.99	4040679	751061376.00
2020/07/24	197.98	207.99	188.08	193.80	2654190	529622720.00
2020/07/27	204.00	208.17	198.38	205.30	2883119	586685120.00
2020/07/28	208.50	210.50	198.52	207.54	2254106	461898688.00
2020/07/29	204.54	219.58	202.90	217.09	3122074	662169408.00
2020/07/30	215.00	249.70	215.00	238.40	4316434	1019551040.00
2020/07/31	237.00	244.00	226.01	238.80	2877092	680866944.00
2020/08/03	239.00	252.80	233.96	246.35	2688064	657143104.00
2020/08/04	243.88	271.98	243.18	259.65	3624561	939412416.00
2020/08/05	253.94	266.48	245.01	265.72	2464981	625596288.00
2020/08/06	262.31	284.20	241.00	242.82	3553070	932283392.00
2020/08/07	246.00	248.35	216.44	240.95	3677763	851690560.00
2020/08/10	241.00	241.00	220.00	223.77	2708752	612340928.00
2020/08/11	222.97	233.00	206.00	208.89	3196819	695142784.00
2020/08/12	210.00	211.00	189.00	191.15	3515026	681294272.00
2020/08/13	192.15	199.50	186.88	194.98	2376462	460178336.00
2020/08/14	194.98	204.55	193.58	202.80	2112790	423548608.00
2020/08/17	203.51	204.30	193.26	199.92	1862364	370093088.00
2020/08/18	198.99	208.34	198.00	199.00	1699516	343370304.00
2020/08/19	200.29	200.29	182.22	183.05	2712345	510146144.00
2020/08/20	180.94	184.80	175.30	178.08	2005870	360160544.00
2020/08/21	181.50	184.77	176.43	176.70	1567437	282473728.00
2020/08/24	176.80	178.30	159.00	174.80	2392063	402102784.00
2020/08/25	175.00	179.11	172.18	173.49	1341778	235584880.00
2020/08/26	174.10	177.20	158.00	159.40	1951936	324226464.00
2020/08/27	161.45	166.80	158.45	162.60	2164941	352124320.00
2020/08/28	161.00	163.97	157.21	160.00	1868000	299128480.00
2020/08/31	160.62	165.39	159.58	160.62	1451100	235959008.00
2020/09/01	162.62	162.62	149.00	153.58	2697216	419309152.00
2020/09/02	153.50	155.62	149.66	149.91	1533128	232726368.00
2020/09/03	150.43	157.99	148.02	153.68	1924785	295392480.00
2020/09/04	150.75	154.85	150.00	152.31	1302028	197653424.00
2020/09/07	152.00	153.47	138.20	138.37	2483050	357338624.00
2020/09/08	139.43	140.96	132.18	134.44	1651068	222351792.00
2020/09/09	131.46	133.00	123.23	123.23	2453226	310758496.00
2020/09/10	127.00	128.00	120.27	120.27	1551594	193464400.00
2020/09/11	120.51	125.50	120.51	123.68	1333483	164635632.00
2020/09/14	126.75	133.00	125.30	127.04	2431637	312931840.00
2020/09/15	130.83	131.80	127.27	131.69	1931584	250908448.00
2020/09/16	132.05	133.62	127.82	130.20	1608169	209872064.00
2020/09/17	129.55	138.80	128.00	136.31	2184379	292843904.00
2020/09/18	137.00	149.89	135.30	149.40	3619477	524130112.00
2020/09/21	149.00	157.48	146.00	152.88	2641933	402669376.00
2020/09/22	153.04	167.00	152.95	165.01	3592577	579228992.00
2020/09/23	167.17	172.48	156.00	160.66	4078861	675724160.00
2020/09/24	159.00	165.78	157.00	162.00	2675542	434432256.00
2020/09/25	163.82	167.77	158.68	158.68	2022918	329704928.00
2020/09/28	159.42	160.98	150.74	151.26	2035313	315409024.00
2020/09/29	153.34	154.89	145.53	150.99	1605699	242285552.00
2020/09/30	151.02	161.68	151.02	160.58	1934810	304481344.00
2020/10/09	166.99	168.00	159.18	163.35	2286177	372869248.00
2020/10/12	167.88	172.90	165.00	168.98	2234080	375883712.00
2020/10/13	169.50	175.47	167.33	171.00	2353126	403548544.00
2020/10/14	171.22	176.65	169.20	173.10	2257335	392647904.00
2020/10/15	172.01	172.50	165.00	165.11	1958636	327149120.00
2020/10/16	167.11	167.60	163.20	167.01	1212826	201127824.00
2020/10/19	169.49	169.49	157.18	158.29	1468545	236657600.00
2020/10/20	159.00	167.97	154.56	167.97	1657828	267756032.00
2020/10/21	170.91	171.00	164.81	165.35	1306272	219111744.00
2020/10/22	165.38	166.08	157.52	161.00	1272630	204703232.00
2020/10/23	162.00	162.20	151.81	153.21	1696743	264630368.00
2020/10/26	154.51	159.10	153.40	159.00	1185488	185709696.00
2020/10/27	159.00	166.44	156.74	166.00	2094583	340010208.00
2020/10/28	153.01	156.99	143.71	148.00	4178620	628524480.00
2020/10/29	145.80	159.86	145.00	155.07	2660528	410762304.00
2020/10/30	154.00	158.00	151.91	156.19	1797743	278982912.00
2020/11/02	156.30	159.37	148.00	149.89	1711433	260200720.00
2020/11/03	150.41	156.00	147.43	155.02	1439942	220738272.00
2020/11/04	156.88	156.88	150.19	151.81	1026978	156591536.00
2020/11/05	153.80	154.99	148.30	149.75	1094135	164544160.00
2020/11/06	150.88	150.99	143.37	145.85	1370100	199500832.00
2020/11/09	148.00	150.90	146.00	149.99	1295892	193364416.00
2020/11/10	148.00	148.00	142.00	143.98	1366408	198827120.00
2020/11/11	142.80	143.96	131.77	133.70	1913564	260479792.00
2020/11/12	135.96	135.96	130.78	132.27	774389	102620784.00
2020/11/13	132.90	134.49	130.12	131.89	664255	87950368.00
2020/11/16	132.60	134.76	130.02	133.33	657537	87099160.00
2020/11/17	132.00	132.79	124.47	126.10	1504292	190598528.00
2020/11/18	127.30	128.80	123.37	124.37	1036667	129996928.00
2020/11/19	124.91	125.78	122.28	124.97	788627	98217408.00
2020/11/20	124.98	127.90	124.88	126.30	757261	95540336.00
2020/11/23	128.86	142.58	128.32	141.47	3022728	410214528.00
2020/11/24	145.30	145.30	135.59	137.70	2079881	288532032.00
2020/11/25	136.63	143.88	133.60	139.43	1928828	268100608.00
2020/11/26	139.88	144.66	138.02	140.98	1498904	212122480.00
2020/11/27	142.50	142.56	137.18	138.44	928001	129253504.00
2020/11/30	139.07	142.80	134.50	140.06	1373231	191848592.00
2020/12/01	140.99	143.99	139.22	142.39	1084458	154688544.00
2020/12/02	142.40	143.49	138.58	139.87	752731	105666304.00
2020/12/03	140.00	144.42	138.28	142.50	1237177	175936544.00
2020/12/04	142.94	144.32	139.45	143.00	897119	127290552.00
2020/12/07	142.51	154.01	142.51	150.83	2404840	360394784.00
2020/12/08	152.00	155.88	150.13	151.62	1680799	256892416.00
2020/12/09	156.60	159.92	155.26	157.21	2308844	364974752.00
2020/12/10	156.14	175.97	155.61	172.10	3431305	572256704.00
2020/12/11	170.60	184.88	170.60	176.71	3221000	576136512.00
2020/12/14	181.91	182.97	172.05	177.60	2117775	374215008.00
2020/12/15	176.58	182.50	176.11	177.70	1606089	287726848.00
2020/12/16	176.61	179.98	168.01	169.80	2230344	383194400.00
2020/12/17	169.80	173.71	166.18	171.00	1564639	266293952.00
2020/12/18	174.42	174.42	167.03	167.29	1446900	243802960.00
2020/12/21	172.63	181.50	172.00	179.21	2285583	407031776.00
2020/12/22	179.86	190.92	179.86	185.25	2921801	545186624.00
2020/12/23	181.51	187.50	178.06	186.20	1622793	296631008.00
2020/12/24	186.00	187.80	177.53	179.06	1612084	291589600.00
2020/12/25	180.50	193.50	180.11	192.42	2405897	453173088.00
2020/12/28	196.38	206.85	193.44	202.55	2417185	486493440.00
2020/12/29	199.20	202.50	190.10	191.02	1695037	331124832.00
2020/12/30	194.30	203.50	189.61	202.50	1797277	355190272.00
2020/12/31	202.34	205.97	197.62	203.00	1591640	320908800.00
2021/01/04	205.83	206.08	200.08	203.70	1422517	288967264.00
2021/01/05	204.92	214.01	203.77	211.11	2019987	423437280.00
2021/01/06	225.63	226.00	196.00	196.60	4234594	876519040.00
2021/01/07	192.00	192.00	170.51	173.00	4114037	736985536.00
2021/01/08	172.05	180.18	172.05	177.30	2072411	366347232.00
2021/01/11	179.00	185.92	177.02	179.60	1853027	335215424.00
2021/01/12	178.00	182.38	173.01	174.68	1636127	287070432.00
2021/01/13	172.86	175.88	156.50	157.50	3609754	584681472.00
2021/01/14	155.50	161.89	152.00	161.11	2254448	355510304.00
2021/01/15	161.80	162.96	154.46	155.79	1500512	236671712.00
2021/01/18	155.79	162.50	155.79	159.88	1365579	218218112.00
2021/01/19	161.96	161.98	157.00	157.35	1066236	169217216.00
2021/01/20	157.19	159.88	151.30	157.83	1319762	206407552.00
2021/01/21	166.00	169.27	163.20	167.47	2613694	434518528.00
2021/01/22	167.00	196.37	164.80	188.73	4838132	868891904.00
2021/01/25	189.59	190.99	178.07	180.90	3292276	603419008.00
2021/01/26	179.00	182.00	164.11	165.00	2863605	483309312.00
2021/01/27	162.22	169.30	161.87	163.03	1555795	256422128.00
2021/01/28	158.00	164.60	154.51	154.88	1495421	236376416.00
2021/01/29	154.88	157.89	141.33	143.38	2392442	351510528.00
2021/02/01	146.46	148.60	142.00	146.20	1406426	205614208.00
2021/02/02	146.29	146.86	140.21	143.29	1297673	185886192.00
2021/02/03	143.00	145.70	137.00	138.88	1348025	187868560.00
2021/02/04	139.50	149.49	139.50	145.84	2028911	297324768.00
2021/02/05	141.10	147.90	141.00	142.43	1385934	200377952.00
2021/02/08	134.02	141.87	130.06	138.00	1405949	192322640.00
2021/02/09	139.90	141.77	136.55	137.94	1243545	172317840.00
2021/02/10	137.02	140.80	137.02	139.33	1691142	235745216.00
数据来源:通达信
