688126 沪硅产业-U 日线 前复权
      日期	    开盘	    最高	    最低	    收盘	    成交量	    成交额
2020/04/20	9.50	11.09	8.96	10.91	320011206	3088643072.00
2020/04/21	10.20	11.06	10.09	10.38	212826350	2225092352.00
2020/04/22	10.60	12.31	10.60	11.80	197706942	2263472640.00
2020/04/23	11.71	12.14	11.11	11.27	155196819	1805882752.00
2020/04/24	11.06	11.56	10.71	11.30	113148394	1258423424.00
2020/04/27	11.38	12.50	11.16	11.76	127799772	1506328576.00
2020/04/28	11.58	13.58	11.57	13.50	163314312	2054162304.00
2020/04/29	13.65	13.84	12.91	13.20	107382892	1438901888.00
2020/04/30	13.40	15.84	13.21	15.84	119720905	1742665728.00
2020/05/06	16.10	19.01	16.10	19.01	142911751	2457150464.00
2020/05/07	19.42	20.10	17.20	17.66	205797885	3800341760.00
2020/05/08	17.38	18.35	16.75	17.72	152336863	2669117696.00
2020/05/11	17.81	19.01	17.23	18.27	129599006	2342241024.00
2020/05/12	17.86	18.13	16.76	17.68	115095300	2004356352.00
2020/05/13	17.49	19.07	17.41	18.28	119068164	2188934912.00
2020/05/14	18.48	21.80	18.12	19.20	163063496	3205150208.00
2020/05/15	19.45	20.56	18.90	19.94	131032744	2587194112.00
2020/05/18	21.01	21.88	20.19	20.60	135487000	2843501312.00
2020/05/19	20.50	22.70	20.35	22.70	126978942	2694382080.00
2020/05/20	22.00	24.68	21.97	23.56	133861034	3131790848.00
2020/05/21	23.89	24.70	21.57	22.49	134946217	3148336640.00
2020/05/22	22.07	23.10	21.52	22.76	106578844	2379431168.00
2020/05/25	22.90	23.52	22.10	22.18	99515131	2268519424.00
2020/05/26	22.36	26.22	22.31	26.21	148434626	3574433536.00
2020/05/27	26.50	29.35	26.00	27.70	140822318	3845330432.00
2020/05/28	27.00	31.45	26.30	31.32	128464138	3623145216.00
2020/05/29	30.60	34.75	29.50	30.80	148400043	4738036736.00
2020/06/01	31.45	33.65	31.45	33.56	120327195	3913353216.00
2020/06/02	34.53	36.34	33.15	36.30	100028119	3463814912.00
2020/06/03	35.05	37.99	34.40	35.22	107151980	3840948480.00
2020/06/04	34.75	35.58	29.85	30.37	153057533	4923708416.00
2020/06/05	31.00	31.96	29.04	30.59	125904728	3864651776.00
2020/06/08	30.77	30.77	27.92	28.39	116940527	3404672768.00
2020/06/09	28.40	32.38	28.20	32.10	130093401	3907863808.00
2020/06/10	31.40	33.28	30.82	32.44	111049477	3566195200.00
2020/06/11	32.49	34.90	32.23	33.63	108406193	3652951040.00
2020/06/12	32.89	33.97	31.80	32.40	90723836	2985805568.00
2020/06/15	31.80	32.23	30.02	30.90	77652606	2422663424.00
2020/06/16	31.48	33.12	31.27	31.55	82994462	2671878400.00
2020/06/17	31.67	31.67	28.90	30.22	91585333	2748027904.00
2020/06/18	29.66	31.60	29.66	29.87	82958023	2555917824.00
2020/06/19	29.31	30.77	28.62	29.87	77637919	2289408768.00
2020/06/22	29.73	33.97	29.60	32.97	124996634	3993794048.00
2020/06/23	32.66	33.20	32.09	32.39	67095254	2182224128.00
2020/06/24	32.82	35.09	32.82	33.20	101200319	3444950528.00
2020/06/29	33.43	34.22	32.40	34.22	71455423	2385650688.00
2020/06/30	34.79	35.90	33.89	34.28	79922882	2779093248.00
2020/07/01	33.98	34.27	32.42	33.03	74981718	2490563840.00
2020/07/02	32.80	34.00	32.67	33.11	64103923	2131416832.00
2020/07/03	33.53	33.75	31.08	31.98	66654729	2152944640.00
2020/07/06	33.20	38.38	32.90	38.38	136728285	5025892352.00
2020/07/07	40.98	45.60	40.01	41.50	150135053	6418617856.00
2020/07/08	41.02	46.85	41.02	46.56	111452561	4904417280.00
2020/07/09	45.90	50.18	45.10	47.65	102356230	4913588224.00
2020/07/10	46.20	49.96	45.51	48.14	77560490	3751569664.00
2020/07/13	47.99	57.77	47.99	57.77	88700521	4736803328.00
2020/07/14	58.00	69.00	55.50	63.90	112466579	6733506048.00
2020/07/15	62.77	68.15	51.12	51.16	137935229	8379765760.00
2020/07/16	49.46	49.49	41.20	42.31	123728919	5558669824.00
2020/07/17	42.31	45.77	42.27	44.19	88653158	3917922304.00
2020/07/20	45.53	46.48	41.15	45.67	78019707	3457268992.00
2020/07/21	44.95	47.60	44.30	44.34	64923240	2980439552.00
2020/07/22	44.39	46.12	44.20	44.90	55347320	2496974592.00
2020/07/23	44.00	44.72	41.06	43.21	71058087	3030463488.00
2020/07/24	42.00	42.35	37.00	37.07	87143193	3449193472.00
2020/07/27	37.86	38.95	37.02	38.20	49319330	1871363072.00
2020/07/28	38.87	39.95	37.70	38.77	41070759	1594852480.00
2020/07/29	38.40	46.50	38.28	46.50	97869535	4140279552.00
2020/07/30	46.51	50.52	44.92	47.88	110135743	5258479616.00
2020/07/31	47.08	52.80	47.00	51.30	99445300	5071121408.00
2020/08/03	53.18	55.84	50.48	50.83	98871000	5251019776.00
2020/08/04	51.67	53.33	48.23	51.95	84812287	4313327104.00
2020/08/05	56.06	59.60	53.18	53.21	86822306	4819740160.00
2020/08/06	51.61	55.00	51.61	52.78	73133387	3908834816.00
2020/08/07	52.35	52.62	47.50	49.14	80203999	3978646016.00
2020/08/10	48.07	52.36	48.06	50.91	63152356	3187331840.00
2020/08/11	50.14	52.15	48.05	48.46	56504789	2833992960.00
2020/08/12	48.60	50.34	47.02	49.90	56553034	2770720768.00
2020/08/13	51.50	51.88	48.41	48.98	44498328	2220488448.00
2020/08/14	48.82	50.19	48.51	49.89	32521040	1605829760.00
2020/08/17	50.18	50.45	48.38	50.21	42748981	2118035072.00
2020/08/18	50.17	50.72	48.60	48.90	35216576	1737245440.00
2020/08/19	48.50	48.68	42.68	42.96	79624709	3563845632.00
2020/08/20	43.00	45.50	42.11	44.33	43634520	1935220864.00
2020/08/21	45.08	45.44	42.68	43.86	33847049	1483227136.00
2020/08/24	44.12	45.55	40.30	44.02	48109066	2074384640.00
2020/08/25	43.98	44.55	41.88	42.11	34405604	1472935808.00
2020/08/26	41.98	42.50	38.34	39.12	50808088	2033748352.00
2020/08/27	38.95	45.62	38.10	45.60	89385034	3870413056.00
2020/08/28	44.00	44.90	41.58	42.98	61530500	2651830784.00
2020/08/31	43.19	45.23	41.88	42.82	49364119	2143210240.00
2020/09/01	42.60	44.45	41.97	43.50	36135358	1564374528.00
2020/09/02	43.50	43.50	42.00	42.00	29621575	1260280960.00
2020/09/03	41.63	43.52	40.08	41.93	43731433	1833668352.00
2020/09/04	40.99	44.24	40.50	43.08	49707301	2150093312.00
2020/09/07	41.60	44.16	40.86	41.15	43374402	1832117504.00
2020/09/08	41.49	41.76	38.74	39.21	40340832	1601063808.00
2020/09/09	38.46	40.10	36.68	37.66	43002633	1636860672.00
2020/09/10	38.82	40.23	37.68	38.34	34763408	1352075520.00
2020/09/11	38.12	39.43	38.00	39.12	27889372	1083038592.00
2020/09/14	40.00	40.39	38.82	39.11	27891422	1105098496.00
2020/09/15	38.84	40.15	37.52	39.23	40097034	1558321024.00
2020/09/16	38.50	40.01	38.10	38.35	25951303	1007251200.00
2020/09/17	38.20	41.80	37.83	40.36	54832299	2186071808.00
2020/09/18	39.98	40.60	39.64	40.19	30922828	1237597696.00
2020/09/21	40.58	40.87	38.83	38.87	23826406	948327296.00
2020/09/22	38.65	39.66	38.11	38.31	20490671	793480384.00
2020/09/23	38.68	39.90	38.30	39.25	28621398	1120599808.00
2020/09/24	38.70	39.77	38.41	38.46	21331537	832413056.00
2020/09/25	38.79	38.88	37.01	37.06	22466979	847374656.00
2020/09/28	36.19	36.48	33.79	34.15	36543090	1272580352.00
2020/09/29	34.60	36.15	34.44	34.79	27521084	970733952.00
2020/09/30	35.28	35.36	34.02	34.06	16932654	584712704.00
2020/10/09	35.05	35.56	34.68	35.00	19177014	673120128.00
2020/10/12	35.20	40.19	35.20	39.43	50376189	1928451840.00
2020/10/13	38.50	39.00	37.53	38.41	34731753	1327952384.00
2020/10/14	38.15	38.48	36.57	36.90	28872616	1071920704.00
2020/10/15	36.83	38.67	36.65	36.67	26903566	1011515072.00
2020/10/16	37.70	37.98	35.43	36.06	21527605	778064896.00
2020/10/19	35.57	36.65	35.38	35.50	20658379	743704704.00
2020/10/20	34.91	34.93	31.73	34.77	53675792	1784128128.00
2020/10/21	34.38	34.69	33.17	33.35	22533280	759646656.00
2020/10/22	33.05	34.20	32.40	33.09	20409074	683099136.00
2020/10/23	32.94	33.45	32.11	32.33	16449098	537995840.00
2020/10/26	31.98	33.25	31.80	32.70	15237632	498362816.00
2020/10/27	32.77	33.00	31.95	32.50	15029823	487189312.00
2020/10/28	32.58	33.20	32.05	32.37	17445882	567753920.00
2020/10/29	31.40	32.58	30.94	31.97	21401205	681104768.00
2020/10/30	32.66	34.42	32.01	32.08	43222405	1435280256.00
2020/11/02	32.45	32.80	29.86	30.24	36047389	1107174528.00
2020/11/03	30.50	32.89	30.25	32.06	37063190	1179118976.00
2020/11/04	32.20	33.10	31.80	32.11	24790684	804305856.00
2020/11/05	33.30	34.58	32.85	33.25	31299359	1049263232.00
2020/11/06	33.70	33.97	32.60	33.78	28765693	960458752.00
2020/11/09	34.96	38.75	34.70	37.52	70752938	2636638208.00
2020/11/10	36.74	38.75	36.10	37.52	47661644	1784449664.00
2020/11/11	37.40	37.94	35.00	35.01	36441060	1312210048.00
2020/11/12	35.90	36.18	34.06	34.37	23897678	835261056.00
2020/11/13	34.09	35.51	33.68	34.79	24566277	854688704.00
2020/11/16	34.89	35.34	33.86	34.00	17601865	602806976.00
2020/11/17	34.19	34.19	32.05	33.59	30374453	996464896.00
2020/11/18	33.30	33.89	32.82	33.01	19052738	634711104.00
2020/11/19	32.80	34.11	32.50	33.38	20116835	675263808.00
2020/11/20	33.33	33.80	33.03	33.12	15502132	515093344.00
2020/11/23	33.23	33.85	32.80	33.50	17025020	568116800.00
2020/11/24	33.75	35.18	33.61	34.58	29783313	1028393216.00
2020/11/25	34.69	35.17	34.12	34.23	20795516	719139968.00
2020/11/26	34.43	35.18	34.19	34.47	18262040	632064128.00
2020/11/27	34.47	34.88	33.85	34.28	16733592	574081664.00
2020/11/30	34.88	35.66	34.52	35.10	28863038	1016585792.00
2020/12/01	35.00	35.35	34.46	35.20	20652503	721271744.00
2020/12/02	35.45	36.98	35.45	36.43	35823359	1305307520.00
2020/12/03	36.47	37.10	36.03	36.07	24220710	883037888.00
2020/12/04	35.55	36.18	34.88	35.71	23104361	818761664.00
2020/12/07	36.88	37.29	35.90	35.90	25580345	933775488.00
2020/12/08	35.94	36.24	35.32	36.12	14542850	522562432.00
2020/12/09	36.10	36.12	35.00	35.05	17340932	617593216.00
2020/12/10	34.85	36.39	34.75	35.95	22901354	820356992.00
2020/12/11	35.82	37.07	35.58	36.01	29981600	1091535872.00
2020/12/14	36.00	36.61	35.37	36.35	16769314	604258176.00
2020/12/15	36.23	36.69	34.91	35.09	21082426	749747968.00
2020/12/16	34.91	34.91	33.00	33.08	25343370	846209280.00
2020/12/17	33.11	33.79	32.32	33.45	15726348	521366240.00
2020/12/18	34.53	34.68	32.86	33.02	16149300	545060672.00
2020/12/21	32.40	34.56	32.04	33.78	19917332	670964928.00
2020/12/22	33.57	34.07	32.88	32.93	14894593	497534752.00
2020/12/23	32.85	33.78	32.18	33.44	18336002	606106752.00
2020/12/24	33.44	34.16	32.78	32.83	13498302	450511040.00
2020/12/25	32.70	32.97	31.62	31.87	15475703	496482048.00
2020/12/28	31.85	32.00	30.60	30.66	15016135	466409376.00
2020/12/29	30.70	31.74	30.61	30.95	13265419	414610624.00
2020/12/30	30.95	32.56	30.61	32.25	19184685	609549120.00
2020/12/31	32.43	33.26	32.10	33.12	18583582	610941696.00
2021/01/04	33.00	34.08	32.68	33.66	21558454	722731904.00
2021/01/05	33.50	34.66	33.00	34.62	22131284	756339392.00
2021/01/06	34.92	35.87	33.77	33.95	24341821	843575936.00
2021/01/07	34.27	34.27	32.32	32.60	19301478	636179456.00
2021/01/08	32.61	33.44	32.07	32.37	16028885	524648064.00
2021/01/11	32.15	33.80	32.02	32.31	18701946	613419008.00
2021/01/12	32.08	32.54	31.41	31.86	16081870	510886144.00
2021/01/13	32.15	33.44	32.08	32.43	22636678	738095232.00
2021/01/14	32.06	38.10	31.80	36.86	73081805	2621862400.00
2021/01/15	36.54	37.44	34.58	34.88	49206702	1770577664.00
2021/01/18	34.49	37.69	34.30	36.72	44608392	1629742208.00
2021/01/19	37.08	38.19	36.21	36.91	36563948	1361597440.00
2021/01/20	37.80	38.16	36.30	37.06	27244420	1007170944.00
2021/01/21	36.50	36.99	35.36	36.02	28078742	1015112128.00
2021/01/22	36.02	36.70	34.89	35.11	23326742	827852928.00
2021/01/25	34.28	36.08	34.13	34.93	20938899	735962560.00
2021/01/26	34.90	35.93	34.61	35.21	16996754	600308480.00
2021/01/27	35.21	35.39	32.83	33.02	21950611	737591936.00
2021/01/28	33.10	33.85	32.50	32.50	16699619	551594304.00
2021/01/29	32.60	33.08	30.50	31.06	26952155	844015296.00
2021/02/01	31.39	32.33	31.02	31.91	13916502	439678944.00
2021/02/02	31.93	32.08	31.33	31.50	11014239	347625440.00
2021/02/03	31.75	31.75	29.90	30.09	19704890	599785280.00
2021/02/04	29.86	30.50	27.70	29.12	27713189	798524992.00
2021/02/05	29.16	29.31	27.40	27.40	18291063	514447968.00
2021/02/08	27.39	28.39	27.38	28.06	11902350	333478592.00
2021/02/09	28.18	29.05	27.77	28.79	12869156	367020736.00
2021/02/10	28.75	29.23	28.30	28.93	13273552	380748512.00
数据来源:通达信
