688027 国盾量子 日线 前复权
      日期	    开盘	    最高	    最低	    收盘	    成交量	    成交额
2020/07/09	280.00	399.00	262.30	370.45	13282668	4143525632.00
2020/07/10	350.11	376.00	336.26	338.05	7753551	2731113216.00
2020/07/13	348.00	353.00	312.79	349.10	7109647	2349910784.00
2020/07/14	345.00	444.43	336.00	435.00	8271255	3199197696.00
2020/07/15	437.01	496.00	402.75	404.00	8252587	3754813184.00
2020/07/16	395.00	434.50	350.00	415.00	5404860	2175727616.00
2020/07/17	413.99	438.88	350.20	367.00	5820338	2288365568.00
2020/07/20	344.57	363.00	321.00	335.69	4381742	1476097408.00
2020/07/21	333.28	365.30	322.11	354.37	4161957	1441596800.00
2020/07/22	345.51	353.00	333.03	342.16	2960904	1016486592.00
2020/07/23	335.00	359.97	333.50	339.86	3041834	1052723072.00
2020/07/24	330.00	332.98	300.00	301.45	4332804	1362026112.00
2020/07/27	301.38	305.10	273.88	281.50	2746458	782112128.00
2020/07/28	285.00	304.88	283.79	292.30	2614250	772991744.00
2020/07/29	287.00	303.50	281.33	301.99	2245005	661578624.00
2020/07/30	301.00	326.00	298.00	309.22	2918708	919663616.00
2020/07/31	306.20	316.83	302.17	313.09	1997195	618672704.00
2020/08/03	313.51	334.61	313.51	331.66	2863288	938403712.00
2020/08/04	327.50	331.99	316.40	317.49	2121564	684081216.00
2020/08/05	321.49	326.66	317.00	319.19	1141145	366574848.00
2020/08/06	316.80	316.80	306.31	313.11	1239289	385571456.00
2020/08/07	312.00	312.45	288.88	294.20	1539877	459135040.00
2020/08/10	288.94	301.79	288.94	297.98	855789	252164480.00
2020/08/11	299.98	299.98	287.01	288.55	794619	232129056.00
2020/08/12	286.03	288.97	277.10	287.02	977021	275108640.00
2020/08/13	288.28	294.99	288.18	291.20	683988	199577552.00
2020/08/14	291.26	294.97	287.58	293.80	667977	194956656.00
2020/08/17	294.00	295.25	288.00	293.15	720140	210324688.00
2020/08/18	293.00	313.30	291.88	310.00	1732618	528318432.00
2020/08/19	310.00	318.92	300.00	306.01	1316641	404768768.00
2020/08/20	301.53	302.00	285.50	286.77	1200634	350799456.00
2020/08/21	287.20	290.80	270.00	273.86	1261650	353649056.00
2020/08/24	273.00	273.46	251.52	262.90	1189562	310497312.00
2020/08/25	266.00	270.00	260.00	267.15	689161	183138432.00
2020/08/26	267.90	268.50	246.30	250.10	1128372	287968896.00
2020/08/27	250.00	256.78	238.99	253.00	1010782	250935488.00
2020/08/28	245.98	254.00	241.25	252.00	794800	197223568.00
2020/08/31	252.00	264.89	248.66	255.01	561400	144609664.00
2020/09/01	255.03	257.90	248.06	251.05	429631	108293672.00
2020/09/02	251.00	252.96	244.11	245.00	532080	131773584.00
2020/09/03	245.96	258.50	242.00	247.99	1056586	265275808.00
2020/09/04	244.00	251.85	240.17	243.80	928512	228626496.00
2020/09/07	243.50	243.50	215.05	216.77	1816259	414600320.00
2020/09/08	217.00	221.98	209.90	218.90	1047042	225324704.00
2020/09/09	215.00	215.41	205.30	211.64	865038	182448912.00
2020/09/10	215.44	218.27	210.01	211.89	714768	153100832.00
2020/09/11	209.89	219.63	207.60	218.41	619082	133008288.00
2020/09/14	222.00	227.83	218.11	220.10	842815	188356368.00
2020/09/15	220.10	226.07	216.50	225.00	624975	139440112.00
2020/09/16	223.60	224.99	217.01	221.70	466144	102937416.00
2020/09/17	221.48	232.00	217.80	229.56	1246685	284740576.00
2020/09/18	231.00	242.20	227.50	242.00	1337702	313842400.00
2020/09/21	245.01	245.40	234.77	237.00	1041284	248391472.00
2020/09/22	234.85	235.76	228.33	229.65	577501	133863576.00
2020/09/23	229.00	236.00	228.80	234.49	526020	122887480.00
2020/09/24	233.45	233.69	226.58	228.00	446965	102676720.00
2020/09/25	228.00	229.91	221.01	223.89	376230	84705384.00
2020/09/28	222.19	241.50	214.00	236.99	1195783	275659776.00
2020/09/29	236.66	243.58	232.00	233.65	803398	189998944.00
2020/09/30	233.60	233.63	229.15	230.00	478062	110631112.00
2020/10/09	234.90	239.56	231.62	232.30	684265	160440480.00
2020/10/12	235.01	269.60	233.62	264.87	2172688	560487104.00
2020/10/13	268.95	279.00	262.12	276.76	1904022	518581984.00
2020/10/14	275.00	286.87	269.75	273.30	1231820	340163680.00
2020/10/15	274.39	290.00	274.39	280.00	1583463	448561792.00
2020/10/16	285.00	307.90	284.99	299.90	2487526	741280064.00
2020/10/19	345.00	357.00	318.00	328.88	6369743	2161883392.00
2020/10/20	323.30	332.00	300.28	305.16	3735443	1162699392.00
2020/10/21	299.95	325.88	286.01	320.70	4182233	1259873920.00
2020/10/22	310.00	311.33	293.59	294.00	2482156	748686592.00
2020/10/23	294.00	305.00	288.60	296.14	1937398	574974912.00
2020/10/26	289.00	290.15	276.00	277.13	1561776	437806624.00
2020/10/27	274.87	287.88	274.01	283.06	1168406	330715520.00
2020/10/28	280.64	286.97	275.30	280.88	1100176	310273280.00
2020/10/29	275.38	283.68	272.50	276.12	994958	276451584.00
2020/10/30	279.06	288.60	278.13	282.20	1533209	435363232.00
2020/11/02	278.98	278.98	263.00	265.35	1437393	383442272.00
2020/11/03	263.00	275.97	262.18	274.49	1011588	275248192.00
2020/11/04	278.66	278.84	269.55	271.70	647103	176629200.00
2020/11/05	279.80	279.80	271.50	273.66	931012	255509568.00
2020/11/06	274.00	275.90	265.81	268.22	944900	255527616.00
2020/11/09	275.00	286.00	274.40	279.08	1440827	405183168.00
2020/11/10	282.00	290.00	277.60	286.50	1437075	410290880.00
2020/11/11	284.77	284.77	265.49	266.27	1160248	318148096.00
2020/11/12	269.50	270.87	262.20	265.00	561593	149038064.00
2020/11/13	273.88	282.44	271.20	275.10	1126667	312134176.00
2020/11/16	272.78	275.70	268.02	272.71	635610	172629968.00
2020/11/17	273.00	273.00	261.47	265.55	698806	184925200.00
2020/11/18	264.99	267.67	251.55	252.00	1127366	288190752.00
2020/11/19	250.49	255.51	247.85	253.89	553044	139283936.00
2020/11/20	253.80	262.95	252.12	257.83	669980	173773984.00
2020/11/23	254.66	257.63	249.69	254.01	517338	131406712.00
2020/11/24	253.50	261.08	252.50	255.01	478269	122326416.00
2020/11/25	255.10	256.98	249.80	250.01	507653	127792832.00
2020/11/26	249.80	251.87	246.80	247.70	385883	96180448.00
2020/11/27	245.80	247.56	239.90	244.60	557825	135738304.00
2020/11/30	245.00	248.51	243.15	245.40	379547	93484032.00
2020/12/01	246.50	249.99	244.00	247.69	440902	109104128.00
2020/12/02	247.70	255.55	247.69	253.34	629864	158515024.00
2020/12/03	253.43	263.80	252.08	260.85	1088329	283891872.00
2020/12/04	269.00	273.50	265.00	265.80	1242658	333933472.00
2020/12/07	271.00	280.25	271.00	275.88	1340729	369811168.00
2020/12/08	277.00	277.00	265.89	266.03	1014695	273327072.00
2020/12/09	266.00	268.80	258.76	258.76	658966	173156944.00
2020/12/10	255.00	258.50	252.00	252.25	687077	174941312.00
2020/12/11	254.77	256.68	246.02	250.11	547300	137725104.00
2020/12/14	250.20	263.60	250.15	263.40	764917	198842896.00
2020/12/15	262.88	265.67	257.00	264.16	505136	132450000.00
2020/12/16	264.50	265.00	253.21	253.83	601157	153955504.00
2020/12/17	253.84	255.55	247.09	253.00	522761	130858744.00
2020/12/18	253.00	253.85	247.58	248.68	505400	125835488.00
2020/12/21	248.00	252.78	244.44	249.48	499223	124595664.00
2020/12/22	248.50	250.60	241.97	242.99	721840	177097472.00
2020/12/23	243.00	245.50	238.14	240.62	537304	129198528.00
2020/12/24	239.77	240.00	227.56	228.68	839968	195147952.00
2020/12/25	228.68	232.98	223.35	230.00	415620	94988160.00
2020/12/28	230.00	239.66	229.21	233.30	518342	121854704.00
2020/12/29	234.92	234.92	225.02	225.03	474504	108507376.00
2020/12/30	225.03	227.00	221.00	225.91	472708	105941936.00
2020/12/31	224.00	240.30	223.00	235.68	737530	174083456.00
2021/01/04	235.69	248.00	233.06	246.01	946782	228162992.00
2021/01/05	244.00	249.80	242.02	246.84	596680	146623456.00
2021/01/06	246.88	249.62	238.87	241.90	599387	145152960.00
2021/01/07	247.00	255.00	240.01	241.59	917165	226899536.00
2021/01/08	245.00	252.97	244.30	249.90	1052838	263724208.00
2021/01/11	250.00	250.00	233.59	235.49	1218053	289050368.00
2021/01/12	233.72	236.99	230.00	233.50	577121	134897504.00
2021/01/13	233.81	235.58	227.39	228.20	687313	158099968.00
2021/01/14	228.71	241.98	227.00	238.53	936133	221544096.00
2021/01/15	237.99	240.00	230.33	231.80	588599	137914848.00
2021/01/18	231.01	242.03	231.01	237.06	666801	157760480.00
2021/01/19	237.90	245.88	236.31	241.89	872295	211772880.00
2021/01/20	242.01	242.01	232.38	235.48	673685	158390848.00
2021/01/21	234.44	247.67	234.00	242.95	934856	227662144.00
2021/01/22	244.55	245.00	236.00	238.95	677837	161862896.00
2021/01/25	238.95	241.00	233.50	236.50	659166	155789120.00
2021/01/26	236.01	237.89	229.50	229.55	605327	140464880.00
2021/01/27	229.41	231.47	225.58	226.70	411688	93405664.00
2021/01/28	225.00	228.90	223.20	224.00	363054	81808688.00
2021/01/29	224.13	226.98	215.00	216.88	549129	120114320.00
2021/02/01	215.00	216.33	206.00	215.56	707386	148502800.00
2021/02/02	212.50	219.78	211.00	215.70	400332	86615072.00
2021/02/03	213.51	215.60	207.01	207.53	403930	84920208.00
2021/02/04	205.50	207.99	192.16	200.20	689022	137957776.00
2021/02/05	204.61	204.98	198.00	199.77	485888	97688208.00
2021/02/08	200.00	203.00	195.00	201.45	384027	76630512.00
2021/02/09	201.80	209.00	201.80	207.80	344888	71331128.00
2021/02/10	208.98	208.98	205.11	206.82	305078	62971680.00
2021/02/18	209.97	214.69	207.60	211.48	368410	78017760.00
2021/02/19	211.48	214.50	210.11	214.09	318098	67729880.00
2021/02/22	214.99	215.15	207.99	210.43	430870	91386184.00
2021/02/23	208.00	209.97	204.99	205.01	379820	78350400.00
2021/02/24	206.00	210.99	205.10	209.15	567499	118590256.00
2021/02/25	209.17	210.90	205.21	205.61	426320	88107720.00
2021/02/26	203.00	205.00	200.21	204.22	310959	62992216.00
2021/03/01	204.00	210.28	201.50	209.00	363013	75595064.00
2021/03/02	209.08	211.98	202.99	205.42	276622	57189712.00
2021/03/03	205.98	209.99	202.00	209.38	330001	67973024.00
2021/03/04	208.42	210.99	206.95	208.48	350264	72920568.00
2021/03/05	206.52	215.00	206.52	212.50	427924	90468032.00
2021/03/08	213.00	214.80	202.00	202.82	444507	92494632.00
2021/03/09	200.74	203.00	194.20	194.66	459423	90489368.00
2021/03/10	198.00	198.00	191.01	191.25	312502	60269016.00
2021/03/11	190.90	193.99	187.00	192.87	267959	51324552.00
2021/03/12	192.88	194.10	189.00	190.33	211100	40191480.00
2021/03/15	191.00	191.00	185.01	186.00	285982	53442300.00
2021/03/16	186.00	188.44	182.02	183.32	230436	42372664.00
2021/03/17	182.50	186.65	181.28	184.86	206272	38043944.00
2021/03/18	183.90	186.89	183.47	185.51	165131	30638434.00
2021/03/19	183.00	185.88	182.03	182.03	208148	38202480.00
2021/03/22	183.49	184.57	181.23	183.95	155893	28621928.00
2021/03/23	184.48	185.70	180.08	181.27	258388	46980512.00
2021/03/24	183.00	207.83	183.00	199.56	1039270	205413664.00
2021/03/25	195.06	200.00	192.00	192.30	516414	100455632.00
2021/03/26	192.01	194.99	189.22	193.20	276409	53150264.00
2021/03/29	194.11	195.50	190.00	191.53	244989	46920308.00
2021/03/30	191.00	191.00	188.03	188.30	228352	43085700.00
2021/03/31	186.56	189.05	181.81	182.87	468016	85903936.00
2021/04/01	182.20	184.20	181.51	183.00	330976	60462608.00
2021/04/02	183.00	191.00	183.00	186.35	373797	69964640.00
数据来源:通达信
