688098 申联生物 日线 前复权
      日期	    开盘	    最高	    最低	    收盘	    成交量	    成交额
2019/10/28	26.43	36.80	25.45	36.73	38424865	1073266432.00
2019/10/29	31.42	31.72	26.64	26.72	32384290	950515328.00
2019/10/30	24.76	25.00	21.82	22.25	21042525	492703360.00
2019/10/31	21.62	22.04	20.33	20.78	13011400	275966880.00
2019/11/01	20.60	21.27	20.17	20.40	8218354	170170384.00
2019/11/04	20.63	21.25	20.39	20.97	9769140	204596000.00
2019/11/05	20.72	20.72	18.52	18.52	13671344	264056416.00
2019/11/06	17.96	18.51	17.38	17.51	8656313	155253888.00
2019/11/07	17.57	18.47	17.52	18.00	9483862	172173904.00
2019/11/08	17.82	18.77	17.72	17.96	8316871	153271136.00
2019/11/11	17.68	17.68	16.29	16.36	7519599	127217616.00
2019/11/12	16.49	17.00	16.27	16.74	5274660	88332968.00
2019/11/13	16.55	17.47	16.55	17.09	6042651	103718896.00
2019/11/14	16.94	17.37	16.71	16.92	4213718	72287072.00
2019/11/15	16.90	16.99	16.47	16.48	3392663	57079808.00
2019/11/18	16.60	17.07	16.53	16.57	3082411	51988368.00
2019/11/19	16.52	17.34	16.48	17.20	4051886	68989784.00
2019/11/20	16.92	17.49	16.86	17.02	4234946	72894112.00
2019/11/21	16.87	17.38	16.73	16.96	3594435	61545168.00
2019/11/22	17.08	17.17	16.18	16.23	4369342	72936288.00
2019/11/25	16.20	16.20	15.55	15.73	3741195	59449772.00
2019/11/26	15.78	15.92	15.52	15.57	2194966	34564800.00
2019/11/27	15.64	15.86	15.49	15.51	2293504	36134864.00
2019/11/28	15.57	15.84	15.45	15.59	2963493	46592388.00
2019/11/29	15.72	15.85	15.60	15.80	2685483	42467936.00
2019/12/02	15.88	15.91	15.34	15.42	3004149	47098744.00
2019/12/03	15.29	15.35	14.60	14.89	3513127	52626016.00
2019/12/04	14.80	15.11	14.66	14.82	1741065	25998758.00
2019/12/05	14.62	14.79	14.49	14.66	3405871	50098788.00
2019/12/06	14.62	14.74	14.54	14.58	1961295	28821760.00
2019/12/09	14.68	15.06	14.60	15.02	3513987	52385212.00
2019/12/10	14.84	16.85	14.81	16.84	12391471	198834672.00
2019/12/11	16.52	16.99	16.00	16.01	7416343	122110512.00
2019/12/12	16.20	16.42	15.73	15.84	3954397	64072008.00
2019/12/13	16.00	16.11	15.66	15.94	3049168	48693388.00
2019/12/16	15.95	16.22	15.83	16.07	2359475	38021864.00
2019/12/17	16.10	16.40	16.02	16.28	4663450	76018128.00
2019/12/18	16.28	17.21	16.28	16.73	7325001	123472272.00
2019/12/19	16.71	16.89	16.55	16.79	3805805	63963088.00
2019/12/20	16.90	17.51	16.71	16.71	5871984	101095328.00
2019/12/23	16.75	16.75	15.77	15.77	4472630	72797176.00
2019/12/24	16.04	16.21	15.87	16.12	2278872	36737104.00
2019/12/25	16.12	16.57	16.07	16.37	2801797	46172120.00
2019/12/26	16.28	16.80	16.28	16.68	3682306	61427380.00
2019/12/27	16.70	16.88	16.18	16.20	3587024	59620116.00
2019/12/30	16.17	16.20	15.72	16.16	2231939	35923048.00
2019/12/31	16.12	16.82	16.12	16.69	3568238	59099592.00
2020/01/02	16.86	17.00	16.55	16.91	4385672	73938896.00
2020/01/03	16.89	18.12	16.69	17.73	7591240	133062456.00
2020/01/06	17.42	18.18	17.26	17.70	6072502	107936312.00
2020/01/07	17.77	18.02	17.57	17.86	4541177	81227344.00
2020/01/08	17.79	18.26	17.48	18.12	8211460	148021200.00
2020/01/09	18.42	18.58	17.98	18.24	5884137	107823192.00
2020/01/10	18.24	20.82	18.23	19.49	12183818	237883120.00
2020/01/13	19.42	20.62	18.92	20.22	8884338	176375408.00
2020/01/14	20.07	21.39	19.82	20.22	8232887	169364064.00
2020/01/15	19.93	20.61	19.69	19.84	5450079	109177296.00
2020/01/16	19.72	20.22	19.38	19.91	5804796	115688512.00
2020/01/17	19.98	21.69	19.73	21.29	10219636	214169312.00
2020/01/20	21.21	23.19	20.73	22.33	13059142	285905376.00
2020/01/21	22.26	22.65	21.05	21.32	9080397	198296528.00
2020/01/22	21.22	21.32	19.22	20.47	7704266	157133408.00
2020/01/23	20.42	20.70	18.80	19.31	5825247	115061512.00
2020/02/03	16.90	18.22	15.82	17.27	9321972	158530464.00
2020/02/04	16.97	18.91	16.97	18.38	8060118	147238480.00
2020/02/05	18.42	20.92	18.25	20.69	10143087	196940928.00
2020/02/06	21.73	24.84	21.42	24.84	18813546	447334048.00
2020/02/07	23.81	25.12	22.52	23.42	17211347	409666816.00
2020/02/10	23.42	26.61	23.05	25.66	15019054	371246176.00
2020/02/11	24.92	25.22	22.63	22.66	10880406	260694896.00
2020/02/12	22.02	24.12	22.02	23.13	8270621	194155136.00
2020/02/13	23.15	24.39	23.12	23.35	8153683	193897328.00
2020/02/14	24.16	24.61	22.64	23.20	8003568	189618064.00
2020/02/17	23.62	24.42	23.22	23.84	7966999	191648960.00
2020/02/18	23.66	24.11	22.57	23.32	7524440	176422496.00
2020/02/19	23.14	23.31	21.92	22.04	6574450	149365696.00
2020/02/20	22.12	22.72	21.38	21.54	5275090	115908872.00
2020/02/21	21.59	21.90	21.15	21.22	4822321	103800112.00
2020/02/24	21.24	21.99	21.15	21.92	4543298	99023960.00
2020/02/25	21.40	22.80	21.17	22.51	6514097	145238080.00
2020/02/26	22.72	22.81	21.25	21.33	5484838	121713096.00
2020/02/27	21.01	21.43	19.90	20.18	5570066	114704720.00
2020/02/28	19.22	19.78	18.42	19.08	4566666	87915176.00
2020/03/02	20.22	20.58	19.79	20.46	4811247	97724376.00
2020/03/03	20.54	21.16	20.23	20.30	5385134	111622040.00
2020/03/04	20.30	20.49	19.34	19.84	3434252	68573672.00
2020/03/05	20.08	20.22	19.83	20.02	2924711	58823504.00
2020/03/06	19.77	20.80	19.71	20.38	3523032	72088752.00
2020/03/09	20.52	20.52	19.23	19.25	3407963	67465896.00
2020/03/10	18.91	19.42	18.08	19.32	3971209	74813376.00
2020/03/11	19.32	19.71	18.97	19.03	2651000	51415872.00
2020/03/12	18.72	18.90	18.12	18.31	2793068	51537500.00
2020/03/13	17.28	18.07	17.10	17.73	3506166	61780564.00
2020/03/16	18.02	18.02	16.82	16.82	3074585	54136008.00
2020/03/17	16.86	17.42	16.22	17.01	2629207	44343992.00
2020/03/18	17.08	17.83	16.95	17.13	3244863	56898304.00
2020/03/19	16.93	17.52	16.75	17.38	2649253	45592036.00
2020/03/20	17.93	17.94	17.32	17.61	2094867	37052336.00
2020/03/23	16.93	17.18	16.28	16.50	2351922	39670556.00
2020/03/24	16.80	17.07	16.24	16.75	2222234	37383316.00
2020/03/25	17.27	17.32	17.02	17.13	1885189	32489762.00
2020/03/26	16.92	17.38	16.85	17.14	2420879	41776456.00
2020/03/27	17.33	17.57	16.98	17.07	1637372	28319256.00
2020/03/30	16.89	16.89	15.92	16.20	2269463	37166796.00
2020/03/31	16.50	16.56	15.82	15.92	1434158	23175718.00
2020/04/01	16.10	16.31	15.84	16.08	1392728	22570880.00
2020/04/02	15.88	16.40	15.87	16.38	1437325	23350078.00
2020/04/03	16.39	16.59	16.32	16.46	1741638	28812654.00
2020/04/07	16.91	17.40	16.64	17.28	2425542	41475492.00
2020/04/08	17.02	17.33	16.84	17.02	1872334	32163392.00
2020/04/09	17.14	17.28	16.94	17.21	1485898	25566318.00
2020/04/10	17.22	17.24	16.51	16.51	1479208	24962196.00
2020/04/13	16.51	16.84	16.17	16.60	1014865	16886566.00
2020/04/14	16.52	16.89	16.50	16.88	1067505	18005840.00
2020/04/15	16.92	17.32	16.78	17.15	2035455	35079396.00
2020/04/16	17.07	17.83	16.92	17.62	3366866	58940128.00
2020/04/17	17.80	17.80	17.26	17.30	2263996	39750488.00
2020/04/20	17.37	17.60	17.31	17.50	1501504	26401724.00
2020/04/21	17.50	17.53	16.82	17.02	1771149	30416856.00
2020/04/22	17.00	17.36	16.84	17.28	1389282	23896972.00
2020/04/23	17.32	17.78	17.23	17.46	2433766	42924184.00
2020/04/24	17.71	18.07	17.08	17.22	3407933	60298672.00
2020/04/27	17.36	17.67	17.04	17.64	2650203	46445656.00
2020/04/28	17.37	17.37	14.97	16.08	5002061	81280256.00
2020/04/29	16.02	16.29	15.58	15.60	2378450	38086672.00
2020/04/30	15.83	16.37	15.76	16.26	2404954	38870060.00
2020/05/06	16.17	18.17	16.06	18.10	5784902	100627144.00
2020/05/07	18.10	18.58	17.72	18.06	5080235	92542752.00
2020/05/08	18.08	18.32	17.83	17.92	3600769	65358032.00
2020/05/11	18.03	18.50	18.03	18.18	3463784	63438136.00
2020/05/12	18.08	18.32	17.69	18.11	2749941	49800456.00
2020/05/13	17.92	19.38	17.84	19.11	5798723	110009520.00
2020/05/14	18.80	19.40	18.55	18.62	4125465	78728264.00
2020/05/15	18.72	19.34	18.67	19.01	3252193	62201988.00
2020/05/18	19.02	19.11	18.72	18.85	2622455	49795096.00
2020/05/19	18.95	19.22	18.72	19.17	2926310	55822948.00
2020/05/20	19.12	20.18	18.97	19.47	4941539	97389328.00
2020/05/21	19.48	19.67	18.29	18.42	4012605	76139504.00
2020/05/22	18.62	18.62	17.66	17.82	3034182	54963700.00
2020/05/25	17.78	17.92	17.23	17.33	2295099	40372776.00
2020/05/26	17.57	18.60	17.42	18.54	3398134	61989112.00
2020/05/27	18.40	19.04	18.23	18.61	3418340	64381896.00
2020/05/28	18.43	18.85	17.85	18.51	2489291	45838820.00
2020/05/29	18.42	19.71	18.23	19.30	4142128	79787504.00
2020/06/01	19.73	20.06	19.42	19.75	4816131	95470936.00
2020/06/02	19.69	19.69	19.32	19.51	3031486	59394520.00
2020/06/03	19.63	20.71	19.48	20.25	7120937	144597840.00
2020/06/04	20.26	21.40	19.92	20.96	7300498	151462352.00
2020/06/05	20.77	22.41	20.48	21.69	8181226	175405184.00
2020/06/08	21.77	21.97	20.03	20.30	7357815	154970928.00
2020/06/09	20.24	20.68	19.60	20.05	4718723	94246504.00
2020/06/10	20.00	20.53	19.81	20.24	3818113	77141208.00
2020/06/11	20.06	20.46	19.64	19.75	3737622	74731992.00
2020/06/12	19.30	19.76	19.06	19.48	2929493	57008412.00
2020/06/15	19.50	20.99	19.50	20.67	6558176	134187920.00
2020/06/16	20.52	22.86	20.43	22.00	9414027	202518352.00
2020/06/17	21.95	22.97	21.60	21.95	8729007	194260320.00
2020/06/18	21.70	22.46	20.78	21.06	6568792	141054000.00
2020/06/19	20.88	21.46	20.81	20.87	3678963	77598184.00
2020/06/22	21.15	21.80	21.00	21.31	4014001	85723456.00
2020/06/23	21.24	22.02	21.10	21.84	4470086	96766328.00
2020/06/24	21.90	22.19	21.31	21.45	4190042	90681136.00
2020/06/29	21.20	21.95	20.75	21.90	4469248	96367648.00
2020/06/30	21.90	23.40	21.63	23.28	8834546	199733808.00
2020/07/01	23.37	24.29	22.44	23.03	9665300	225523712.00
2020/07/02	23.34	23.37	22.68	22.90	5966136	137164496.00
2020/07/03	22.65	22.77	21.69	22.24	6096468	135766256.00
2020/07/06	22.48	23.25	22.25	23.14	6231102	142558512.00
2020/07/07	23.14	24.15	22.98	23.33	7720312	182610896.00
2020/07/08	23.30	23.97	23.17	23.71	5129715	121358576.00
2020/07/09	23.74	24.88	23.50	24.80	8758205	211996880.00
2020/07/10	24.80	27.55	24.46	26.00	12117085	315448928.00
2020/07/13	26.28	31.18	26.28	31.15	14507026	419537856.00
2020/07/14	31.35	34.90	30.80	32.93	16677222	551546432.00
2020/07/15	32.57	32.80	28.70	28.80	11441789	344351008.00
2020/07/16	28.59	29.20	25.81	25.85	8699875	238249104.00
2020/07/17	25.88	27.46	25.30	27.00	6673712	179014400.00
2020/07/20	27.50	28.39	26.57	27.50	5856066	160472480.00
2020/07/21	27.20	28.55	26.82	28.11	5370437	150068224.00
2020/07/22	28.07	28.59	27.40	27.80	5244283	147251168.00
2020/07/23	27.58	28.34	25.75	26.80	6345332	170746352.00
2020/07/24	26.03	27.18	24.13	24.15	7768672	198587056.00
2020/07/27	24.64	24.95	23.33	23.66	4031988	97421528.00
2020/07/28	23.87	24.17	23.48	23.70	3422258	81393600.00
2020/07/29	23.84	26.21	23.59	26.21	5741034	143830736.00
2020/07/30	26.37	27.95	25.72	26.79	7536680	202518176.00
2020/07/31	26.32	29.00	26.25	28.34	7350267	203464800.00
2020/08/03	28.39	29.45	28.01	28.89	5993098	172239040.00
2020/08/04	28.89	29.24	27.09	27.22	5936632	166128352.00
2020/08/05	26.50	27.88	26.50	27.53	3664693	100221736.00
2020/08/06	27.50	27.66	26.02	26.46	4237282	112670848.00
2020/08/07	26.41	26.80	24.85	25.37	3922727	100321848.00
2020/08/10	25.24	25.74	24.80	25.64	2763333	69888192.00
2020/08/11	25.60	25.83	24.22	24.35	3300041	82794064.00
2020/08/12	24.48	24.54	23.50	24.15	2393489	57398504.00
2020/08/13	24.54	26.23	24.29	25.69	4630080	117651840.00
2020/08/14	25.55	26.16	24.83	25.36	2800957	71076152.00
2020/08/17	25.72	26.20	25.10	25.98	2605832	66904140.00
2020/08/18	26.16	27.64	25.81	27.07	4359992	116920752.00
2020/08/19	27.07	27.20	25.04	25.21	3920680	101866000.00
2020/08/20	24.96	25.75	24.60	24.99	2125384	53638568.00
2020/08/21	24.92	25.67	24.42	24.72	2339702	58583280.00
2020/08/24	24.58	25.19	24.08	24.66	1864678	45939532.00
2020/08/25	24.66	25.02	24.30	24.34	1845255	45271480.00
2020/08/26	24.31	24.56	22.40	22.46	4427227	102948960.00
2020/08/27	22.41	23.10	22.13	22.65	2279095	51563240.00
2020/08/28	22.80	24.47	22.53	23.83	3249000	76270312.00
2020/08/31	23.84	24.16	23.48	23.49	1431819	34046908.00
2020/09/01	23.66	23.67	23.19	23.29	1144275	26730736.00
2020/09/02	23.36	23.46	22.93	22.99	1389561	32155452.00
2020/09/03	23.09	23.78	22.83	23.41	2144919	50138944.00
2020/09/04	22.82	23.19	22.71	22.92	1517902	34808560.00
2020/09/07	22.96	23.19	22.00	22.32	1944872	43820468.00
2020/09/08	22.54	22.54	21.86	22.16	1267225	28049926.00
2020/09/09	22.00	22.03	20.40	20.60	2571812	54048944.00
2020/09/10	20.60	21.63	20.24	20.41	2020867	42407124.00
2020/09/11	20.46	21.03	20.16	20.96	1062849	21995244.00
2020/09/14	21.05	21.67	21.05	21.56	1161403	24876244.00
2020/09/15	21.58	21.68	21.16	21.37	737770	15770546.00
2020/09/16	21.58	21.58	20.89	21.08	816426	17325580.00
2020/09/17	21.01	22.18	20.95	22.01	2007045	43677028.00
2020/09/18	22.26	22.49	21.70	22.46	1763899	39091696.00
2020/09/21	22.51	22.88	22.14	22.44	1228742	27592684.00
2020/09/22	22.21	22.87	21.95	22.48	1631253	36863492.00
2020/09/23	22.60	23.45	22.49	23.18	1908257	44098900.00
2020/09/24	22.88	23.23	22.37	22.48	1449597	32888260.00
2020/09/25	22.61	22.98	22.10	22.11	1180460	26580290.00
2020/09/28	22.36	22.36	21.16	21.25	854768	18507916.00
2020/09/29	21.48	22.29	21.46	22.00	1294407	28379826.00
2020/09/30	22.27	22.85	21.92	22.34	1336322	29991044.00
2020/10/09	22.61	22.97	22.61	22.77	1315219	30027132.00
2020/10/12	22.77	23.13	22.60	23.06	1994390	45608508.00
2020/10/13	23.06	23.61	22.79	23.13	2154546	50279336.00
2020/10/14	23.25	23.25	22.57	22.60	1329330	30247872.00
2020/10/15	22.58	22.79	21.90	21.98	1529512	33847636.00
2020/10/16	21.95	22.18	21.66	21.80	915544	20105078.00
2020/10/19	22.09	22.14	21.51	21.66	983623	21459180.00
2020/10/20	21.54	21.95	21.39	21.83	572450	12472307.00
2020/10/21	21.87	22.04	21.25	21.27	923603	20032056.00
2020/10/22	21.01	21.43	19.86	19.88	2532097	51484356.00
2020/10/23	19.70	20.11	19.18	19.34	1845593	36029780.00
2020/10/26	19.40	19.96	18.82	19.80	1138517	22396172.00
2020/10/27	19.86	19.97	19.49	19.66	871548	17172246.00
2020/10/28	19.72	19.80	18.18	18.77	2533528	48076544.00
2020/10/29	19.05	20.09	19.04	19.61	3898944	76609672.00
2020/10/30	19.96	20.59	19.50	19.98	3251107	64960788.00
2020/11/02	19.98	20.45	19.45	19.87	1674120	33408080.00
2020/11/03	19.71	20.39	19.70	20.28	1360357	27501944.00
2020/11/04	20.44	20.80	20.11	20.46	1336073	27217560.00
2020/11/05	20.85	20.85	20.18	20.41	1192084	24332808.00
2020/11/06	20.67	20.72	20.00	20.07	1006300	20421496.00
2020/11/09	19.90	20.47	19.77	20.26	2243739	45289672.00
2020/11/10	20.34	20.44	19.83	19.87	1006272	20151812.00
2020/11/11	19.94	20.04	19.13	19.18	908376	17588012.00
2020/11/12	19.10	20.55	19.10	19.79	1188095	23681144.00
2020/11/13	20.01	20.01	19.22	19.85	1188733	23549328.00
2020/11/16	20.63	20.63	19.90	20.02	1390209	27943620.00
2020/11/17	20.35	20.35	19.77	19.95	676817	13466427.00
2020/11/18	19.86	20.20	19.80	20.00	798552	15973816.00
2020/11/19	20.00	20.27	19.93	20.15	904021	18220816.00
2020/11/20	20.09	20.14	19.70	19.93	540269	10738859.00
2020/11/23	19.93	19.98	19.28	19.67	1109153	21755754.00
2020/11/24	19.80	19.88	19.52	19.69	713912	14056035.00
2020/11/25	19.69	19.84	19.50	19.70	623117	12293673.00
2020/11/26	19.61	19.69	19.10	19.21	671865	12967316.00
2020/11/27	19.15	19.26	19.00	19.13	557298	10654101.00
2020/11/30	19.21	19.40	19.00	19.10	650931	12463355.00
2020/12/01	18.99	19.22	18.99	19.07	599059	11461042.00
2020/12/02	18.99	19.28	18.96	19.10	679833	12979753.00
2020/12/03	19.10	19.10	18.57	18.88	1034020	19412452.00
2020/12/04	18.74	18.94	18.40	18.48	1189498	22111958.00
2020/12/07	18.54	18.61	18.02	18.03	1096801	19995402.00
2020/12/08	18.01	18.24	17.61	17.64	1560824	28019378.00
2020/12/09	17.63	17.63	17.07	17.12	1876769	32447200.00
2020/12/10	17.24	17.24	16.42	16.68	2092419	34993540.00
2020/12/11	16.76	16.79	16.10	16.54	2386200	38901200.00
2020/12/14	16.40	17.45	16.21	16.75	2444618	41377936.00
2020/12/15	16.91	17.27	16.61	17.10	1420816	24162756.00
2020/12/16	17.02	17.35	16.92	17.04	1094313	18729940.00
2020/12/17	16.91	17.46	16.71	17.31	1528612	26177408.00
2020/12/18	17.31	17.55	17.05	17.13	1297100	22446900.00
2020/12/21	17.02	17.39	17.01	17.21	1000923	17218660.00
2020/12/22	17.06	17.38	16.91	17.11	1029864	17694812.00
2020/12/23	17.11	17.26	16.88	17.05	921299	15716701.00
2020/12/24	17.00	17.24	16.52	16.82	953540	16060590.00
2020/12/25	16.61	16.93	16.58	16.70	626874	10508273.00
2020/12/28	16.70	16.76	16.16	16.21	1241053	20302000.00
2020/12/29	16.24	16.31	15.93	16.07	1127030	18161416.00
2020/12/30	16.10	16.24	15.80	16.02	1309903	21003214.00
2020/12/31	16.09	16.43	16.00	16.09	1881484	30403192.00
2021/01/04	16.27	16.76	16.10	16.66	1982532	32639024.00
2021/01/05	16.59	17.90	16.59	17.43	3338485	58157436.00
2021/01/06	17.57	17.68	16.96	17.10	1745085	29990768.00
2021/01/07	17.14	17.14	16.01	16.30	2006698	32935372.00
2021/01/08	16.37	16.40	15.70	15.86	2220777	35416764.00
2021/01/11	15.35	15.50	14.00	14.32	4511270	65180260.00
2021/01/12	14.17	14.47	14.00	14.01	1992561	28202436.00
2021/01/13	14.12	14.12	13.55	13.65	1757069	24151800.00
2021/01/14	13.79	14.61	13.57	14.23	2545671	36237000.00
2021/01/15	14.58	15.34	14.40	14.85	2863981	42839296.00
数据来源:通达信
