002880 卫光生物 日线 前复权
      日期	    开盘	    最高	    最低	    收盘	    成交量	    成交额
2017/06/16	21.35	23.36	21.35	23.36	8600	310674.00
2017/06/19	25.77	25.77	25.77	25.77	2710	107803.80
2017/06/20	28.43	28.43	28.43	28.43	2469	108043.44
2017/06/21	31.35	31.35	31.35	31.35	4770	229627.80
2017/06/22	34.55	34.55	34.55	34.55	45379	2402818.00
2017/06/23	38.09	38.09	38.09	38.09	85933	5005597.00
2017/06/26	41.97	41.97	41.97	41.97	106967	6854445.50
2017/06/27	46.25	46.25	46.25	46.25	267847	18880536.00
2017/06/28	50.95	50.95	49.26	50.95	17370778	1337547520.00
2017/06/29	52.25	52.92	50.01	51.43	12769095	1000432832.00
2017/06/30	49.92	51.59	49.51	49.72	8637567	665336704.00
2017/07/03	49.79	53.71	48.66	52.45	9422203	738869760.00
2017/07/04	52.25	53.37	50.99	51.31	6308849	498379840.00
2017/07/05	50.99	52.09	49.63	50.61	7404560	573593856.00
2017/07/06	50.59	51.90	50.57	51.19	6652951	519474688.00
2017/07/07	50.55	50.55	48.92	48.92	7027692	533117632.00
2017/07/10	47.79	47.79	45.04	45.19	6667265	473247872.00
2017/07/11	45.09	45.68	44.25	44.31	2852442	195764176.00
2017/07/12	44.19	44.49	43.02	44.12	3140525	209451760.00
2017/07/13	43.92	44.25	43.39	44.19	1956608	131048800.00
2017/07/14	44.01	45.15	43.80	44.06	2657305	180438816.00
2017/07/17	42.59	42.59	39.58	39.58	4611437	285792128.00
2017/07/18	39.21	40.52	38.92	40.05	1859311	113485600.00
2017/07/19	39.72	40.12	39.13	40.04	1645134	99851984.00
2017/07/20	39.85	41.12	39.45	39.57	1733449	106476048.00
2017/07/21	39.29	39.51	38.31	38.37	1885320	111957536.00
2017/07/24	37.92	40.55	37.45	39.80	2043422	120967496.00
2017/07/25	39.68	41.39	39.31	40.18	2070539	128348784.00
2017/07/26	39.93	40.59	39.77	40.46	1520464	93409504.00
2017/07/27	40.33	41.77	40.07	41.29	2062544	129470936.00
2017/07/28	41.04	41.31	40.06	40.09	1561566	96789520.00
2017/07/31	39.93	40.58	39.63	39.68	1149453	70223248.00
2017/08/01	39.40	39.89	39.05	39.71	1051286	63426808.00
2017/08/02	39.53	42.03	39.40	40.53	2742649	171465872.00
2017/08/03	40.26	40.85	39.79	39.98	1303459	80229360.00
2017/08/04	39.92	40.21	39.17	39.21	1096527	66298484.00
2017/08/07	39.39	39.91	39.39	39.57	639999	38811204.00
2017/08/08	39.50	39.63	38.51	38.64	1542817	91578152.00
2017/08/09	38.39	38.82	38.33	38.45	848762	50054088.00
2017/08/10	38.43	38.43	37.27	37.29	1389455	80288192.00
2017/08/11	36.73	37.83	36.73	37.01	1006430	57462708.00
2017/08/14	37.05	37.83	37.05	37.63	668442	38432928.00
2017/08/15	37.59	38.16	37.49	37.85	688497	39820112.00
2017/08/16	37.85	39.12	37.66	38.93	1453875	85988640.00
2017/08/17	38.59	38.72	38.23	38.37	1066747	62733300.00
2017/08/18	38.21	38.70	38.05	38.49	762885	44825164.00
2017/08/21	38.47	38.85	37.92	38.76	1097351	64614024.00
2017/08/22	38.71	40.11	38.52	39.65	2342234	141381040.00
2017/08/23	39.48	39.52	38.65	38.92	1366340	81590304.00
2017/08/24	38.92	40.03	38.83	39.19	1591755	96052768.00
2017/08/25	39.17	40.30	39.00	40.18	1844236	112282064.00
2017/08/28	40.32	41.91	40.32	41.55	3040854	191638608.00
2017/08/29	41.24	42.71	40.61	41.72	3481612	221211280.00
2017/08/30	41.33	42.31	41.09	41.10	2045843	129728824.00
2017/08/31	41.19	42.71	40.57	42.42	3311464	210750880.00
2017/09/01	42.29	42.56	41.37	42.03	2219317	142029888.00
2017/09/04	42.03	42.43	41.29	41.52	1815624	116111704.00
2017/09/05	41.52	42.31	41.39	42.13	885640	56663792.00
2017/11/06	43.25	46.31	43.25	44.60	5470707	372890496.00
2017/11/07	43.89	46.11	43.49	45.25	4408882	301953152.00
2017/11/08	45.45	46.39	44.61	44.65	3017856	208721872.00
2017/11/09	44.52	45.59	44.39	44.95	1854725	127084848.00
2017/11/10	44.59	45.01	44.44	44.46	1671502	113790632.00
2017/11/13	44.65	46.62	44.49	46.23	2849364	199251744.00
2017/11/14	46.27	47.24	45.44	45.61	2463162	174136128.00
2017/11/15	45.73	46.25	44.19	44.50	2010707	137955792.00
2017/11/16	44.54	44.72	43.11	43.11	1585140	106387592.00
2017/11/17	42.92	43.37	39.22	39.33	2968289	185926384.00
2017/11/20	39.28	40.31	38.13	40.22	1787541	107072552.00
2017/11/21	39.95	40.87	38.59	39.41	1548905	94125904.00
2017/11/22	39.49	39.99	38.97	39.69	1073582	64749352.00
2017/11/23	39.36	39.59	38.39	38.45	1022729	61053328.00
2017/11/24	38.25	38.88	38.13	38.25	801943	47276572.00
2017/11/27	38.11	38.23	36.92	37.01	985555	56685944.00
2017/11/28	36.93	37.91	36.93	37.73	615595	35382576.00
2017/11/29	37.79	37.91	37.04	37.62	672411	38514412.00
2017/11/30	37.57	38.45	37.27	37.99	719089	41897996.00
2017/12/01	38.05	38.43	37.79	38.41	631358	36931528.00
2017/12/04	38.31	38.31	35.65	35.73	1805950	101332280.00
2017/12/05	35.71	35.99	34.33	34.57	1026698	55195464.00
2017/12/06	34.51	35.17	33.87	35.05	880466	46642208.00
2017/12/07	34.91	35.08	34.45	34.65	474770	25312476.00
2017/12/08	34.58	35.69	34.56	35.53	714095	38696932.00
2017/12/11	35.59	35.99	35.35	35.72	550048	30036332.00
2017/12/12	35.72	36.01	35.31	35.37	623200	34057340.00
2017/12/13	35.37	35.81	35.31	35.77	341819	18631588.00
2017/12/14	35.99	36.40	35.76	36.35	568171	31348346.00
2017/12/15	36.25	36.25	35.32	35.57	588245	32260784.00
2017/12/18	35.51	35.75	34.93	35.06	382439	20661554.00
2017/12/19	35.06	35.63	35.05	35.36	320074	17342238.00
2017/12/20	35.36	35.41	34.31	34.44	568118	30218358.00
2017/12/21	34.27	34.83	34.09	34.59	635570	33722552.00
2017/12/22	34.71	35.23	34.41	35.00	458236	24511262.00
2017/12/25	34.86	35.00	33.79	34.31	817661	42708032.00
2017/12/26	34.12	36.03	34.12	35.85	1232476	66893684.00
2017/12/27	35.60	35.86	35.18	35.18	669073	36432772.00
2017/12/28	35.21	36.13	35.01	35.53	758484	41502872.00
2017/12/29	35.59	35.95	35.41	35.64	540103	29476836.00
2018/01/02	35.85	36.29	35.45	36.21	714077	39344472.00
2018/01/03	36.12	36.34	35.92	36.22	647834	35850900.00
2018/01/04	36.25	36.25	35.72	35.77	485670	26707722.00
2018/01/05	35.43	36.21	35.43	36.19	549844	30262440.00
2018/01/08	36.15	36.69	35.82	36.64	811029	44978848.00
2018/01/09	36.45	38.25	36.36	37.35	1258353	72104504.00
2018/01/10	37.28	37.56	36.37	36.81	817740	46095060.00
2018/01/11	36.49	37.55	36.13	37.19	630547	35816016.00
2018/01/12	37.20	37.35	36.59	36.91	525866	29715508.00
2018/01/15	36.72	36.97	34.83	34.84	918238	50003124.00
2018/01/16	34.53	35.24	34.53	35.07	500410	26825524.00
2018/01/17	35.02	35.50	34.13	35.32	750240	39986852.00
2018/01/18	35.19	35.61	35.04	35.33	389200	21032796.00
2018/01/19	35.31	35.71	35.17	35.19	419142	22700716.00
2018/01/22	35.03	35.39	34.26	35.17	458770	24500538.00
2018/01/23	35.05	35.54	35.05	35.18	403218	21785642.00
2018/01/24	35.15	35.82	35.07	35.59	583408	31719292.00
2018/01/25	35.37	35.90	35.33	35.59	521008	28490822.00
2018/01/26	35.59	35.59	34.93	35.00	591149	31820442.00
2018/01/29	34.97	35.12	34.27	34.29	506370	26891876.00
2018/01/30	34.35	34.79	34.19	34.31	393236	20757444.00
2018/01/31	34.28	34.28	32.60	32.70	867802	44263900.00
2018/02/01	32.71	33.08	31.39	31.42	690461	33932660.00
2018/02/02	31.10	31.61	30.65	31.09	474140	22644610.00
2018/02/05	30.72	31.14	30.39	30.81	493726	23369702.00
2018/02/06	30.13	30.36	28.60	28.61	701900	31946192.00
2018/02/07	29.17	29.55	28.12	29.25	610100	27244188.00
2018/02/08	29.09	29.88	29.03	29.59	413464	18851516.00
2018/02/09	28.64	29.44	28.51	28.83	507138	22580388.00
2018/02/12	28.98	30.04	28.98	29.79	336338	15344047.00
2018/02/13	30.04	30.11	29.02	29.02	459268	20829164.00
2018/02/14	29.03	29.22	28.67	28.94	376267	16730309.00
2018/02/22	29.18	29.53	28.93	29.44	305069	13744628.00
2018/02/23	29.42	29.82	29.29	29.77	350506	15938613.00
2018/02/26	30.15	31.12	30.04	30.98	791932	37236448.00
2018/02/27	30.97	31.52	30.75	31.21	682774	32724862.00
2018/02/28	30.99	31.08	30.63	30.83	504075	23891142.00
2018/03/01	30.61	31.69	30.60	31.59	588078	28255474.00
2018/03/02	31.34	31.80	31.21	31.27	496515	24030486.00
2018/03/05	31.27	32.24	31.27	32.02	575415	28053918.00
2018/03/06	32.02	32.72	31.92	32.32	676060	33639392.00
2018/03/07	32.29	32.74	32.18	32.27	549500	27369824.00
2018/03/08	32.21	33.59	32.16	33.17	865774	43904328.00
2018/03/09	33.13	34.72	33.07	34.71	1462992	76126048.00
2018/03/12	34.76	35.37	34.09	34.37	1240460	65575312.00
2018/03/13	34.15	34.59	33.85	34.15	703540	36899660.00
2018/03/14	34.12	34.32	33.35	33.42	670038	34842016.00
2018/03/15	33.19	33.22	31.93	32.39	1031834	51508152.00
2018/03/16	32.49	33.37	32.39	32.88	554532	28090698.00
2018/03/19	33.23	34.23	32.96	33.92	682440	35408080.00
2018/03/20	33.61	35.12	33.61	34.76	1087758	57774652.00
2018/03/21	34.85	35.23	33.99	34.00	872500	46264808.00
2018/03/22	34.01	35.42	34.01	34.75	895636	47752412.00
2018/03/23	33.84	34.71	32.43	33.03	1331551	68864056.00
2018/03/26	32.31	35.15	32.25	35.05	1026934	53176028.00
2018/03/27	35.12	36.29	35.01	35.99	1642397	89879944.00
2018/03/28	35.59	37.15	35.43	35.93	1557613	86770616.00
2018/03/29	36.13	36.58	34.85	35.12	1376098	75035424.00
2018/03/30	34.57	36.63	34.56	36.62	2193256	119337408.00
2018/04/02	36.59	36.85	35.81	35.81	1765944	98228960.00
2018/04/03	35.26	36.72	34.99	36.20	1474905	80709256.00
2018/04/04	36.35	37.52	35.85	35.93	1612266	90448176.00
2018/04/09	35.72	36.35	35.00	36.23	1130406	61764884.00
2018/04/10	36.12	36.58	34.93	36.58	1669612	91658592.00
2018/04/11	36.91	38.33	36.32	38.31	2804054	160953920.00
2018/04/12	37.95	38.88	37.61	37.83	1850210	107893096.00
2018/04/13	37.75	38.19	37.24	37.41	1171086	67432520.00
2018/04/16	37.59	37.67	36.79	37.20	858710	48719544.00
2018/04/17	37.21	37.51	35.59	35.59	1246300	69425632.00
2018/04/18	35.85	36.21	34.57	36.05	1113170	60208324.00
2018/04/19	35.89	36.51	35.72	35.89	693207	38362716.00
2018/04/20	35.57	35.89	33.95	34.25	1035240	55423584.00
2018/04/23	31.72	32.59	30.75	30.75	1994295	96611608.00
2018/04/24	30.71	31.57	30.60	31.56	1004099	48202400.00
2018/04/25	31.39	31.99	30.98	31.71	866652	42085916.00
2018/04/26	31.71	32.15	30.67	30.73	908049	43786992.00
2018/04/27	30.82	31.77	30.82	31.31	740536	35643456.00
2018/05/02	31.32	32.14	31.31	31.56	654235	31857204.00
2018/05/03	31.56	31.56	30.63	31.44	771515	36808120.00
2018/05/04	31.25	31.52	31.05	31.27	581639	27895752.00
2018/05/07	31.25	31.89	31.23	31.72	785400	38204152.00
2018/05/08	31.65	32.14	31.65	31.92	845800	41461688.00
2018/05/09	32.15	32.19	31.59	31.96	802100	39217840.00
2018/05/10	31.92	33.44	31.86	33.33	1680000	84609696.00
2018/05/11	33.31	34.03	33.09	33.15	1584397	81398664.00
2018/05/14	33.03	33.19	32.13	32.36	1033562	51656636.00
2018/05/15	32.40	32.90	32.31	32.85	742490	37199016.00
2018/05/16	32.77	33.89	32.73	33.33	1434823	73401840.00
2018/05/17	33.17	33.25	32.91	33.08	627187	31810022.00
2018/05/18	33.25	33.25	32.36	32.92	744700	37410588.00
2018/05/21	32.92	33.47	32.77	33.33	641998	32648664.00
2018/05/22	33.58	33.94	33.19	33.71	823554	42045052.00
2018/05/23	33.58	34.42	33.42	33.60	875334	45120796.00
2018/05/24	33.61	33.74	33.12	33.25	591878	29984606.00
2018/05/25	33.09	33.92	33.06	33.79	939657	48026728.00
2018/05/28	34.92	36.41	34.39	35.35	2684777	143549728.00
2018/05/29	34.98	35.13	33.73	33.73	1551367	81339752.00
2018/05/30	33.11	33.11	30.93	31.22	1390026	68127440.00
2018/05/31	31.59	32.04	31.29	31.72	681567	32853338.00
2018/06/01	31.59	32.21	31.53	31.78	533960	25784536.00
2018/06/04	31.81	31.91	31.39	31.43	446048	21397876.00
2018/06/05	31.43	32.29	31.43	32.18	584905	28426040.00
2018/06/06	32.06	32.55	32.06	32.47	464838	22840546.00
2018/06/07	32.55	32.55	31.91	32.01	611168	29867690.00
2018/06/08	32.01	32.10	31.59	31.69	430198	20787258.00
2018/06/11	31.78	31.87	31.45	31.55	336200	16160429.00
2018/06/12	31.67	31.71	30.59	31.26	701726	33059964.00
2018/06/13	31.05	31.43	30.72	30.75	465050	21902946.00
2018/06/14	30.75	31.05	30.39	30.96	322693	15117926.00
2018/06/15	31.17	31.17	29.93	30.16	497100	22975288.00
2018/06/19	29.61	30.05	27.56	28.12	880700	38467568.00
2018/06/20	27.82	29.13	27.82	29.13	641798	28067018.00
2018/06/21	29.15	29.15	28.21	28.22	700798	30722160.00
2018/06/22	28.11	29.05	27.79	28.81	417883	18200142.00
2018/06/25	29.24	29.24	28.59	28.64	237270	10412763.00
2018/06/26	28.32	29.09	28.13	28.89	404410	17709574.00
2018/06/27	28.97	29.22	28.71	28.87	371952	16393242.00
2018/06/28	28.63	29.15	28.63	28.67	284900	12514750.00
2018/06/29	28.87	29.57	28.72	29.56	414979	18485768.00
2018/07/02	29.51	29.84	29.14	29.26	398700	17903268.00
2018/07/03	29.32	30.01	29.05	29.87	465626	20882226.00
2018/07/04	29.72	29.72	28.94	28.94	447500	19946128.00
2018/07/05	28.90	29.35	28.34	28.36	428356	18707016.00
2018/07/06	28.37	28.92	28.20	28.66	365540	15891086.00
2018/07/09	28.79	29.39	28.62	29.36	416856	18539384.00
2018/07/10	29.43	29.73	29.21	29.71	483100	21666088.00
2018/07/11	29.43	29.48	28.91	29.30	494600	21999912.00
2018/07/12	29.16	30.09	29.16	29.93	651318	29542596.00
2018/07/13	29.82	30.24	29.73	30.02	484818	22081874.00
2018/07/16	33.07	33.07	31.07	31.25	2168628	106626720.00
2018/07/17	34.25	34.41	34.25	34.41	2311190	120684952.00
2018/07/18	34.41	34.41	31.57	32.33	4085810	203985120.00
2018/07/19	31.49	31.66	30.59	30.90	1681168	79477792.00
2018/07/20	30.83	31.25	30.29	30.90	1004020	47174804.00
2018/07/23	30.11	34.03	29.51	33.19	3561220	178250192.00
2018/07/24	32.29	33.50	31.59	32.69	2722181	134965632.00
2018/07/25	32.39	35.25	32.25	34.29	3502725	180694240.00
2018/07/26	33.59	33.75	32.98	33.12	1890471	95664040.00
2018/07/27	32.64	32.83	31.74	31.95	1529529	74988992.00
2018/07/30	31.92	32.11	30.62	30.79	1399470	66130544.00
2018/07/31	30.82	31.61	30.55	31.18	825250	39043132.00
2018/08/01	30.92	31.43	30.60	30.69	659500	31047752.00
2018/08/02	30.35	30.92	29.39	30.02	876294	40009780.00
2018/08/03	30.08	30.95	29.73	30.45	850400	39628576.00
2018/08/06	30.29	30.44	28.43	29.09	931770	41605056.00
2018/08/07	29.22	29.63	28.91	29.59	504700	22544470.00
2018/08/08	29.61	29.61	28.66	28.92	654038	28873016.00
2018/08/09	28.73	29.71	28.73	29.41	485238	21666890.00
2018/08/10	29.59	31.05	29.33	29.99	719400	33103318.00
2018/08/13	29.92	30.09	29.41	30.03	495800	22386484.00
2018/08/14	29.92	30.15	29.69	29.75	324100	14743103.00
2018/08/15	29.75	30.12	29.21	29.21	387300	17563708.00
2018/08/16	29.17	29.32	28.72	29.04	419666	18526698.00
2018/08/17	29.14	29.45	28.10	28.15	482900	21143732.00
2018/08/20	28.19	28.62	27.93	28.50	322190	13879164.00
2018/08/21	28.49	29.05	28.31	28.85	426500	18637168.00
2018/08/22	28.91	29.13	28.59	28.89	336942	14791369.00
2018/08/23	28.88	29.14	28.65	29.05	290466	12807907.00
2018/08/24	29.05	29.94	28.82	29.53	534505	24034160.00
2018/08/27	29.52	30.23	29.33	30.17	509605	23190692.00
2018/08/28	30.25	30.25	29.74	30.09	381100	17372020.00
2018/08/29	30.09	30.18	29.55	29.78	321900	14669275.00
2018/08/30	29.79	30.22	29.51	29.51	275366	12496971.00
2018/08/31	29.49	29.64	28.97	29.25	340400	15176565.00
2018/09/03	29.25	29.25	28.58	28.92	285558	12520766.00
2018/09/04	28.92	29.75	28.92	29.55	307770	13733506.00
2018/09/05	29.55	29.65	28.87	28.87	304700	13568236.00
2018/09/06	28.79	29.14	28.68	28.73	218470	9593976.00
2018/09/07	28.74	29.15	28.57	28.72	238570	10464133.00
2018/09/10	28.71	28.89	28.17	28.19	270300	11694711.00
2018/09/11	28.31	28.65	28.24	28.53	235400	10192828.00
2018/09/12	28.45	28.99	28.34	28.84	277270	12146050.00
2018/09/13	28.99	29.12	27.97	28.51	350600	15198641.00
2018/09/14	28.51	28.72	28.17	28.17	204900	8879299.00
2018/09/17	28.06	28.19	27.79	27.79	169270	7216987.50
2018/09/18	27.68	28.39	27.67	28.36	176200	7523856.00
2018/09/19	28.19	28.75	28.12	28.52	184300	7985910.00
2018/09/20	28.37	28.70	28.18	28.22	121500	5246929.00
2018/09/21	28.25	29.12	28.15	29.05	396784	17364084.00
2018/09/25	29.13	29.90	28.99	29.43	381700	17147116.00
2018/09/26	29.36	29.65	29.32	29.42	205037	9196402.00
2018/09/27	29.59	30.24	29.36	29.49	372018	16837768.00
2018/09/28	29.59	29.72	29.30	29.53	283600	12695401.00
2018/10/08	29.39	29.39	28.11	28.15	396600	17238618.00
2018/10/09	28.38	28.52	28.18	28.34	180361	7778643.50
2018/10/10	28.52	28.65	28.25	28.35	182370	7895626.50
2018/10/11	27.57	27.57	25.75	26.12	622384	25513776.00
2018/10/12	26.25	26.52	25.76	26.37	280070	11190438.00
2018/10/15	26.46	26.79	26.25	26.31	210870	8531088.00
2018/10/16	26.65	26.65	25.39	25.59	337876	13401996.00
2018/10/17	26.09	26.17	24.81	25.49	417039	16184045.00
2018/10/18	25.25	25.43	24.79	24.81	314276	11991760.00
2018/10/19	24.65	25.57	24.55	25.53	452288	17301502.00
2018/10/22	25.65	27.22	25.65	26.72	670888	27157870.00
2018/10/23	26.67	26.91	26.12	26.40	377395	15210860.00
2018/10/24	26.55	26.81	26.31	26.58	289398	11740177.00
2018/10/25	25.92	26.89	25.59	26.81	332207	13381078.00
2018/10/26	26.81	27.04	26.47	26.64	261709	10664130.00
2018/10/29	26.49	26.64	26.08	26.15	218107	8730680.00
2018/10/30	26.16	26.49	25.79	26.35	218270	8700548.00
2018/10/31	26.52	26.81	26.34	26.71	324105	13163546.00
2018/11/01	26.75	27.12	26.53	26.59	362737	14820795.00
2018/11/02	26.73	27.32	26.73	27.32	497532	20551184.00
2018/11/05	27.31	27.57	26.59	26.95	499527	20608550.00
2018/11/06	26.89	26.89	26.51	26.76	332300	13477697.00
2018/11/07	26.65	27.04	26.59	26.72	329198	13438791.00
2018/11/08	26.81	26.91	26.55	26.59	202198	8229701.50
2018/11/09	26.59	26.59	26.36	26.45	265600	10693629.00
2018/11/12	26.39	27.42	26.39	27.31	534198	21977144.00
2018/11/13	27.05	27.69	27.02	27.50	458715	19189820.00
2018/11/14	27.52	28.02	27.47	27.61	394770	16660469.00
2018/11/15	27.79	29.25	27.69	29.07	922683	40283568.00
2018/11/16	28.91	29.77	28.91	29.05	828315	36872768.00
2018/11/19	29.25	29.65	28.93	29.32	534870	23760996.00
2018/11/20	28.99	30.12	28.92	29.07	703459	31579506.00
2018/11/21	28.69	30.02	28.39	29.99	792418	35447092.00
2018/11/22	29.99	30.63	29.81	30.10	816978	37497720.00
2018/11/23	29.94	30.12	28.75	29.60	807496	36239576.00
2018/11/26	29.59	29.81	28.43	28.81	792184	34968704.00
2018/11/27	28.93	29.11	28.39	28.66	495859	21664742.00
2018/11/28	28.59	29.22	28.43	29.11	460322	20261678.00
2018/11/29	29.22	29.56	28.73	28.85	434058	19283426.00
2018/11/30	28.75	29.26	28.35	29.25	367977	16149875.00
2018/12/03	29.95	30.12	29.55	29.77	719776	32712538.00
2018/12/04	29.66	30.06	29.51	29.73	386424	17486128.00
2018/12/05	29.29	30.05	29.12	29.75	344207	15522999.00
2018/12/06	29.75	29.75	28.59	28.84	395279	17529650.00
2018/12/07	28.72	28.93	28.19	28.56	354887	15415659.00
2018/12/10	28.55	28.89	28.25	28.59	293845	12842754.00
2018/12/11	28.84	28.84	28.39	28.51	218795	9508621.00
2018/12/12	28.56	28.69	28.39	28.41	202576	8789125.00
2018/12/13	28.33	28.59	28.01	28.41	407268	17573450.00
2018/12/14	28.45	28.52	27.39	27.53	474609	20141758.00
2018/12/17	27.26	27.53	27.00	27.37	276800	11472235.00
2018/12/18	26.99	27.35	26.41	26.62	516652	21056784.00
2018/12/19	26.65	26.65	26.19	26.20	265197	10654056.00
2018/12/20	26.20	26.52	26.06	26.37	175349	7047354.00
2018/12/21	26.37	26.83	26.25	26.38	382262	15420126.00
2018/12/24	26.36	27.08	26.29	26.99	278400	11372435.00
2018/12/25	26.92	27.03	26.37	27.02	237600	9668601.00
2018/12/26	26.89	27.07	26.82	26.82	139500	5726962.00
2018/12/27	26.93	27.15	26.47	26.47	229800	9416091.00
2018/12/28	26.78	26.85	26.23	26.38	182000	7351502.00
2019/01/02	26.38	26.61	25.73	25.83	308870	12228145.00
2019/01/03	25.83	26.01	25.51	25.56	316039	12383729.00
2019/01/04	25.37	26.14	25.12	26.14	315909	12413848.00
2019/01/07	26.44	26.71	26.28	26.45	223200	9009936.00
2019/01/08	26.45	26.57	26.26	26.37	123549	4970582.00
2019/01/09	26.48	26.79	26.37	26.43	240996	9766405.00
2019/01/10	26.43	26.43	26.12	26.15	173446	6939647.50
2019/01/11	26.14	26.57	26.11	26.51	278517	11139467.00
2019/01/14	26.51	26.64	26.13	26.35	189196	7585959.00
2019/01/15	26.45	26.55	26.15	26.53	225968	9070458.00
2019/01/16	26.54	26.65	26.52	26.63	262600	10639831.00
2019/01/17	26.63	26.63	26.12	26.12	182612	7330206.00
2019/01/18	26.11	26.60	25.99	26.55	238500	9613253.00
2019/01/21	26.73	27.19	26.55	26.87	303672	12465818.00
2019/01/22	26.75	27.05	26.75	26.96	179550	7358897.50
2019/01/23	26.65	27.01	26.31	26.69	134000	5450078.00
2019/01/24	26.82	27.12	26.61	26.94	176200	7215269.00
2019/01/25	26.92	27.15	26.71	26.99	246200	10127148.00
2019/01/28	26.99	27.50	26.92	27.22	299700	12439748.00
2019/01/29	27.11	27.25	26.47	26.63	274900	11207594.00
2019/01/30	26.63	27.15	26.63	26.94	280370	11521171.00
2019/01/31	27.07	27.12	26.00	26.26	382114	15438293.00
2019/02/01	26.37	26.95	26.37	26.94	341000	13876996.00
2019/02/11	26.88	27.53	26.81	27.49	380800	15828188.00
2019/02/12	27.44	28.12	27.41	27.73	392000	16627373.00
2019/02/13	27.91	28.28	27.63	28.27	438400	18728644.00
2019/02/14	28.17	28.49	28.02	28.21	340000	14618139.00
2019/02/15	28.11	28.59	28.11	28.41	285900	12343656.00
2019/02/18	28.56	28.91	28.47	28.91	506998	22176414.00
2019/02/19	28.92	29.02	28.35	28.65	529100	23152600.00
2019/02/20	28.75	28.75	27.99	28.45	440070	18975994.00
2019/02/21	28.42	28.69	28.17	28.19	420350	18185006.00
2019/02/22	28.14	28.37	27.97	28.29	650970	27884772.00
2019/02/25	28.69	29.42	28.24	29.32	1314960	57529600.00
2019/02/26	29.32	30.37	29.03	29.77	1148442	52195552.00
2019/02/27	29.69	29.97	29.19	29.30	744400	33608144.00
2019/02/28	29.30	30.63	29.30	30.35	1046322	48188856.00
2019/03/01	30.35	30.57	30.09	30.37	560000	25768920.00
2019/03/04	30.42	31.06	30.41	30.91	1309251	61186952.00
2019/03/05	31.17	31.24	30.81	31.14	1062524	50135896.00
2019/03/06	31.15	31.19	30.52	30.99	916831	42965224.00
2019/03/07	30.99	31.12	30.62	30.91	1032486	48420684.00
2019/03/08	30.59	30.61	29.49	29.51	1108509	50745284.00
2019/03/11	29.58	30.58	29.52	30.45	896711	41251964.00
2019/03/12	30.49	31.12	30.45	30.69	1126448	52592572.00
2019/03/13	30.90	31.11	30.15	30.26	896278	41791000.00
2019/03/14	30.23	30.44	29.26	29.41	661210	29825388.00
2019/03/15	29.77	30.12	29.52	29.83	558310	25329496.00
2019/03/18	29.84	30.74	29.77	30.69	863310	40026716.00
2019/03/19	30.83	32.17	30.67	31.70	1581882	75833600.00
2019/03/20	31.67	31.88	31.11	31.77	1006912	48317580.00
2019/03/21	31.71	32.23	31.39	32.01	1043920	50483840.00
2019/03/22	32.20	33.08	32.01	32.24	1195408	59067620.00
2019/03/25	31.73	32.45	31.67	31.70	828606	40339596.00
2019/03/26	31.75	32.01	30.45	30.65	938756	44587428.00
2019/03/27	30.94	31.57	30.49	31.43	802300	37976352.00
2019/03/28	31.61	31.85	30.79	30.89	768737	36527960.00
2019/03/29	30.66	31.71	30.33	31.71	864102	40890024.00
2019/04/01	32.07	32.59	31.73	32.39	1184841	57980364.00
2019/04/02	32.35	32.45	31.96	32.07	845396	41423916.00
2019/04/03	32.05	32.51	31.89	32.34	764096	37486944.00
2019/04/04	32.47	32.47	31.95	32.23	718026	35101288.00
2019/04/08	32.32	32.57	31.37	31.69	849005	41127892.00
2019/04/09	31.67	34.66	31.67	33.99	2323679	118230064.00
2019/04/10	33.63	34.64	33.29	34.64	1706846	88284088.00
2019/04/11	34.92	35.00	33.09	33.73	1597740	82232208.00
2019/04/12	32.65	32.65	31.44	31.79	2417470	117037376.00
2019/04/15	31.93	32.09	30.99	31.25	1294344	62110548.00
2019/04/16	30.99	31.97	30.72	31.56	751370	35783932.00
2019/04/17	31.53	31.67	31.33	31.45	611400	29302720.00
2019/04/18	31.39	31.57	31.15	31.24	488261	23279472.00
2019/04/19	31.25	31.77	31.21	31.49	532300	25445676.00
2019/04/22	31.61	31.79	31.19	31.24	624700	29916578.00
2019/04/23	31.36	31.55	30.72	30.89	588300	27730978.00
2019/04/24	30.89	31.11	30.37	30.92	404706	18895962.00
2019/04/25	30.89	31.03	30.09	30.10	435500	20265768.00
2019/04/26	30.09	30.23	29.86	30.04	411400	18807060.00
2019/04/29	30.05	30.31	29.75	29.99	562600	25698326.00
2019/04/30	29.98	31.62	29.93	30.45	566600	26571900.00
2019/05/06	30.15	30.15	27.69	27.95	853500	37222476.00
2019/05/07	27.99	28.82	27.75	28.65	588770	25273148.00
2019/05/08	28.25	29.11	28.00	28.66	690670	30213120.00
2019/05/09	28.29	28.51	28.05	28.11	476600	20458792.00
2019/05/10	28.27	28.77	28.14	28.65	616570	26718614.00
2019/05/13	28.38	28.60	28.31	28.34	363900	15729848.00
2019/05/14	27.92	28.37	27.85	27.85	383500	16381894.00
2019/05/15	27.98	28.31	27.97	28.29	414000	17759516.00
2019/05/16	28.30	28.60	28.25	28.43	380300	16447574.00
2019/05/17	28.43	28.50	27.38	27.45	564300	23958740.00
2019/05/20	27.45	27.45	26.73	27.01	551200	22644414.00
2019/05/21	27.01	27.56	26.68	27.38	338800	14079162.00
2019/05/22	27.38	27.48	26.89	27.09	299600	12375927.00
2019/05/23	26.92	27.09	26.59	26.81	289900	11837914.00
2019/05/24	26.65	26.99	26.61	26.99	260700	10656466.00
2019/05/27	27.01	27.49	26.92	27.46	348100	14455090.00
2019/05/28	27.45	27.62	27.25	27.39	343719	14352264.00
2019/05/29	27.38	27.97	27.07	27.53	261870	10989734.00
2019/05/30	27.39	27.69	27.20	27.64	333600	13945866.00
2019/05/31	27.52	27.82	27.49	27.55	346870	14603973.00
2019/06/03	27.65	27.75	27.14	27.35	359470	14968420.00
2019/06/04	27.24	27.41	27.10	27.12	232870	9653321.00
2019/06/05	27.37	27.54	26.93	27.31	360900	14958656.00
2019/06/06	27.24	27.29	26.65	26.86	360870	14811688.00
2019/06/10	26.86	27.15	26.69	27.11	193300	7950383.00
2019/06/11	27.11	27.72	27.05	27.71	522270	21903708.00
2019/06/12	27.77	28.17	27.52	27.99	495170	20955318.00
2019/06/13	27.90	28.12	27.85	27.93	232370	9908120.00
2019/06/14	27.89	28.05	27.46	27.46	237500	10043130.00
2019/06/17	27.46	27.79	27.37	27.44	178400	7477353.00
2019/06/18	27.67	27.67	27.25	27.27	222400	9277074.00
2019/06/19	27.54	28.55	27.54	28.19	630240	26861246.00
2019/06/20	27.93	28.52	27.92	28.37	382700	16488184.00
2019/06/21	28.48	29.04	28.31	28.95	493570	21577384.00
2019/06/24	28.95	28.95	28.56	28.79	425370	18586688.00
2019/06/25	28.66	28.84	28.01	28.29	637766	27431904.00
2019/06/26	28.12	28.48	28.05	28.41	227470	9809158.00
2019/06/27	28.55	28.90	28.50	28.74	449066	19615162.00
2019/06/28	28.91	28.91	28.40	28.55	372400	16075697.00
2019/07/01	28.85	29.37	28.65	29.34	560900	24718836.00
2019/07/02	29.34	30.11	29.27	29.82	756800	34162608.00
2019/07/03	29.46	30.17	29.46	29.80	493700	22315206.00
2019/07/04	29.91	29.91	29.40	29.82	527600	23624732.00
2019/07/05	29.67	30.37	29.67	30.22	570900	25879690.00
2019/07/08	30.44	30.44	29.19	29.84	699800	31511332.00
2019/07/09	29.65	29.92	29.57	29.65	214398	9627432.00
2019/07/10	29.79	29.82	29.53	29.61	171900	7702349.00
2019/07/11	29.66	30.18	29.62	29.67	417100	18842728.00
2019/07/12	29.79	31.19	29.67	30.67	795366	36880920.00
2019/07/15	30.45	31.09	30.35	30.69	567800	26390168.00
2019/07/16	30.55	31.56	30.53	31.32	662866	31210996.00
2019/07/17	31.39	31.45	30.85	30.88	473966	22255208.00
2019/07/18	31.05	31.23	30.52	30.53	417570	19431792.00
2019/07/19	30.59	31.45	30.49	30.78	378900	17724400.00
2019/07/22	30.82	30.98	29.87	29.99	607384	27844766.00
2019/07/23	30.21	31.35	30.13	30.95	677408	31600780.00
2019/07/24	31.04	31.48	30.93	31.16	602027	28396886.00
2019/07/25	31.16	31.23	30.82	31.11	342500	16030340.00
2019/07/26	31.02	31.09	30.65	30.93	282700	13183632.00
2019/07/29	30.83	31.09	30.72	30.75	326500	15238759.00
2019/07/30	30.73	30.96	30.61	30.77	267500	12434429.00
2019/07/31	30.77	30.85	30.04	30.31	434500	19936024.00
2019/08/01	30.39	30.39	29.51	29.66	621700	27983220.00
2019/08/02	29.23	30.03	29.15	29.51	537406	23896394.00
2019/08/05	29.51	29.63	29.00	29.02	366706	16234706.00
2019/08/06	28.66	28.73	28.17	28.30	537149	23064072.00
2019/08/07	28.77	28.99	28.32	28.48	260008	11216965.00
2019/08/08	28.48	29.04	28.41	28.83	362100	15754382.00
2019/08/09	28.85	29.25	28.51	28.53	290100	12671865.00
2019/08/12	28.53	29.23	28.29	29.17	312409	13651735.00
2019/08/13	29.00	30.04	29.00	29.93	741500	33428984.00
2019/08/14	30.12	31.07	29.94	30.91	741753	34301700.00
2019/08/15	30.65	31.69	30.49	31.48	1149450	54342244.00
2019/08/16	31.50	32.02	31.47	31.67	956870	45760116.00
2019/08/19	32.39	33.45	32.19	32.45	1668681	82342848.00
2019/08/20	32.45	33.42	32.45	32.59	1029940	51204460.00
2019/08/21	32.39	33.10	32.23	32.46	645351	31727242.00
2019/08/22	32.70	32.95	32.06	32.52	712879	34923012.00
2019/08/23	32.35	33.59	32.25	32.91	1257500	62633004.00
2019/08/26	32.24	33.34	32.24	32.95	844170	42014568.00
2019/08/27	33.12	34.07	32.99	33.46	809200	40978568.00
2019/08/28	33.46	33.84	32.79	33.25	498976	25069278.00
2019/08/29	33.18	33.52	32.87	32.99	520570	26013794.00
2019/08/30	32.70	33.27	31.80	32.04	1016106	49657496.00
2019/09/02	32.17	32.75	32.02	32.61	694695	34106840.00
2019/09/03	32.62	32.99	31.95	32.39	798231	38932684.00
2019/09/04	32.16	32.76	32.02	32.25	598561	29211542.00
2019/09/05	32.41	32.97	32.12	32.23	811344	39871612.00
2019/09/06	32.20	32.69	32.20	32.32	599138	29261962.00
2019/09/09	32.46	33.58	32.32	33.29	1012184	50429956.00
2019/09/10	33.29	33.41	32.74	32.99	924860	45925680.00
2019/09/11	32.82	34.39	32.82	33.66	1595656	81141672.00
2019/09/12	33.69	34.04	32.79	32.91	1063100	53219864.00
2019/09/16	32.91	33.17	32.49	32.59	603676	29933344.00
2019/09/17	32.59	32.68	31.71	31.92	812900	39447252.00
2019/09/18	31.91	32.25	31.87	32.05	367582	17792704.00
2019/09/19	32.28	32.55	31.90	32.45	526000	25564956.00
2019/09/20	32.51	32.89	32.38	32.61	474700	23389740.00
2019/09/23	32.61	32.79	31.97	32.67	417161	20410322.00
2019/09/24	32.70	33.35	32.40	33.17	854538	42670120.00
2019/09/25	33.15	33.70	32.87	33.36	1101238	55536056.00
2019/09/26	33.50	33.63	32.11	32.76	865638	42951640.00
2019/09/27	32.76	34.74	32.55	34.46	1685238	86202784.00
2019/09/30	34.35	34.98	33.89	34.82	1390766	72356528.00
2019/10/08	34.62	36.09	34.57	35.63	1442670	76940216.00
2019/10/09	35.47	35.47	34.58	35.04	1124904	59346272.00
2019/10/10	34.85	35.71	34.67	35.32	1027300	54600736.00
2019/10/11	35.28	37.17	35.21	36.31	1794066	98401992.00
2019/10/14	36.39	37.04	36.03	36.50	1212525	66843224.00
2019/10/15	36.32	37.07	35.97	36.75	959658	52947544.00
2019/10/16	36.75	37.44	36.05	36.22	1127335	62289224.00
2019/10/17	36.19	36.75	35.83	36.38	760100	41589572.00
2019/10/18	36.45	38.16	36.08	36.99	1710415	96155424.00
2019/10/21	36.99	37.59	34.52	35.41	1851504	99716952.00
2019/10/22	35.41	37.39	34.85	37.39	1549990	85028696.00
2019/10/23	37.31	37.49	34.99	35.05	1849346	100310864.00
2019/10/24	34.52	36.31	34.52	35.64	1315658	70869000.00
2019/10/25	35.58	35.97	34.92	35.65	682360	36462016.00
2019/10/28	35.46	35.75	35.05	35.13	969707	51587044.00
2019/10/29	35.13	35.29	34.55	34.61	720800	37875208.00
2019/10/30	34.52	34.52	33.75	34.24	589100	30318898.00
2019/10/31	34.39	34.97	34.13	34.73	456601	23922650.00
2019/11/01	34.73	34.95	33.91	34.45	489655	25369338.00
2019/11/04	34.44	35.25	34.43	35.19	620500	32832696.00
2019/11/05	35.19	35.19	34.24	34.75	705705	36908448.00
2019/11/06	34.75	34.99	34.37	34.65	445643	23330110.00
2019/11/07	34.49	34.92	34.39	34.44	421500	21964544.00
2019/11/08	34.46	34.98	34.44	34.55	414700	21729816.00
2019/11/11	34.47	34.47	33.05	33.19	807665	40878376.00
2019/11/12	33.07	33.74	33.07	33.36	413600	20824856.00
2019/11/13	33.36	33.63	33.28	33.43	266170	13435914.00
2019/11/14	33.32	33.72	33.29	33.61	412149	20845102.00
2019/11/15	33.65	33.65	33.14	33.25	400600	20119208.00
2019/11/18	33.32	33.65	32.95	33.47	344108	17317538.00
2019/11/19	33.65	34.11	33.39	33.79	813500	41508248.00
2019/11/20	33.81	34.10	33.62	33.65	610974	31218154.00
2019/11/21	33.65	33.65	32.91	33.22	555999	27775462.00
2019/11/22	33.45	33.75	32.47	32.52	731332	36443384.00
2019/11/25	32.62	32.69	31.87	32.29	565300	27457012.00
2019/11/26	32.30	32.41	32.19	32.35	220000	10729234.00
2019/11/27	32.35	32.41	32.07	32.17	226000	11001219.00
2019/11/28	32.09	32.47	32.06	32.18	313908	15291222.00
2019/11/29	32.18	32.21	31.45	31.74	511352	24562684.00
2019/12/02	31.71	32.01	31.52	31.61	213000	10214917.00
2019/12/03	31.62	31.77	31.29	31.76	308176	14679215.00
2019/12/04	31.65	31.99	31.53	31.89	218676	10511574.00
2019/12/05	31.96	32.70	31.84	32.59	348118	16997750.00
2019/12/06	32.79	32.92	32.50	32.77	367849	18186304.00
2019/12/09	32.72	32.89	32.43	32.57	217500	10701250.00
2019/12/10	32.57	32.97	32.50	32.92	546500	27076136.00
2019/12/11	32.91	33.42	32.79	33.16	520300	26125360.00
2019/12/12	33.14	33.43	32.89	33.03	368670	18422624.00
2019/12/13	33.03	33.63	33.03	33.42	506270	25528910.00
2019/12/16	33.46	33.82	33.39	33.78	521770	26487168.00
2019/12/17	33.69	34.24	33.54	34.05	566199	28950636.00
2019/12/18	34.05	34.14	33.69	33.71	411700	21045762.00
2019/12/19	33.59	33.71	33.33	33.59	350600	17731354.00
2019/12/20	33.45	33.64	33.20	33.37	292400	14728648.00
2019/12/23	33.27	33.62	33.13	33.13	344800	17329314.00
2019/12/24	33.13	33.40	33.13	33.39	179100	9002104.00
2019/12/25	33.19	33.38	33.00	33.15	364600	18243056.00
2019/12/26	33.13	33.57	33.02	33.51	305460	15371757.00
2019/12/27	33.65	33.83	33.45	33.51	357300	18168532.00
2019/12/30	33.32	33.49	33.15	33.33	353100	17727388.00
2019/12/31	33.25	35.56	33.25	34.62	1442795	74826664.00
2020/01/02	34.45	34.58	34.11	34.49	931260	48188000.00
2020/01/03	34.45	34.54	34.24	34.45	404126	20986742.00
2020/01/06	34.27	34.52	33.99	34.06	571470	29550924.00
2020/01/07	34.01	35.45	34.01	34.73	796710	41910192.00
2020/01/08	34.65	35.11	34.46	34.65	574000	30122384.00
2020/01/09	34.69	35.23	34.59	34.82	464665	24475308.00
2020/01/10	34.91	34.92	34.43	34.91	405765	21268010.00
2020/01/13	34.89	35.47	34.67	35.45	517166	27514918.00
2020/01/14	35.46	35.63	35.12	35.47	501419	26817314.00
2020/01/15	35.59	36.41	35.29	35.99	747370	40645568.00
2020/01/16	36.09	36.22	35.56	35.73	471018	25382706.00
2020/01/17	35.76	35.87	35.29	35.51	468600	25162996.00
2020/01/20	36.53	37.03	36.13	36.86	995145	54981116.00
2020/01/21	37.53	38.05	36.88	37.12	1172446	66071680.00
2020/01/22	37.47	37.65	36.52	36.95	1098400	61410544.00
2020/01/23	37.05	40.57	36.85	39.95	2785442	164604576.00
2020/02/03	40.12	42.64	37.65	38.07	3433467	204424688.00
2020/02/04	36.47	39.78	36.47	38.74	2273862	131231240.00
2020/02/05	39.79	42.63	39.32	42.51	3850415	237153152.00
2020/02/06	42.45	46.78	41.99	46.78	3430027	232745008.00
2020/02/07	47.79	50.12	43.63	43.94	4895615	341885152.00
2020/02/10	44.19	45.68	42.65	43.95	3013222	198835424.00
2020/02/11	43.45	43.53	40.60	41.46	2451530	153896288.00
2020/02/12	41.32	42.35	41.32	41.54	1453501	91260784.00
2020/02/13	42.08	42.09	39.63	40.43	2165925	132693336.00
2020/02/14	44.49	44.49	43.65	44.49	3507073	235106448.00
2020/02/17	43.12	44.45	42.12	44.23	3596363	234496448.00
2020/02/18	43.65	44.12	42.45	42.91	2320180	150628880.00
2020/02/19	43.44	43.45	41.42	41.51	1794300	114383408.00
2020/02/20	41.20	42.06	41.17	41.80	1210319	76066976.00
2020/02/21	41.80	42.76	41.40	41.96	1358266	86186248.00
2020/02/24	41.98	42.37	41.70	42.12	1453950	91909136.00
2020/02/25	42.09	43.95	41.63	43.72	2437518	158017472.00
2020/02/26	43.21	43.57	41.49	41.58	1913356	122078584.00
2020/02/27	41.64	42.12	40.79	41.13	944391	58802312.00
2020/02/28	40.96	41.89	40.45	40.62	1075648	66784856.00
2020/03/02	41.03	42.11	41.02	42.11	1030583	64841956.00
2020/03/03	42.43	43.64	42.29	43.15	1527790	99227888.00
2020/03/04	42.72	44.11	42.57	43.77	1269680	83376512.00
2020/03/05	43.51	44.07	43.06	43.65	1730025	113127352.00
2020/03/06	44.85	47.19	44.17	46.45	3123342	214054128.00
2020/03/09	45.72	46.78	44.19	44.32	1961908	133881072.00
2020/03/10	43.80	44.26	42.50	44.03	1571680	102860256.00
2020/03/11	43.47	45.77	43.46	44.05	1271015	85426480.00
2020/03/12	43.67	43.85	42.53	42.95	1051100	68325048.00
2020/03/13	41.15	42.98	40.79	42.24	920681	58555316.00
2020/03/16	42.45	43.65	41.65	41.65	1277565	82567800.00
2020/03/17	41.82	42.45	39.29	41.51	1305700	80391552.00
2020/03/18	41.83	44.13	41.82	42.41	1959619	127613360.00
2020/03/19	42.05	42.77	40.47	41.39	1277031	79821808.00
2020/03/20	42.01	43.12	41.71	42.69	1108810	70951296.00
2020/03/23	41.79	43.74	41.47	42.79	1429376	92841056.00
2020/03/24	43.39	43.45	42.21	43.44	1038180	67343728.00
2020/03/25	43.89	44.85	43.05	44.79	1900594	126299144.00
2020/03/26	44.38	45.86	44.19	45.65	1483055	101341864.00
2020/03/27	46.32	46.39	44.90	44.95	1497450	102692536.00
2020/03/30	44.66	45.62	44.37	44.47	1021545	69340704.00
2020/03/31	45.01	47.43	44.32	47.09	2021272	140001312.00
2020/04/01	46.80	47.70	45.79	46.05	1430600	100412248.00
2020/04/02	45.98	47.25	45.50	46.65	1195708	83977096.00
2020/04/03	46.45	48.08	46.32	46.45	1868373	132516920.00
2020/04/07	46.75	48.02	45.71	47.89	2056433	144879584.00
2020/04/08	47.44	47.44	46.06	46.45	1469720	102994336.00
2020/04/09	46.59	46.85	45.79	46.45	1114323	77869520.00
2020/04/10	46.61	46.62	44.23	44.63	1527325	104454024.00
2020/04/13	44.43	45.99	43.69	45.19	1366572	92428480.00
2020/04/14	45.41	45.41	44.18	45.12	1133570	76320224.00
2020/04/15	45.23	46.75	45.13	45.84	1211368	83859480.00
2020/04/16	45.55	46.83	45.55	46.79	1372970	95705760.00
2020/04/17	46.97	48.37	46.19	47.90	2068418	147686912.00
2020/04/20	47.85	48.66	47.63	48.66	1342570	97571544.00
2020/04/21	48.68	49.27	47.73	48.10	1506200	109475800.00
2020/04/22	48.23	48.25	47.30	47.89	869370	62435116.00
2020/04/23	48.30	49.23	48.05	48.12	1012280	74112232.00
2020/04/24	48.52	49.05	46.72	46.96	1179548	85096136.00
2020/04/27	47.12	49.27	46.37	48.85	1689360	122485736.00
2020/04/28	48.32	48.72	46.65	47.95	1461712	104820776.00
2020/04/29	47.87	47.87	44.87	45.25	2707402	125384568.00
2020/04/30	45.25	45.26	43.93	44.84	1991970	88592440.00
2020/05/06	44.43	45.23	44.00	45.02	1227362	54598396.00
2020/05/07	45.00	45.63	44.70	45.50	1130718	51265316.00
2020/05/08	45.47	45.82	45.05	45.18	1133315	51437440.00
2020/05/11	45.60	45.60	43.99	44.26	1339001	59650360.00
2020/05/12	44.18	45.11	44.16	44.60	934346	41725328.00
2020/05/13	44.50	45.46	43.88	45.40	1316705	58960984.00
2020/05/14	45.20	45.88	45.03	45.17	1006725	45715380.00
2020/05/15	45.30	45.58	44.38	44.55	1357634	60748528.00
2020/05/18	44.50	46.26	42.24	46.00	2148705	97533432.00
2020/05/19	46.55	49.96	46.27	49.65	3591152	173274000.00
2020/05/20	49.89	52.30	49.41	50.60	3460979	176096704.00
2020/05/21	51.32	51.98	50.50	50.86	2293050	117268328.00
2020/05/22	50.60	51.30	49.10	49.72	2154841	108016328.00
2020/05/25	49.77	51.24	49.40	50.30	1835768	92277216.00
2020/05/26	50.30	52.58	50.18	51.78	2138920	110077168.00
2020/05/27	51.80	52.90	51.10	51.69	1567025	81515320.00
2020/05/28	51.36	51.87	49.88	51.24	1353042	68876168.00
2020/05/29	51.18	52.88	50.91	52.08	1502782	78378912.00
2020/06/01	52.70	53.48	52.02	52.11	1762083	92578280.00
2020/06/02	52.00	52.57	51.33	51.65	1141917	59226788.00
2020/06/03	51.20	52.56	51.20	51.95	1291645	67089184.00
2020/06/04	52.14	57.15	51.95	57.15	3613547	200234496.00
2020/06/05	57.73	59.48	57.32	58.48	2966206	173831424.00
2020/06/08	59.03	61.30	58.86	60.38	2615264	156871008.00
2020/06/09	60.38	61.17	59.59	60.59	1853027	111889136.00
2020/06/10	60.88	61.83	60.30	61.16	1638249	99975256.00
2020/06/11	61.15	61.70	58.50	58.66	2798890	167155392.00
2020/06/12	58.13	61.30	58.12	59.68	2372437	142030096.00
2020/06/15	61.09	62.41	59.31	59.31	2312502	139904352.00
2020/06/16	60.39	63.88	60.26	63.06	2731834	169097472.00
2020/06/17	66.00	66.57	62.80	65.50	3606825	233191200.00
2020/06/18	64.69	65.50	61.46	62.85	2736124	171081008.00
2020/06/19	63.00	64.60	62.80	63.71	1710242	109063944.00
2020/06/22	63.22	63.97	62.53	62.79	1583940	99805584.00
2020/06/23	62.95	63.98	62.54	63.86	1671826	105884576.00
2020/06/24	63.59	64.37	63.19	63.82	904430	57573816.00
2020/06/29	64.19	67.47	64.19	66.50	1863633	122820192.00
2020/06/30	66.68	67.52	65.23	66.68	1390500	92411224.00
2020/07/01	66.55	67.18	64.50	65.36	1443600	94970952.00
2020/07/02	65.16	66.55	64.65	64.72	1393112	91161704.00
2020/07/03	64.35	65.26	62.35	64.43	1960582	125226624.00
2020/07/06	65.16	65.34	63.31	63.98	1797928	115194856.00
2020/07/07	63.90	65.66	63.30	64.03	1853902	119289352.00
2020/07/08	64.17	64.97	63.03	64.24	1542962	98494704.00
2020/07/09	64.00	66.20	63.93	65.65	1905580	124571648.00
2020/07/10	65.98	69.20	65.68	66.92	2122385	142686592.00
2020/07/13	66.92	68.85	64.71	66.80	2898717	191344832.00
2020/07/14	66.38	69.36	64.71	65.82	2500705	167201184.00
2020/07/15	65.81	68.00	65.00	65.00	2570411	170852128.00
2020/07/16	65.00	67.12	58.88	59.08	3706536	231851088.00
2020/07/17	58.08	61.20	57.60	59.74	2130082	126629312.00
2020/07/20	60.02	61.48	58.24	60.15	1685700	100639136.00
2020/07/21	60.15	61.66	59.75	61.56	1473533	89894152.00
2020/07/22	61.13	63.14	60.52	62.40	1805097	112464392.00
2020/07/23	61.61	65.71	61.61	64.48	2864366	183179600.00
2020/07/24	64.65	64.75	59.00	59.45	2348315	144688800.00
2020/07/27	59.53	63.20	59.10	61.96	1794033	109772432.00
2020/07/28	61.92	62.44	60.55	61.98	1119400	68790912.00
2020/07/29	62.97	68.18	62.35	68.18	3624122	239643136.00
2020/07/30	70.00	71.99	68.26	69.60	5201427	364097696.00
2020/07/31	69.69	69.90	66.61	69.00	3486419	237498704.00
2020/08/03	68.89	70.80	67.76	70.50	3082269	213582016.00
2020/08/04	69.55	72.18	68.40	69.20	3616127	252986320.00
2020/08/05	68.34	72.00	67.01	70.20	3201975	222396912.00
2020/08/06	69.64	69.87	65.55	66.20	3471476	233041808.00
2020/08/07	66.80	67.80	63.58	64.95	1803050	117997168.00
2020/08/10	64.99	65.49	62.81	64.70	1268355	81538520.00
2020/08/11	64.74	65.38	63.09	63.22	1358119	87326744.00
2020/08/12	63.30	63.33	59.90	61.00	1577700	96414168.00
2020/08/13	61.38	61.77	60.01	60.30	1177949	71503792.00
2020/08/14	60.39	60.93	59.10	60.58	994446	59744244.00
2020/08/17	60.16	61.32	59.70	60.81	1011375	61443024.00
2020/08/18	60.90	61.78	60.59	61.62	1054841	64797964.00
2020/08/19	61.62	61.65	59.68	59.93	1087805	65707752.00
2020/08/20	59.33	60.18	58.31	59.07	766617	45499872.00
2020/08/21	59.70	60.30	58.82	58.96	839661	50056560.00
2020/08/24	58.99	60.24	58.14	59.87	809546	48025864.00
2020/08/25	59.81	60.99	59.81	60.20	840562	50787864.00
2020/08/26	59.95	59.95	57.81	57.84	975953	57562892.00
2020/08/27	57.85	58.06	56.35	57.90	1010271	57827912.00
2020/08/28	58.10	59.30	58.00	59.03	688300	40359620.00
2020/08/31	59.30	59.76	58.30	58.31	691868	40836644.00
2020/09/01	58.17	59.08	57.25	58.10	859655	49731264.00
2020/09/02	58.20	58.70	57.30	57.60	581134	33575736.00
2020/09/03	57.35	58.46	56.35	57.08	798915	45972432.00
2020/09/04	56.88	56.88	55.74	56.43	705485	39576584.00
2020/09/07	56.28	57.67	54.48	54.48	838503	46809112.00
2020/09/08	54.46	55.85	53.33	55.62	1033095	56391864.00
2020/09/09	54.99	56.25	52.95	53.38	1154446	62496076.00
2020/09/10	53.82	54.88	52.00	52.12	897152	47882444.00
2020/09/11	51.88	53.80	51.53	53.53	902973	47868276.00
2020/09/14	53.74	55.00	53.43	53.68	786205	42543824.00
2020/09/15	53.75	54.17	53.33	53.99	383040	20584722.00
2020/09/16	53.98	54.44	52.66	52.99	530711	28241644.00
2020/09/17	52.82	53.69	51.92	53.12	556010	29383616.00
2020/09/18	53.16	54.21	52.96	54.14	704477	37819232.00
2020/09/21	54.00	54.97	53.72	53.86	576005	31214944.00
2020/09/22	53.58	54.87	53.42	54.14	853926	46386640.00
2020/09/23	54.07	57.00	53.67	56.70	1460603	81685752.00
2020/09/24	56.70	57.86	56.03	56.11	1211508	68804768.00
2020/09/25	56.50	56.95	54.80	56.43	1340410	75235536.00
2020/09/28	56.27	58.90	55.03	58.14	2028361	115972360.00
2020/09/29	58.00	58.71	57.01	57.07	852916	49060544.00
2020/09/30	57.57	57.57	56.33	56.55	461374	26229816.00
2020/10/09	56.98	57.80	56.78	57.58	671617	38438092.00
2020/10/12	58.00	58.45	57.54	58.03	865612	50154416.00
2020/10/13	58.00	59.10	57.69	58.10	887587	51754208.00
2020/10/14	58.00	58.27	56.40	56.96	729375	41911748.00
2020/10/15	57.05	57.07	55.00	55.14	1221586	68179440.00
2020/10/16	55.07	56.46	54.58	55.22	1134337	62920184.00
2020/10/19	55.00	56.40	53.54	54.06	1165744	63655204.00
2020/10/20	53.86	54.14	53.30	53.95	713094	38353652.00
2020/10/21	54.11	54.58	52.80	53.00	797350	42594928.00
2020/10/22	52.52	52.75	51.58	51.95	810879	42102928.00
2020/10/23	51.36	52.34	49.08	49.53	1098529	55343684.00
2020/10/26	49.53	50.58	48.63	50.12	791097	39526720.00
2020/10/27	50.12	50.53	49.51	50.00	651371	32604356.00
2020/10/28	49.99	50.75	49.65	50.35	760016	38221736.00
2020/10/29	49.87	50.95	49.81	50.63	633586	32047428.00
2020/10/30	50.68	50.82	48.94	49.60	818736	40793276.00
2020/11/02	49.54	50.17	47.62	48.12	1113689	53898112.00
2020/11/03	48.35	49.42	48.06	49.39	584202	28616328.00
2020/11/04	49.40	49.73	48.47	49.00	457047	22425078.00
2020/11/05	49.13	49.85	48.76	49.60	614696	30335616.00
2020/11/06	49.49	49.50	48.34	48.99	686500	33557316.00
2020/11/09	48.79	50.11	48.78	49.80	927960	46067316.00
2020/11/10	50.21	51.49	49.01	49.40	743590	37153860.00
2020/11/11	49.00	49.45	48.43	48.92	658767	32238140.00
2020/11/12	49.09	50.15	48.92	49.19	567515	28137738.00
2020/11/13	49.19	50.88	48.51	50.61	914926	45461144.00
2020/11/16	50.59	51.48	50.02	50.21	817825	41351584.00
2020/11/17	50.22	50.24	48.91	49.35	657194	32416732.00
2020/11/18	49.00	49.46	48.88	49.03	310921	15278630.00
2020/11/19	49.00	49.31	48.48	49.13	372000	18219258.00
2020/11/20	49.15	50.39	49.00	49.70	556875	27683738.00
2020/11/23	49.53	50.08	49.12	49.95	509744	25270048.00
2020/11/24	49.90	50.20	49.51	49.63	441050	21935490.00
2020/11/25	49.64	49.69	48.97	49.15	427650	21071650.00
2020/11/26	49.06	49.47	47.86	47.87	582944	28146390.00
2020/11/27	48.28	48.63	47.31	48.43	433030	20762898.00
2020/11/30	48.16	50.50	48.03	49.99	889793	44106700.00
2020/12/01	49.86	52.98	49.77	51.51	1704769	88422248.00
2020/12/02	51.05	51.96	50.40	51.40	1006846	51505952.00
2020/12/03	51.41	54.80	51.25	54.55	2329321	125001088.00
2020/12/04	54.18	55.09	53.57	54.23	1457399	79326640.00
2020/12/07	54.30	54.35	51.00	51.35	2079967	108996720.00
2020/12/08	51.25	51.68	50.35	50.86	1095619	55722240.00
2020/12/09	50.88	51.44	49.75	49.80	778555	39159996.00
2020/12/10	49.47	50.28	49.22	49.59	661981	32919692.00
2020/12/11	49.34	49.73	48.21	48.56	952200	46472884.00
2020/12/14	48.32	48.94	47.86	48.12	904027	43648840.00
2020/12/15	48.01	49.26	47.98	48.75	615091	29957058.00
2020/12/16	48.72	49.58	48.60	48.71	528234	25863724.00
2020/12/17	48.80	50.55	48.80	50.55	1033310	51511520.00
2020/12/18	50.58	50.58	49.68	49.75	745600	37235264.00
2020/12/21	49.66	50.16	49.52	49.74	516747	25724118.00
2020/12/22	49.80	50.83	49.62	50.24	1034100	52038024.00
2020/12/23	50.20	50.43	49.17	49.25	888224	44052056.00
2020/12/24	49.00	49.78	48.80	49.02	604455	29793852.00
2020/12/25	48.98	49.44	48.50	48.78	600050	29375742.00
2020/12/28	48.90	49.32	47.75	48.05	866803	42006320.00
2020/12/29	48.04	48.19	47.18	47.27	784325	37223360.00
2020/12/30	47.00	47.45	46.78	46.93	618678	29095720.00
2020/12/31	46.95	48.22	46.94	48.03	517881	24671400.00
2021/01/04	48.34	48.90	47.70	48.08	609574	29303618.00
2021/01/05	48.08	49.37	47.81	49.26	706600	34393228.00
2021/01/06	49.19	49.58	48.69	49.40	762800	37543140.00
2021/01/07	49.00	49.05	46.53	47.17	980496	46594288.00
2021/01/08	46.65	48.16	46.54	47.95	652550	31126350.00
2021/01/11	47.74	48.01	46.51	46.84	826503	38771072.00
2021/01/12	46.52	46.83	46.00	46.23	826720	38285184.00
2021/01/13	46.25	46.69	44.11	44.68	1251059	55988704.00
2021/01/14	44.96	46.36	44.41	45.41	660358	29855884.00
2021/01/15	45.30	46.66	45.01	46.59	754759	34768120.00
数据来源:通达信
