002385 大北农 日线 前复权
      日期	    开盘	    最高	    最低	    收盘	    成交量	    成交额
2015/09/02	6.91	7.67	6.80	7.58	50066910	592160128.00
2015/09/07	7.50	7.91	6.86	6.97	45034518	535103616.00
2015/09/08	6.78	7.13	6.44	7.04	27175013	299333024.00
2015/09/09	7.04	7.36	6.92	7.19	33621355	389085632.00
2015/09/10	7.11	7.38	6.98	7.08	24547100	286663552.00
2015/09/11	7.04	7.18	6.71	6.87	29632177	331361600.00
2015/09/14	6.87	6.94	6.13	6.14	40297724	422733408.00
2015/09/15	6.04	6.24	5.60	5.78	27445126	267437552.00
2015/09/16	5.84	6.41	5.76	6.29	26209397	259177392.00
2015/09/17	6.24	6.38	6.06	6.06	27504255	279655840.00
2015/09/18	6.06	6.20	6.02	6.10	12755133	127447936.00
2015/09/21	6.09	6.30	5.92	6.24	18364631	186335360.00
2015/09/22	6.26	6.47	6.23	6.34	23996657	249189856.00
2015/09/23	6.34	6.34	6.08	6.12	17623384	178814928.00
2015/09/24	6.16	6.24	6.10	6.17	17911597	180502016.00
2015/09/25	6.12	6.20	5.88	5.92	17631142	174242384.00
2015/09/28	6.02	6.14	5.96	6.12	12537276	124456168.00
2015/09/29	6.01	6.44	5.98	6.30	32184822	328179520.00
2015/09/30	6.28	6.36	6.18	6.20	17598844	179983056.00
2015/10/08	6.51	6.57	6.31	6.38	35212029	369695392.00
2015/10/09	6.43	6.74	6.38	6.69	48009455	513067840.00
2015/10/12	6.72	7.35	6.69	7.18	53037574	602712064.00
2015/10/13	7.13	7.44	7.06	7.39	47284526	555502784.00
2015/10/14	7.61	7.94	7.44	7.56	73767312	906401088.00
2015/10/15	7.60	7.78	6.91	7.71	65379393	798188800.00
2015/10/16	7.72	7.75	7.43	7.63	49623299	605195712.00
2015/10/19	7.57	7.61	7.24	7.38	38744692	463963392.00
2015/10/20	7.40	7.54	7.29	7.50	33380085	401145152.00
2015/10/21	7.47	7.56	6.78	6.78	40024900	463389952.00
2015/10/22	6.78	7.06	6.76	7.03	27351694	306548608.00
2015/10/23	7.04	7.27	6.92	7.23	29376765	336797600.00
2015/10/26	7.50	7.76	7.29	7.67	66073513	805055936.00
2015/10/27	7.59	7.62	7.21	7.54	35018344	419828768.00
2015/10/28	7.51	7.74	7.35	7.38	30904507	375939648.00
2015/10/29	7.41	7.58	7.32	7.46	22165086	266906784.00
2015/10/30	7.48	7.66	7.34	7.58	27194255	328213664.00
2015/11/02	7.57	7.97	7.46	7.84	55571313	693997504.00
2015/11/03	8.02	8.10	7.70	7.79	52753641	667574272.00
2015/11/04	7.81	8.08	7.62	8.07	61321677	773808640.00
2015/11/05	7.98	8.06	7.75	7.81	52911115	671345984.00
2015/11/06	7.84	8.18	7.84	7.96	44336360	569822656.00
2015/11/09	7.88	8.22	7.76	8.11	52838061	683150080.00
2015/11/10	8.16	8.28	7.96	8.06	42801920	558875392.00
2015/11/11	8.00	8.08	7.92	8.02	26662246	341470432.00
2015/11/12	8.06	8.20	7.92	8.15	32450187	419196416.00
2015/11/13	8.08	8.08	7.78	7.78	28261364	358714688.00
2015/11/16	7.48	7.82	7.48	7.82	16521275	204228960.00
2015/11/17	7.91	8.08	7.85	7.90	27777824	354718592.00
2015/11/18	7.90	8.02	7.83	7.86	20306187	258572288.00
2015/11/19	7.94	7.98	7.82	7.96	18065870	229378048.00
2015/11/20	7.98	8.16	7.90	8.02	27046136	347928128.00
2015/11/23	8.02	8.20	7.93	7.95	31336233	404943264.00
2015/11/24	7.97	8.15	7.86	8.15	29402572	379518304.00
2015/11/25	8.18	8.44	8.11	8.36	41022137	546510528.00
2015/11/26	8.42	8.44	8.11	8.12	31352009	413479392.00
2015/11/27	8.06	8.08	7.28	7.41	32456721	404480640.00
2015/11/30	7.41	7.62	7.08	7.51	22072502	264352608.00
2015/12/01	7.48	7.53	7.30	7.44	17965285	214707264.00
2015/12/02	7.54	7.77	7.44	7.64	24349862	298650112.00
2015/12/03	7.64	7.80	7.57	7.76	16600456	205382448.00
2015/12/04	7.76	8.00	7.59	7.87	31448372	393439392.00
2015/12/07	7.88	8.15	7.88	7.92	28328192	363641280.00
2015/12/08	7.88	7.88	7.55	7.59	21326320	262457616.00
2015/12/09	7.58	7.63	7.36	7.48	16898856	204014544.00
2015/12/10	7.51	7.57	7.36	7.39	16423232	197509856.00
2015/12/11	7.42	7.43	7.21	7.31	13821293	162952112.00
2015/12/14	7.31	7.48	7.25	7.46	18142873	215344128.00
2015/12/15	7.57	7.57	7.44	7.48	14793972	179005984.00
2015/12/16	7.54	7.58	7.46	7.49	13768037	166483056.00
2015/12/17	7.49	7.69	7.49	7.68	26613837	326443712.00
2015/12/18	7.68	7.73	7.56	7.62	18852084	231806736.00
2015/12/21	7.65	7.84	7.65	7.74	30939627	385105792.00
2015/12/22	7.98	8.11	7.84	8.08	44993566	576706816.00
2015/12/23	8.10	8.16	7.94	7.95	29805399	383226912.00
2015/12/24	8.01	8.08	7.90	8.06	30916554	397835008.00
2015/12/25	8.10	8.15	7.95	8.06	24641360	317419872.00
2015/12/28	8.11	8.15	7.74	7.76	24561131	312525952.00
2015/12/29	7.75	7.90	7.68	7.84	15090775	188530576.00
2015/12/30	7.84	7.90	7.68	7.77	13187799	164837472.00
2015/12/31	7.79	7.82	7.58	7.58	14708190	182323536.00
2016/01/04	7.62	7.70	6.78	6.82	16368419	192821504.00
2016/01/05	6.68	7.06	6.41	7.00	25345363	281889376.00
2016/01/06	7.02	7.10	6.93	7.09	14301439	162565696.00
2016/01/07	6.98	6.98	6.38	6.42	4238100	46104084.00
2016/01/08	6.58	6.78	6.31	6.61	19682979	211066672.00
2016/01/11	6.60	6.84	6.36	6.36	20034739	216109520.00
2016/01/12	6.36	6.51	6.10	6.24	15742711	161414784.00
2016/01/13	6.34	6.37	6.02	6.05	14178040	143676672.00
2016/01/14	5.96	6.22	5.82	6.21	12796895	127143536.00
2016/01/15	6.18	6.20	5.90	5.92	12153609	120263536.00
2016/01/18	5.84	6.03	5.75	5.92	12510654	121075152.00
2016/01/19	5.92	6.26	5.85	6.24	14359284	142838928.00
2016/01/20	6.18	6.38	6.12	6.18	15564357	158250176.00
2016/01/21	6.02	6.20	5.98	5.98	9880370	98663976.00
2016/01/22	6.04	6.10	5.88	6.00	9185470	90069744.00
2016/01/25	6.05	6.18	5.99	6.16	11916394	118643696.00
2016/01/26	6.09	6.32	5.78	5.84	23631708	237257360.00
2016/01/27	5.97	5.97	5.44	5.88	16391742	154545504.00
2016/01/28	6.03	6.22	5.78	5.84	29545808	291442208.00
2016/01/29	5.88	5.99	5.50	5.94	22278698	211694368.00
2016/02/01	5.94	5.98	5.62	5.70	13004065	124398896.00
2016/02/02	5.81	5.89	5.73	5.88	12397838	118894944.00
2016/02/03	5.82	5.90	5.70	5.86	9107119	86841560.00
2016/02/04	5.87	6.00	5.85	5.94	13744636	133930392.00
2016/02/05	5.96	6.00	5.87	5.90	8833648	85892392.00
2016/02/15	5.70	5.80	5.63	5.74	8549363	80289896.00
2016/02/16	5.83	5.98	5.75	5.95	14486543	140725072.00
2016/02/17	5.98	6.11	5.98	6.10	18392308	182526176.00
2016/02/18	6.14	6.27	6.01	6.19	22214803	223323552.00
2016/02/19	6.24	6.48	6.21	6.42	33373562	346402304.00
2016/02/22	6.44	6.60	6.34	6.51	22848866	240855776.00
2016/02/23	6.58	6.78	6.50	6.68	30656514	331344000.00
2016/02/24	6.62	6.73	6.44	6.60	20936554	224245104.00
2016/02/25	6.55	6.62	5.91	5.96	25160622	255671008.00
2016/02/26	6.06	6.30	5.96	6.24	22144609	222062784.00
2016/02/29	6.13	6.44	5.84	6.37	34651438	351147040.00
2016/03/01	6.20	6.84	6.18	6.78	43628957	473850240.00
2016/03/02	6.72	6.99	6.64	6.94	33487858	372507520.00
2016/03/03	6.92	7.18	6.78	6.84	35720393	399984768.00
2016/03/04	6.79	6.88	6.64	6.68	33502557	368393632.00
2016/03/07	6.72	6.99	6.72	6.86	23873286	265872528.00
2016/03/08	6.89	6.92	6.58	6.92	17291864	190563488.00
2016/03/09	6.72	6.83	6.59	6.62	14463552	157328464.00
2016/03/10	6.62	6.73	6.49	6.54	12616909	135703024.00
2016/03/11	6.50	6.50	6.30	6.38	10217549	106382488.00
2016/03/14	6.45	6.67	6.44	6.60	11725298	125783056.00
2016/03/15	6.61	6.76	6.58	6.68	14031276	152519744.00
2016/03/16	6.70	6.75	6.45	6.50	10223952	108999656.00
2016/03/17	6.55	6.69	6.54	6.60	15892127	171161136.00
2016/03/18	6.62	6.84	6.54	6.82	35216617	383775008.00
2016/03/21	6.90	7.10	6.84	6.94	36563562	412278912.00
2016/03/22	6.90	7.56	6.85	7.20	45084146	529656768.00
2016/03/23	7.18	7.38	7.11	7.33	29703238	348247488.00
2016/03/24	7.21	7.58	7.12	7.33	35482412	426533888.00
2016/03/25	7.34	7.50	7.18	7.22	23609219	279233856.00
2016/03/28	7.32	7.54	7.22	7.42	31124105	373113056.00
2016/03/29	7.37	7.37	7.08	7.16	15866204	185337744.00
2016/03/30	7.28	7.40	7.19	7.38	15948027	187830240.00
2016/03/31	7.41	7.54	7.27	7.31	17842465	212303568.00
2016/04/01	7.28	7.28	6.98	7.12	19676198	225940016.00
2016/04/05	7.11	7.29	7.07	7.23	17665361	205765824.00
2016/04/06	7.23	7.34	7.09	7.16	19886869	231724000.00
2016/04/07	7.22	7.26	6.94	6.95	21440576	245043728.00
2016/04/08	6.84	6.94	6.57	6.69	26392562	287644608.00
2016/04/11	6.79	6.93	6.78	6.86	20915942	232979376.00
2016/04/12	6.88	6.88	6.64	6.72	17547053	191606160.00
2016/04/13	6.78	6.88	6.74	6.82	21625329	239861824.00
2016/04/14	6.88	6.94	6.82	6.90	18643638	207866592.00
2016/04/15	6.92	7.03	6.88	6.94	16774340	188896736.00
2016/04/18	6.91	6.91	6.78	6.81	12088954	134120800.00
2016/04/19	6.90	6.97	6.78	6.94	16640528	185497792.00
2016/04/20	6.99	6.99	6.48	6.64	25292025	277377536.00
2016/04/21	6.63	6.78	6.58	6.59	13415442	145507440.00
2016/04/22	6.60	6.71	6.54	6.60	12379285	133137952.00
2016/04/25	6.64	6.84	6.63	6.75	22996246	252448160.00
2016/04/26	6.76	6.82	6.70	6.78	16903650	185374736.00
2016/04/27	6.80	6.80	6.64	6.65	14476970	158044208.00
2016/04/28	6.64	6.69	6.31	6.46	19046870	201095120.00
2016/04/29	6.39	6.50	6.35	6.40	12195551	127421360.00
2016/05/03	6.40	6.78	6.38	6.76	24005945	259949824.00
2016/05/04	6.73	7.15	6.71	6.90	32674096	369101216.00
2016/05/05	6.92	7.10	6.91	7.07	29999690	341880832.00
2016/05/06	7.21	7.23	6.86	6.89	22872906	258122944.00
2016/05/09	6.85	7.03	6.64	7.01	29032503	326249152.00
2016/05/10	6.94	7.23	6.82	7.20	37007317	426717792.00
2016/05/11	7.30	7.96	7.27	7.76	112801256	920799232.00
2016/05/12	7.52	7.89	7.43	7.82	61870223	508861120.00
2016/05/13	7.72	7.95	7.60	7.64	41085321	338865568.00
2016/05/16	7.65	8.37	7.65	8.29	76630059	661018240.00
2016/05/17	8.27	8.35	8.10	8.17	46212650	402886592.00
2016/05/18	8.12	8.14	7.75	7.97	30658347	256801264.00
2016/05/19	7.80	8.06	7.78	7.81	26432412	222263072.00
2016/05/20	7.81	8.02	7.68	7.88	20836464	174313504.00
2016/05/23	7.89	7.95	7.79	7.90	20004381	167750272.00
2016/05/24	7.89	7.89	7.58	7.65	27950880	227949584.00
2016/05/25	7.70	7.73	7.57	7.63	15071927	122642112.00
2016/05/26	7.61	7.70	7.48	7.69	17613273	142463936.00
2016/05/27	7.66	7.85	7.55	7.78	19427854	160373760.00
2016/05/30	7.75	7.75	7.56	7.59	18475336	150116720.00
2016/05/31	7.62	7.83	7.59	7.79	34887722	288466432.00
2016/06/01	7.86	7.99	7.75	7.79	30518367	254539712.00
2016/06/02	7.82	7.86	7.68	7.77	22165659	182839600.00
2016/06/03	7.78	7.79	7.55	7.71	32929373	268643648.00
2016/06/06	7.63	7.68	7.55	7.67	26189911	212410720.00
2016/06/07	7.70	7.70	7.55	7.58	21463386	173671888.00
2016/06/08	7.57	7.66	7.54	7.57	21999787	178040512.00
2016/06/13	7.55	7.55	7.22	7.22	29642894	232669440.00
2016/06/14	7.18	7.27	7.12	7.23	18072768	139375040.00
2016/06/15	7.12	7.60	7.07	7.55	33943785	270638816.00
2016/06/16	7.52	7.62	7.44	7.50	22650514	182439424.00
2016/06/17	7.50	7.75	7.48	7.64	25283820	206262000.00
2016/06/20	7.65	7.75	7.62	7.67	16937366	138727424.00
2016/06/21	7.67	7.82	7.57	7.60	23235583	190257344.00
2016/06/22	7.63	7.64	7.53	7.63	11686800	94495400.00
2016/06/23	7.60	7.60	7.40	7.43	16364142	130361304.00
2016/06/24	7.43	7.55	7.15	7.34	19664781	154125136.00
2016/06/27	7.29	7.48	7.11	7.41	23801973	185267504.00
2016/06/28	7.34	7.46	7.29	7.41	14177493	111439688.00
2016/06/29	7.42	7.60	7.41	7.46	17724379	142216208.00
2016/06/30	7.43	7.60	7.43	7.56	13212317	106300136.00
2016/07/01	7.61	7.64	7.51	7.52	9840445	79280736.00
2016/07/04	7.49	7.80	7.47	7.78	30461989	250707088.00
2016/07/05	7.78	7.82	7.65	7.70	17871491	146556288.00
2016/07/06	7.70	7.82	7.66	7.77	21455803	177355504.00
2016/07/07	7.76	8.04	7.71	7.96	40836794	343636352.00
2016/07/08	7.86	7.91	7.75	7.77	22464305	186587232.00
2016/07/11	7.77	7.86	7.68	7.69	21131500	174329360.00
2016/07/12	7.69	7.75	7.60	7.65	22672688	185208096.00
2016/07/13	7.68	7.75	7.64	7.73	16673558	136753776.00
2016/07/14	7.89	8.03	7.83	7.90	38703827	326536096.00
2016/07/15	7.85	7.98	7.80	7.88	21311542	179396656.00
2016/07/18	7.88	8.10	7.83	7.94	20572295	174308352.00
2016/07/19	7.95	8.14	7.90	8.04	28203695	240173776.00
2016/07/20	8.04	8.09	7.91	7.94	15008198	127278584.00
2016/07/21	7.96	7.97	7.85	7.88	11945708	100252400.00
2016/07/22	7.85	7.90	7.75	7.78	12056747	100111760.00
2016/07/25	7.77	7.80	7.66	7.72	14111716	115903848.00
2016/07/26	7.73	7.79	7.70	7.77	9720007	80182992.00
2016/07/27	7.75	7.79	7.27	7.37	26910203	214555552.00
2016/07/28	7.40	7.53	7.35	7.48	15578101	123825176.00
2016/07/29	7.50	7.55	7.38	7.41	7641726	60502916.00
2016/08/01	7.41	7.45	7.20	7.26	13733841	106433848.00
2016/08/02	7.28	7.36	7.26	7.28	8408027	65527676.00
2016/08/03	7.29	7.49	7.28	7.40	10880379	85994848.00
2016/08/04	7.46	7.47	7.35	7.41	5679282	44813952.00
2016/08/05	7.41	7.41	7.33	7.35	6043824	47549584.00
2016/08/08	7.35	7.39	7.27	7.39	6758162	52971780.00
2016/08/09	7.60	7.87	7.52	7.75	43837343	361701664.00
2016/08/10	7.72	7.79	7.60	7.61	21681317	177416976.00
2016/08/11	7.64	7.68	7.38	7.38	23363350	185712672.00
2016/08/12	7.38	7.49	7.34	7.45	9362046	74074304.00
2016/08/15	7.45	7.60	7.42	7.57	20258122	162510560.00
2016/08/16	7.58	7.74	7.57	7.69	23729725	193916384.00
2016/08/17	7.68	7.68	7.59	7.62	11494030	93337824.00
2016/08/18	7.66	7.72	7.60	7.65	15230071	124421520.00
2016/08/19	7.65	7.72	7.62	7.66	10992148	89717304.00
2016/08/22	7.66	7.69	7.51	7.54	11187140	90735192.00
2016/08/23	7.59	7.65	7.55	7.62	8310739	67339600.00
2016/08/24	7.62	7.65	7.58	7.61	5396543	43761208.00
2016/08/25	7.56	7.60	7.45	7.53	8503915	68046920.00
2016/08/26	7.57	7.59	7.39	7.44	10981895	87789600.00
2016/08/29	7.45	7.51	7.42	7.45	9823633	78304920.00
2016/08/30	7.44	7.50	7.43	7.47	9480136	75511520.00
2016/08/31	7.45	7.48	7.41	7.45	15914238	126251944.00
2016/09/01	7.46	7.46	7.40	7.41	9818223	77816376.00
2016/09/02	7.41	7.51	7.41	7.44	12248339	97433656.00
2016/09/05	7.44	7.52	7.42	7.43	10485770	83660192.00
2016/09/06	7.43	7.47	7.35	7.46	10406021	82407032.00
2016/09/07	7.44	7.48	7.44	7.45	11813426	94009536.00
2016/09/08	7.47	7.48	7.42	7.45	6495719	51568264.00
2016/09/09	7.44	7.48	7.40	7.40	13319097	105648112.00
2016/09/12	7.30	7.30	7.03	7.08	26775662	204971824.00
2016/09/13	7.18	7.18	7.00	7.06	11234681	85101688.00
2016/09/14	6.97	7.07	6.96	7.05	7450831	56090004.00
2016/09/19	7.06	7.11	7.01	7.02	13945242	105117184.00
2016/09/20	7.05	7.05	6.97	6.99	8254599	61996004.00
2016/09/21	7.00	7.02	6.96	6.99	9580830	71695424.00
2016/09/22	7.03	7.09	7.00	7.03	11819384	89206936.00
2016/09/23	7.05	7.08	6.98	6.99	9398394	70603192.00
2016/09/26	7.00	7.02	6.72	6.72	19296788	141119952.00
2016/09/27	6.74	6.87	6.73	6.83	9556060	69786712.00
2016/09/28	6.90	6.90	6.78	6.78	6562545	48048968.00
2016/09/29	6.78	6.85	6.75	6.76	10089302	73630280.00
2016/09/30	6.78	6.83	6.75	6.81	10187153	74210576.00
2016/10/10	6.86	6.93	6.83	6.91	10517410	77751200.00
2016/10/11	6.92	6.95	6.83	6.89	13744906	101384552.00
2016/10/12	6.88	6.91	6.84	6.88	10571822	77901976.00
2016/10/13	6.89	6.93	6.86	6.89	10448294	77244320.00
2016/10/14	6.89	6.91	6.83	6.86	6974020	51267656.00
2016/10/17	6.87	6.89	6.76	6.78	10091651	73816272.00
2016/10/18	6.79	6.82	6.75	6.82	15983701	116523216.00
2016/10/19	6.83	6.84	6.78	6.80	13887636	101420352.00
2016/10/20	6.84	6.95	6.84	6.90	24184342	178942112.00
2016/10/21	6.95	6.95	6.84	6.89	15507158	114690744.00
2016/10/24	6.90	6.94	6.86	6.92	14806876	109711840.00
2016/10/25	6.92	6.98	6.89	6.96	18890712	140508512.00
2016/10/26	6.95	6.95	6.87	6.89	13886127	102785448.00
2016/10/27	6.89	6.91	6.85	6.86	10549338	77866784.00
2016/10/28	6.88	6.90	6.86	6.87	7155874	52778020.00
2016/10/31	6.89	6.89	6.79	6.84	11327642	82923576.00
2016/11/01	6.84	6.86	6.80	6.86	10016896	73421944.00
2016/11/02	6.84	6.85	6.78	6.79	11483763	83903808.00
2016/11/03	6.78	6.85	6.76	6.80	12823071	93689984.00
2016/11/04	6.80	6.82	6.76	6.79	11056061	80539600.00
2016/11/07	6.79	6.79	6.75	6.77	11745698	85336408.00
2016/11/08	6.80	6.83	6.76	6.81	13840818	101079440.00
2016/11/09	6.81	6.83	6.70	6.74	16398928	119108648.00
2016/11/10	6.90	6.97	6.85	6.88	29210040	216173840.00
2016/11/11	6.84	6.89	6.82	6.87	20118320	147812816.00
2016/11/14	6.87	6.89	6.82	6.86	25041439	184361808.00
2016/11/15	6.87	6.89	6.83	6.88	14488766	106596872.00
2016/11/16	6.88	6.92	6.86	6.90	19761441	145940528.00
2016/11/17	6.90	6.91	6.83	6.84	17626773	129539976.00
2016/11/18	6.85	6.87	6.82	6.82	11829921	86832480.00
2016/11/21	6.83	6.85	6.80	6.83	12283175	89947888.00
2016/11/22	6.83	6.87	6.82	6.86	13487610	98961496.00
2016/11/23	6.86	6.94	6.83	6.89	23895521	176295712.00
2016/11/24	6.88	6.90	6.85	6.86	14592035	107582432.00
2016/11/25	6.86	6.88	6.76	6.84	15200225	111204576.00
2016/11/28	6.87	6.91	6.84	6.89	24559247	181147136.00
2016/11/29	6.87	6.94	6.85	6.91	28842076	213532752.00
2016/11/30	6.93	7.05	6.90	7.02	47456449	355268672.00
2016/12/01	7.03	7.05	6.94	6.99	27836818	208430720.00
2016/12/02	6.99	7.00	6.87	6.89	23881381	177167136.00
2016/12/05	6.90	7.09	6.88	7.06	50081530	376551872.00
2016/12/06	7.06	7.10	6.98	7.04	27283149	205605984.00
2016/12/07	7.06	7.07	6.98	7.07	25447528	191514320.00
2016/12/08	7.11	7.21	6.98	7.00	35497079	269649632.00
2016/12/09	7.01	7.07	6.94	7.00	22230576	166660048.00
2016/12/12	7.02	7.24	6.92	6.92	62312323	471974464.00
2016/12/13	6.84	6.89	6.53	6.82	39137434	284383456.00
2016/12/14	6.82	6.83	6.63	6.67	27879571	200770720.00
2016/12/15	6.66	6.75	6.61	6.69	18484394	132864224.00
2016/12/16	6.68	6.78	6.65	6.72	21560940	155590096.00
2016/12/19	6.80	6.95	6.73	6.88	34010877	249595936.00
2016/12/20	6.85	6.86	6.76	6.79	15120095	110340872.00
2016/12/21	6.81	6.94	6.81	6.82	24784911	182587936.00
2016/12/22	6.84	6.84	6.72	6.74	17910712	130023936.00
2016/12/23	6.72	6.76	6.66	6.66	14885671	106998408.00
2016/12/26	6.66	6.80	6.56	6.76	19055247	136839392.00
2016/12/27	6.76	6.80	6.70	6.71	8848281	64040288.00
2016/12/28	6.71	6.78	6.68	6.69	10832461	78249280.00
2016/12/29	6.68	6.70	6.59	6.63	11271457	80407528.00
2016/12/30	6.64	6.67	6.57	6.60	9014600	64091064.00
2017/01/03	6.61	6.68	6.59	6.63	16564022	118044640.00
2017/01/04	6.65	6.65	6.59	6.65	20415429	145411184.00
2017/01/05	6.63	6.64	6.61	6.62	15923031	113373376.00
2017/01/06	6.63	6.64	6.59	6.60	13054849	92716208.00
2017/01/09	6.60	6.63	6.57	6.62	12092984	85951136.00
2017/01/10	6.62	6.62	6.59	6.60	9403715	66823260.00
2017/01/11	6.62	6.62	6.56	6.58	12891515	91390312.00
2017/01/12	6.58	6.60	6.51	6.52	12536183	88421448.00
2017/01/13	6.54	6.55	6.32	6.35	21955992	151608624.00
2017/01/16	6.38	6.39	5.88	6.06	22272293	148413088.00
2017/01/17	6.06	6.11	5.97	6.04	22890169	149335808.00
2017/01/18	6.03	6.04	5.93	5.95	25435365	164593120.00
2017/01/19	5.93	5.95	5.79	5.84	23160716	147658944.00
2017/01/20	5.83	5.91	5.81	5.90	14014362	89415336.00
2017/01/23	5.91	5.98	5.91	5.98	12642438	81658320.00
2017/01/24	5.98	6.03	5.94	6.00	10062873	65198496.00
2017/01/25	5.99	6.01	5.95	5.99	7906203	51292808.00
2017/01/26	5.99	6.02	5.95	5.99	12582384	81604848.00
2017/02/03	6.01	6.04	5.99	6.01	8491080	55259396.00
2017/02/06	6.07	6.24	6.06	6.17	26950118	179466224.00
2017/02/07	6.19	6.20	6.06	6.09	17404027	115060512.00
2017/02/08	6.10	6.11	6.02	6.11	12684157	83268920.00
2017/02/09	6.10	6.13	6.06	6.11	13585305	89696960.00
2017/02/10	6.12	6.13	6.06	6.11	15011673	99024368.00
2017/02/13	6.11	6.13	6.08	6.12	12956229	85565600.00
2017/02/14	6.12	6.13	6.09	6.11	9642496	63696156.00
2017/02/15	6.11	6.12	6.05	6.05	14391532	94765720.00
2017/02/16	6.04	6.07	6.00	6.06	13779689	90082536.00
2017/02/17	6.05	6.07	6.00	6.01	11868478	77580424.00
2017/02/20	6.01	6.07	6.00	6.07	10189559	66593864.00
2017/02/21	6.08	6.15	6.06	6.10	21049965	139040000.00
2017/02/22	6.11	6.15	6.09	6.15	16502823	109464768.00
2017/02/23	6.15	6.16	6.10	6.14	12741252	84371320.00
2017/02/24	6.14	6.18	6.11	6.17	13904083	92390392.00
2017/02/27	6.16	6.17	6.10	6.10	12670084	83957952.00
2017/02/28	6.10	6.13	6.10	6.12	7810474	51657360.00
2017/03/01	6.14	6.16	6.12	6.14	11620252	77133992.00
2017/03/02	6.14	6.15	6.08	6.08	11175699	73862248.00
2017/03/03	6.08	6.10	6.05	6.08	8107301	53275680.00
2017/03/06	6.12	6.12	6.09	6.11	10931815	72230848.00
2017/03/07	6.12	6.20	6.12	6.18	19025365	126869832.00
2017/03/08	6.19	6.20	6.12	6.14	11130060	74028680.00
2017/03/09	6.14	6.14	6.06	6.08	11384498	74987376.00
2017/03/10	6.08	6.08	6.01	6.04	15225220	99518000.00
2017/03/13	6.04	6.06	5.99	6.05	8891923	58071452.00
2017/03/14	6.05	6.06	6.01	6.03	6905230	45115380.00
2017/03/15	6.03	6.04	5.99	6.02	6238415	40666832.00
2017/03/16	6.01	6.06	6.01	6.06	11603669	75909160.00
2017/03/17	6.08	6.08	6.00	6.01	12358804	80719104.00
2017/03/20	6.01	6.04	5.99	6.01	9928035	64579880.00
2017/03/21	6.02	6.02	5.96	5.98	10330111	67054832.00
2017/03/22	5.96	5.96	5.86	5.90	21273052	136256208.00
2017/03/23	5.90	5.93	5.85	5.87	15381917	98186920.00
2017/03/24	5.88	6.06	5.86	6.06	36448447	236931072.00
2017/03/27	6.18	6.34	6.17	6.22	59153604	398997120.00
2017/03/28	6.22	6.23	6.06	6.09	20090284	133387624.00
2017/03/29	6.11	6.16	6.03	6.10	16789017	110440696.00
2017/03/30	6.08	6.10	6.04	6.09	14408239	94578128.00
2017/03/31	6.10	6.13	5.99	6.03	15832115	103628080.00
2017/04/05	6.05	6.15	6.04	6.13	16989518	112126288.00
2017/04/06	6.12	6.22	6.09	6.19	24241228	161164480.00
2017/04/07	6.18	6.18	6.12	6.14	11192304	74331384.00
2017/04/10	6.14	6.15	6.03	6.04	15089284	99117200.00
2017/04/11	6.04	6.07	5.98	6.06	14110972	91994488.00
2017/04/12	6.08	6.08	5.98	5.99	12130696	78981088.00
2017/04/13	5.98	6.01	5.96	5.99	11467161	74371512.00
2017/04/14	5.98	6.02	5.88	5.91	16412273	105528096.00
2017/04/17	5.92	5.93	5.86	5.91	12668562	81050512.00
2017/04/18	5.90	5.92	5.85	5.86	10837520	69119072.00
2017/04/19	5.85	5.86	5.70	5.72	18003390	112646352.00
2017/04/20	5.83	6.06	5.77	5.97	42153109	272366528.00
2017/04/21	5.99	6.02	5.90	6.00	22228734	144011232.00
2017/04/24	5.99	6.10	5.82	5.97	26101818	170069728.00
2017/04/25	5.96	6.07	5.93	5.99	14132570	92170152.00
2017/04/26	5.98	6.03	5.93	5.95	12462271	80721464.00
2017/04/27	5.96	5.96	5.78	5.89	21107791	134315360.00
2017/04/28	5.89	5.94	5.89	5.91	8689702	55702132.00
2017/05/02	5.91	5.96	5.85	5.95	8239425	52937640.00
2017/05/03	5.95	5.95	5.85	5.88	10436405	66683892.00
2017/05/04	5.87	5.92	5.83	5.86	8164391	52090520.00
2017/05/05	5.90	5.90	5.82	5.83	8138602	51672796.00
2017/05/08	5.82	5.86	5.78	5.78	6374359	40310944.00
2017/05/09	5.75	5.77	5.70	5.74	11568280	72086280.00
2017/05/10	5.70	5.74	5.43	5.50	23065502	140923632.00
2017/05/11	5.51	5.52	4.96	5.33	32113127	184345808.00
2017/05/12	5.41	5.55	5.36	5.53	21554555	127917096.00
2017/05/15	5.53	5.58	5.48	5.50	8031426	47850912.00
2017/05/16	5.50	5.54	5.40	5.52	11346209	67006688.00
2017/05/17	5.51	5.54	5.48	5.50	10184437	60578740.00
2017/05/18	5.45	5.50	5.38	5.50	13966226	81879720.00
2017/05/19	5.47	5.49	5.46	5.46	5108000	30221904.00
2017/05/22	5.49	5.52	5.37	5.46	9874150	58043744.00
2017/05/23	5.44	5.96	5.42	5.58	23813483	143539456.00
2017/05/24	5.60	5.67	5.49	5.66	14853080	89562216.00
2017/05/25	5.66	5.71	5.59	5.71	12009292	73174936.00
2017/05/26	5.71	5.76	5.63	5.76	13434058	82453592.00
2017/05/31	5.76	5.83	5.75	5.81	15782586	98331816.00
2017/06/01	5.80	5.80	5.54	5.60	20436129	124082448.00
2017/06/02	5.56	5.57	5.44	5.55	9871436	58641852.00
2017/06/05	5.54	5.62	5.53	5.60	5847204	35281148.00
2017/06/06	5.61	5.80	5.57	5.74	19855433	122168944.00
2017/06/07	5.67	5.82	5.63	5.77	24023016	148798208.00
2017/06/08	5.77	5.81	5.71	5.71	11438118	70797512.00
2017/06/09	5.72	5.78	5.69	5.77	9361785	57828968.00
2017/06/12	5.73	5.75	5.62	5.63	13290882	81201120.00
2017/06/13	5.62	5.70	5.60	5.66	9956459	60762952.00
2017/06/14	5.67	5.68	5.62	5.65	5082464	30938368.00
2017/06/15	5.66	5.73	5.66	5.68	8317797	51025800.00
2017/06/16	5.68	5.72	5.67	5.68	5613725	34398756.00
2017/06/19	5.68	5.71	5.68	5.71	6220902	38202112.00
2017/06/20	5.71	5.74	5.69	5.73	6597429	40620508.00
2017/06/21	5.76	5.79	5.71	5.74	10085224	62335236.00
2017/06/22	5.76	5.81	5.70	5.70	19927505	123828592.00
2017/06/23	5.67	5.70	5.57	5.65	15215921	92541512.00
2017/06/26	5.66	5.78	5.64	5.78	17327602	107061488.00
2017/06/27	5.78	5.80	5.74	5.78	10799750	67097524.00
2017/06/28	5.78	5.79	5.73	5.76	11631115	72106528.00
2017/06/29	5.76	5.79	5.74	5.77	7457022	46240888.00
2017/06/30	5.77	5.86	5.75	5.85	24133190	151284000.00
2017/07/03	5.87	6.11	5.87	6.09	54107143	350165536.00
2017/07/04	6.12	6.16	6.03	6.08	34889005	228713856.00
2017/07/05	6.09	6.14	6.02	6.09	17904272	116665560.00
2017/07/06	6.08	6.17	6.04	6.11	17632210	115542040.00
2017/07/07	6.12	6.13	6.04	6.07	13205404	86159736.00
2017/07/10	6.04	6.13	6.01	6.05	12920850	84182096.00
2017/07/11	6.04	6.09	6.01	6.02	10562150	68526360.00
2017/07/12	6.01	6.03	5.80	5.90	23587809	149032704.00
2017/07/13	5.88	5.92	5.82	5.91	15468778	97604456.00
2017/07/14	5.89	5.98	5.87	5.90	10100102	64261612.00
2017/07/17	5.90	5.91	5.62	5.62	24171897	148569408.00
2017/07/18	5.62	5.66	5.52	5.61	20673776	124662144.00
2017/07/19	5.60	5.72	5.59	5.72	16229993	98939896.00
2017/07/20	5.72	5.78	5.69	5.70	14348630	88439056.00
2017/07/21	5.70	5.70	5.62	5.63	14854621	90462376.00
2017/07/24	5.64	5.66	5.62	5.64	11716049	71228560.00
2017/07/25	5.65	5.65	5.61	5.61	13476001	81788576.00
2017/07/26	5.62	5.63	5.55	5.58	11339733	68337776.00
2017/07/27	5.59	5.62	5.46	5.60	13893510	83237536.00
2017/07/28	5.61	5.68	5.61	5.68	13591105	82766880.00
2017/07/31	5.70	5.70	5.65	5.68	8320985	50822308.00
2017/08/01	5.68	5.68	5.63	5.66	10706229	65278104.00
2017/08/02	5.67	5.67	5.61	5.62	9578624	58218040.00
2017/08/03	5.61	5.72	5.61	5.68	16447119	100730544.00
2017/08/04	5.68	5.69	5.61	5.62	14038957	85278360.00
2017/08/07	5.64	5.67	5.62	5.64	8129750	49438680.00
2017/08/08	5.64	5.98	5.63	5.97	68974832	435066496.00
2017/08/09	5.91	5.91	5.77	5.83	34623092	217047664.00
2017/08/10	5.83	5.87	5.71	5.75	25256294	157120032.00
2017/08/11	5.73	5.73	5.59	5.60	29086840	176873824.00
2017/08/14	5.60	5.68	5.59	5.66	15971888	97082848.00
2017/08/15	5.66	5.66	5.59	5.62	15921110	96468560.00
2017/08/16	5.64	5.66	5.61	5.64	12692861	77100152.00
2017/08/17	5.64	5.69	5.62	5.68	10982140	67048840.00
2017/08/18	5.65	5.70	5.64	5.69	11657666	71376072.00
2017/08/21	5.73	5.82	5.73	5.76	22928616	142249504.00
2017/08/22	5.76	5.80	5.72	5.77	15601564	96878592.00
2017/08/23	5.77	5.80	5.73	5.76	10617311	65804128.00
2017/08/24	5.76	5.79	5.71	5.73	9336231	57777456.00
2017/08/25	5.75	5.79	5.72	5.77	10824774	67214272.00
2017/08/28	5.79	5.87	5.77	5.85	20567225	128989496.00
2017/08/29	5.86	5.88	5.78	5.80	12127214	75845408.00
2017/08/30	5.79	5.81	5.76	5.80	11640246	72414392.00
2017/08/31	5.79	5.83	5.78	5.81	11399251	71231648.00
2017/09/01	5.80	5.86	5.79	5.85	13352902	83824848.00
2017/09/04	5.84	5.90	5.79	5.90	20741206	130501352.00
2017/09/05	5.90	5.96	5.86	5.89	19686764	125099056.00
2017/09/06	5.88	5.88	5.82	5.84	14103324	88618032.00
2017/09/07	5.85	5.88	5.80	5.81	14579184	91355256.00
2017/09/08	5.82	5.84	5.71	5.74	19746141	122508488.00
2017/09/11	5.75	5.80	5.75	5.77	13978319	86768104.00
2017/09/12	5.78	5.79	5.73	5.74	14462300	89497088.00
2017/09/13	5.74	5.80	5.73	5.78	11737285	72911848.00
2017/09/14	5.79	5.85	5.77	5.83	21868801	136958288.00
2017/09/15	5.83	5.85	5.78	5.83	13123991	82086128.00
2017/09/18	5.83	5.89	5.82	5.85	13186139	82950624.00
2017/09/19	5.86	5.87	5.80	5.80	12938708	81147008.00
2017/09/20	5.80	5.83	5.79	5.82	8842553	55300920.00
2017/09/21	5.82	5.83	5.77	5.77	10164900	63386364.00
2017/09/22	5.76	5.76	5.70	5.72	11814894	72785832.00
2017/09/25	5.71	5.73	5.69	5.70	7411944	45589724.00
2017/09/26	5.70	5.72	5.66	5.72	9506179	58179408.00
2017/09/27	5.73	5.73	5.70	5.72	7141374	43962712.00
2017/09/28	5.72	5.73	5.66	5.67	8501260	52025924.00
2017/09/29	5.67	5.81	5.67	5.72	8746072	54006328.00
2017/10/09	5.77	5.80	5.70	5.74	12789559	78990344.00
2017/10/10	5.73	5.80	5.73	5.79	14477998	89951672.00
2017/10/11	5.80	5.84	5.77	5.83	14667680	91555872.00
2017/10/12	5.82	5.82	5.75	5.77	10426611	64835024.00
2017/10/13	5.77	5.81	5.75	5.81	7181484	44706832.00
2017/10/16	5.81	5.91	5.78	5.80	18464131	116049168.00
2017/10/17	5.80	5.80	5.66	5.71	15218630	93722688.00
2017/10/18	5.71	5.79	5.67	5.68	14265363	87823896.00
2017/10/19	5.67	5.72	5.63	5.64	14364072	87613240.00
2017/10/20	5.64	5.66	5.62	5.66	10219801	62143472.00
2017/10/23	5.66	5.67	5.62	5.66	11032343	67102696.00
2017/10/24	5.65	5.69	5.63	5.68	7170889	43690224.00
2017/10/25	5.71	5.77	5.69	5.74	13818290	85277056.00
2017/10/26	5.75	5.76	5.71	5.74	10817158	66827464.00
2017/10/27	5.78	5.78	5.65	5.68	10215072	62880096.00
2017/10/30	5.67	5.75	5.62	5.72	20355233	125047664.00
2017/10/31	5.70	5.78	5.68	5.78	18231122	112846480.00
2017/11/01	5.78	5.85	5.75	5.80	24438151	152547440.00
2017/11/02	5.79	5.89	5.76	5.84	33482772	210543920.00
2017/11/03	5.85	5.88	5.68	5.74	26396946	164086304.00
2017/11/06	5.74	5.77	5.64	5.77	17082570	104854392.00
2017/11/07	5.76	5.81	5.71	5.75	14037193	87032592.00
2017/11/08	5.74	5.78	5.71	5.74	13108127	81174376.00
2017/11/09	5.72	5.75	5.70	5.72	10388175	63958804.00
2017/11/10	5.72	5.81	5.69	5.79	16328388	101104264.00
2017/11/13	5.80	5.96	5.77	5.91	45618432	288301152.00
2017/11/14	5.89	5.93	5.82	5.89	19041655	119982576.00
2017/11/15	5.87	6.04	5.86	5.94	42966233	275393760.00
2017/11/16	5.96	6.11	5.96	6.01	42531323	275124544.00
2017/11/17	6.09	6.11	5.87	5.88	39637801	254969712.00
2017/11/20	5.87	6.41	5.82	6.38	97247762	643414016.00
2017/11/21	6.35	6.50	6.28	6.45	80654926	550676992.00
2017/11/22	6.45	6.50	6.33	6.44	47374859	324617184.00
2017/11/23	6.45	6.47	6.09	6.17	53345934	357912512.00
2017/11/24	6.16	6.23	6.06	6.13	35567342	233948160.00
2017/11/27	5.97	6.23	5.88	6.05	32432888	211403392.00
2017/11/28	6.03	6.14	6.01	6.09	20454777	133583464.00
2017/11/29	6.09	6.12	5.89	5.96	36048094	230562032.00
2017/11/30	5.95	6.01	5.87	5.92	25099033	159974416.00
2017/12/01	5.90	5.97	5.82	5.83	29477070	186638032.00
2017/12/04	5.82	5.88	5.80	5.86	19932835	125089224.00
2017/12/05	5.84	5.88	5.58	5.64	39986208	245465136.00
2017/12/06	5.64	5.72	5.60	5.70	22933127	139905616.00
2017/12/07	5.70	5.71	5.62	5.68	12352718	75365720.00
2017/12/08	5.67	5.77	5.65	5.70	23420802	144334448.00
2017/12/11	5.73	5.77	5.70	5.77	15917521	98423984.00
2017/12/12	5.76	5.76	5.65	5.67	15348208	94077128.00
2017/12/13	5.66	5.75	5.66	5.72	14099086	86788664.00
2017/12/14	5.72	5.80	5.67	5.77	20318247	125503256.00
2017/12/15	5.78	5.87	5.73	5.84	23381043	146029856.00
2017/12/18	5.85	5.87	5.79	5.81	11241884	70500664.00
2017/12/19	5.82	5.85	5.76	5.81	12103480	75619344.00
2017/12/20	5.81	5.84	5.69	5.71	11796819	73080992.00
2017/12/21	5.69	5.72	5.63	5.67	15775324	96461088.00
2017/12/22	5.68	5.71	5.63	5.66	10586071	64627256.00
2017/12/25	5.66	5.69	5.46	5.49	34381462	205786128.00
2017/12/26	5.52	5.59	5.49	5.58	16084514	96212904.00
2017/12/27	5.59	5.59	5.50	5.51	14194858	84844568.00
2017/12/28	5.48	5.58	5.48	5.54	13673826	81745008.00
2017/12/29	5.57	5.63	5.51	5.62	16045090	96373320.00
2018/01/02	5.66	5.69	5.61	5.68	25894106	157786960.00
2018/01/03	5.69	5.81	5.69	5.79	34878591	216789760.00
2018/01/04	5.80	5.83	5.75	5.79	21064562	131312704.00
2018/01/05	5.79	6.18	5.79	6.12	63847941	414577600.00
2018/01/08	6.13	6.31	6.09	6.16	52337506	347326272.00
2018/01/09	6.10	6.24	6.04	6.13	33270845	218915664.00
2018/01/10	6.17	6.18	5.94	6.02	31364353	203155264.00
2018/01/11	6.11	6.22	6.02	6.11	33533399	219481184.00
2018/01/12	6.09	6.18	6.02	6.06	24854592	162395520.00
2018/01/15	6.02	6.21	6.01	6.12	30697750	200887760.00
2018/01/16	6.16	6.40	6.08	6.32	48844560	328883872.00
2018/01/17	6.32	6.33	6.12	6.18	34421981	229356816.00
2018/01/18	6.17	6.28	6.13	6.23	17983038	119797400.00
2018/01/19	6.22	6.27	6.00	6.03	27571208	180010528.00
2018/01/22	6.05	6.15	6.03	6.12	18942721	123869568.00
2018/01/23	6.27	6.38	6.19	6.32	39742167	268294848.00
2018/01/24	6.39	6.48	6.22	6.37	46916351	318994624.00
2018/01/25	6.36	6.55	6.29	6.49	50993710	351967840.00
2018/01/26	6.46	6.56	6.41	6.41	36432643	251881520.00
2018/01/29	6.41	6.45	6.28	6.43	25625628	174343056.00
2018/01/30	6.40	6.45	6.31	6.38	18760971	127627000.00
2018/01/31	6.35	6.35	6.21	6.29	22421375	150215776.00
2018/02/01	6.32	6.33	5.86	5.89	33327662	216603936.00
2018/02/02	5.89	6.13	5.73	6.07	37126297	238516496.00
2018/02/05	6.01	6.34	5.94	6.28	44346914	295579776.00
2018/02/06	6.16	6.19	5.88	5.95	32862793	213063056.00
2018/02/07	6.08	6.16	5.81	5.87	28665909	184314784.00
2018/02/08	5.88	6.00	5.82	5.89	21529920	136917552.00
2018/02/09	5.70	5.77	5.54	5.56	27251422	165325712.00
2018/02/12	5.63	5.73	5.60	5.69	14018244	85510168.00
2018/02/13	5.70	5.74	5.65	5.69	11173985	68704944.00
2018/02/14	5.69	5.70	5.64	5.67	7109466	43398124.00
2018/02/22	5.70	5.78	5.70	5.74	10486260	64822744.00
2018/02/23	5.73	5.82	5.69	5.81	18338492	113904592.00
2018/02/26	5.82	5.89	5.76	5.86	17305671	108575640.00
2018/02/27	5.89	5.93	5.79	5.83	15771366	98899152.00
2018/02/28	5.78	5.90	5.76	5.87	15892931	99871816.00
2018/03/01	5.84	6.00	5.80	5.88	19170489	121320672.00
2018/03/02	5.83	5.88	5.73	5.79	22997680	143369552.00
2018/03/05	5.79	5.84	5.71	5.73	16786174	104559960.00
2018/03/06	5.77	5.79	5.69	5.78	20730683	127903112.00
2018/03/07	5.78	5.78	5.70	5.70	15466680	95441264.00
2018/03/08	5.70	5.75	5.68	5.74	11457300	70553944.00
2018/03/09	5.75	5.83	5.73	5.81	15786645	98303336.00
2018/03/12	5.83	5.89	5.81	5.86	19745934	123999088.00
2018/03/13	5.84	5.90	5.78	5.82	20920664	131370576.00
2018/03/14	5.81	5.81	5.73	5.75	13094592	81270712.00
2018/03/15	5.72	5.76	5.67	5.70	12363247	76022296.00
2018/03/16	5.72	5.73	5.67	5.68	9622057	59042716.00
2018/03/19	5.70	5.72	5.66	5.67	8442662	51753428.00
2018/03/20	5.65	5.67	5.59	5.65	15714171	95240688.00
2018/03/21	5.66	5.72	5.63	5.65	10724368	65639532.00
2018/03/22	5.65	5.68	5.60	5.61	9803713	59588216.00
2018/03/23	5.56	5.85	5.51	5.69	67707841	417081856.00
2018/03/26	5.71	5.76	5.08	5.40	43286962	251234624.00
2018/03/27	5.43	5.44	5.32	5.40	30799989	179251152.00
2018/03/28	5.38	5.38	5.22	5.27	20281383	116322528.00
2018/03/29	5.30	5.34	5.24	5.32	12883248	73724448.00
2018/03/30	5.32	5.37	5.28	5.31	12715851	73273624.00
2018/04/02	5.41	5.45	5.32	5.37	28171589	163752784.00
2018/04/03	5.35	5.49	5.27	5.42	35612932	208614256.00
2018/04/04	5.44	5.57	5.37	5.55	31551476	186583024.00
2018/04/09	5.66	5.70	5.45	5.49	28684261	171621648.00
2018/04/10	5.46	5.48	5.34	5.40	21348231	124156360.00
2018/04/11	5.39	5.41	5.35	5.39	12486303	72688096.00
2018/04/12	5.39	5.39	5.26	5.28	18672380	107415568.00
2018/04/13	5.27	5.32	5.26	5.28	8397398	48013068.00
2018/04/16	5.26	5.33	5.21	5.27	10403829	59315144.00
2018/04/17	5.29	5.30	5.17	5.18	14222974	80607464.00
2018/04/18	5.21	5.23	5.09	5.18	11873162	66346532.00
2018/04/19	5.20	5.21	5.12	5.21	15087270	84497848.00
2018/04/20	5.19	5.19	5.08	5.09	10269749	57225084.00
2018/04/23	5.11	5.11	4.97	5.02	12681381	69350760.00
2018/04/24	5.05	5.44	4.97	5.21	22171949	125508216.00
2018/04/25	5.18	5.20	5.13	5.15	9883647	55283512.00
2018/04/26	5.18	5.18	5.06	5.07	7745000	42885300.00
2018/04/27	5.11	5.16	5.07	5.15	7129605	39611008.00
2018/05/02	5.15	5.15	4.91	4.99	23959307	130514368.00
2018/05/03	4.99	4.99	4.84	4.94	20480964	109134056.00
2018/05/04	4.95	4.98	4.92	4.96	16280315	87664944.00
2018/05/07	4.99	5.01	4.91	4.99	15750316	83865056.00
2018/05/08	4.99	5.04	4.98	5.03	13828071	74202664.00
2018/05/09	5.04	5.06	5.00	5.03	11199906	60357384.00
2018/05/10	5.05	5.06	5.01	5.05	12367693	66701176.00
2018/05/11	5.06	5.08	5.01	5.04	13914005	75263792.00
2018/05/14	5.05	5.09	5.01	5.06	13507904	73076872.00
2018/05/15	5.09	5.19	5.07	5.13	23822183	130673592.00
2018/05/16	5.13	5.14	5.07	5.07	17609314	96081960.00
2018/05/17	5.08	5.10	5.00	5.03	13351897	71948536.00
2018/05/18	5.03	5.08	5.02	5.06	10124120	54803140.00
2018/05/21	5.05	5.11	5.03	5.09	14335762	77965800.00
2018/05/22	5.09	5.12	5.06	5.11	10030881	54656672.00
2018/05/23	5.10	5.12	5.07	5.07	11834378	64553328.00
2018/05/24	5.09	5.09	4.98	5.03	12093630	65113244.00
2018/05/25	5.04	5.07	4.99	5.01	10416578	56057496.00
2018/05/28	5.00	5.04	4.98	5.04	10708280	57472976.00
2018/05/29	5.05	5.06	4.98	5.01	7932087	42566212.00
2018/05/30	4.96	5.02	4.87	5.02	21787674	115882208.00
2018/05/31	4.98	5.13	4.95	5.11	23101918	124513496.00
2018/06/01	5.17	5.22	5.08	5.11	22204973	122455376.00
2018/06/04	5.08	5.10	4.99	5.02	13494225	72660960.00
2018/06/05	4.99	5.05	4.94	5.04	13892555	74387992.00
2018/06/06	5.05	5.10	5.02	5.07	11649388	63217772.00
2018/06/07	5.09	5.11	5.01	5.03	8346817	45107412.00
2018/06/08	5.02	5.02	4.90	5.02	15521344	82597240.00
2018/06/11	4.98	5.02	4.92	5.00	11079711	59044000.00
2018/06/12	4.99	5.05	4.97	5.00	7797132	41768972.00
2018/06/13	4.99	5.01	4.96	5.00	8471872	45277740.00
2018/06/14	4.96	4.99	4.90	4.99	13336180	70706208.00
2018/06/15	4.96	4.97	4.82	4.85	14065400	73576072.00
2018/06/19	4.89	4.93	4.40	4.89	36823651	184950048.00
2018/06/20	4.78	4.87	4.56	4.87	22088617	112249584.00
2018/06/21	4.82	4.82	4.65	4.81	15997290	81820336.00
2018/06/22	4.76	4.76	4.69	4.74	10457991	53177488.00
2018/06/25	4.75	4.76	4.64	4.64	9769700	49178656.00
2018/06/26	4.52	4.53	4.44	4.47	13670458	66222088.00
2018/06/27	4.48	4.48	3.99	3.99	50505115	226551568.00
2018/06/28	3.91	3.91	3.67	3.73	32285115	132867520.00
2018/06/29	3.73	3.82	3.69	3.77	16303552	67315920.00
2018/07/02	3.78	3.84	3.71	3.73	12639155	52312048.00
2018/07/03	3.77	3.79	3.68	3.76	11731967	48132708.00
2018/07/04	3.78	3.86	3.76	3.83	17194755	71788920.00
2018/07/05	3.81	3.83	3.71	3.71	11582975	47731936.00
2018/07/06	3.74	3.90	3.68	3.83	18674964	77406448.00
2018/07/09	3.83	3.85	3.79	3.84	12279045	51468152.00
2018/07/10	3.93	4.08	3.91	4.00	26204375	113817824.00
2018/07/11	3.93	3.98	3.87	3.92	16061550	68790160.00
2018/07/12	3.93	3.98	3.90	3.98	14687212	63324644.00
2018/07/13	4.00	4.00	3.95	3.97	7747527	33574636.00
2018/07/16	3.86	4.01	3.65	3.91	33760114	141635232.00
2018/07/17	3.88	3.88	3.80	3.83	7994127	33540126.00
2018/07/18	3.86	3.87	3.77	3.80	10728553	44793552.00
2018/07/19	3.78	3.81	3.73	3.76	11026001	45468892.00
2018/07/20	3.77	3.83	3.73	3.79	9788525	40521340.00
2018/07/23	3.82	3.82	3.76	3.82	13191153	54764064.00
2018/07/24	3.81	3.90	3.80	3.89	20676514	87343128.00
2018/07/25	3.89	3.90	3.85	3.89	11452827	48509136.00
2018/07/26	3.89	3.94	3.86	3.93	18769027	79920704.00
2018/07/27	3.91	3.92	3.84	3.87	14670499	62056420.00
2018/07/30	3.85	3.86	3.76	3.77	10527509	43776092.00
2018/07/31	3.78	3.80	3.76	3.79	6671162	27653040.00
2018/08/01	3.80	3.81	3.72	3.73	9230400	38061280.00
2018/08/02	3.72	3.72	3.48	3.52	21534284	84377960.00
2018/08/03	3.52	3.65	3.52	3.54	15198538	59949000.00
2018/08/06	3.52	3.55	3.46	3.47	11035264	42496288.00
2018/08/07	3.48	3.54	3.37	3.53	11299994	43338444.00
2018/08/08	3.52	3.57	3.49	3.54	10587137	41088288.00
2018/08/09	3.53	3.61	3.51	3.58	13538456	53265016.00
2018/08/10	3.57	3.68	3.56	3.62	12287960	48942804.00
2018/08/13	3.58	3.59	3.53	3.58	10248476	40164160.00
2018/08/14	3.59	3.59	3.54	3.57	7542522	29631868.00
2018/08/15	3.57	3.59	3.49	3.50	8471000	33050702.00
2018/08/16	3.44	3.51	3.44	3.45	7115268	27248316.00
2018/08/17	3.46	3.48	3.32	3.34	10144790	38098832.00
2018/08/20	3.32	3.33	3.19	3.29	11380851	41233988.00
2018/08/21	3.26	3.29	3.20	3.26	12444430	44799744.00
2018/08/22	3.24	3.25	3.19	3.21	8283115	29561056.00
2018/08/23	3.21	3.24	3.18	3.21	8347606	29814436.00
2018/08/24	3.21	3.21	3.16	3.17	7475350	26436384.00
2018/08/27	3.17	3.22	3.17	3.22	7994758	28473896.00
2018/08/28	3.22	3.25	3.21	3.23	8154221	29267688.00
2018/08/29	3.23	3.23	3.17	3.19	5965716	21208196.00
2018/08/30	3.20	3.21	3.16	3.16	4933781	17463872.00
2018/08/31	3.16	3.16	3.05	3.06	10270186	35400972.00
2018/09/03	3.04	3.05	2.96	2.99	13302596	44580108.00
2018/09/04	2.99	3.05	2.98	3.04	10429824	35274000.00
2018/09/05	3.06	3.07	3.01	3.02	6999024	23813334.00
2018/09/06	3.00	3.06	2.99	3.00	5486900	18577256.00
2018/09/07	3.00	3.04	2.99	3.01	6080373	20532476.00
2018/09/10	3.03	3.03	2.94	2.94	7840392	26131184.00
2018/09/11	2.95	2.99	2.93	2.96	8310937	27573400.00
2018/09/12	2.96	2.99	2.95	2.96	5448205	18147466.00
2018/09/13	2.98	3.01	2.96	3.00	9141715	30542826.00
2018/09/14	3.00	3.02	2.98	2.99	6445000	21659104.00
2018/09/17	2.99	3.01	2.96	2.97	5182300	17293692.00
2018/09/18	2.97	3.03	2.95	3.02	7225808	24206124.00
2018/09/19	3.02	3.14	3.00	3.08	14379164	49470756.00
2018/09/20	3.08	3.09	3.06	3.08	6383467	21950086.00
2018/09/21	3.07	3.16	3.07	3.13	12889793	44932852.00
2018/09/25	3.12	3.25	3.12	3.23	18023534	64555164.00
2018/09/26	3.23	3.39	3.20	3.34	25422997	93298784.00
2018/09/27	3.34	3.37	3.29	3.31	14687450	53981544.00
2018/09/28	3.31	3.38	3.27	3.32	12329516	45367020.00
2018/10/08	3.27	3.29	3.22	3.23	10531886	38026236.00
2018/10/09	3.25	3.29	3.19	3.21	7861111	28178130.00
2018/10/10	3.22	3.25	3.16	3.19	5593813	19914100.00
2018/10/11	3.13	3.13	2.84	2.88	16048183	53718072.00
2018/10/12	2.87	2.99	2.74	2.97	15530271	50551336.00
2018/10/15	3.02	3.03	2.85	2.90	9592620	31981376.00
2018/10/16	2.88	2.91	2.75	2.79	11591926	36890872.00
2018/10/17	2.81	2.91	2.80	2.89	10920077	34962364.00
2018/10/18	2.89	2.99	2.83	2.86	12163267	39745012.00
2018/10/19	2.86	2.92	2.77	2.91	12181342	38828760.00
2018/10/22	2.93	3.10	2.91	3.01	12256328	41261368.00
2018/10/23	3.02	3.02	2.94	2.97	9651511	32232446.00
2018/10/24	2.96	3.00	2.91	2.96	7798390	25888676.00
2018/10/25	2.92	2.94	2.84	2.94	7413301	24007380.00
2018/10/26	2.98	3.08	2.95	2.98	8816275	29658480.00
2018/10/29	2.96	2.98	2.89	2.95	5872650	19375668.00
2018/10/30	2.94	2.99	2.90	2.97	6434368	21314734.00
2018/10/31	2.99	3.02	2.95	3.00	7109416	23856322.00
2018/11/01	3.00	3.04	2.98	2.99	7973672	26895122.00
2018/11/02	3.02	3.13	2.99	3.11	19407475	66608196.00
2018/11/05	3.12	3.25	3.09	3.16	16166787	56898020.00
2018/11/06	3.16	3.21	3.12	3.18	10820127	38182328.00
2018/11/07	3.19	3.23	3.15	3.22	12476372	44455192.00
2018/11/08	3.27	3.28	3.14	3.16	12293690	43855712.00
2018/11/09	3.18	3.19	3.12	3.12	11386021	39921052.00
2018/11/12	3.16	3.20	3.12	3.20	10743829	37866988.00
2018/11/13	3.15	3.28	3.13	3.23	28959675	103501368.00
2018/11/14	3.23	3.26	3.19	3.19	15721318	56227564.00
2018/11/15	3.19	3.24	3.17	3.24	14446336	51617944.00
2018/11/16	3.24	3.28	3.21	3.25	14667955	52893116.00
2018/11/19	3.23	3.23	3.17	3.23	11868752	42255764.00
2018/11/20	3.20	3.20	3.09	3.10	14969150	52502472.00
2018/11/21	3.06	3.11	3.02	3.11	7941047	27265940.00
2018/11/22	3.10	3.15	3.08	3.14	9787383	34036928.00
2018/11/23	3.12	3.12	3.01	3.02	11202707	38316692.00
2018/12/03	3.29	3.29	3.02	3.15	19855822	70342560.00
2018/12/04	3.16	3.18	3.11	3.15	11806602	41404156.00
2018/12/05	3.10	3.24	3.07	3.23	22971128	81468912.00
2018/12/06	3.23	3.25	3.15	3.18	12385288	44021220.00
2018/12/07	3.18	3.22	3.14	3.18	10426217	36785892.00
2018/12/10	3.16	3.24	3.13	3.23	16352617	58226472.00
2018/12/11	3.24	3.25	3.18	3.24	14059784	50349012.00
2018/12/12	3.23	3.25	3.18	3.20	12733850	45480192.00
2018/12/13	3.20	3.22	3.16	3.20	16121188	57271004.00
2018/12/14	3.19	3.22	3.07	3.13	27301495	96066696.00
2018/12/17	3.12	3.14	3.08	3.12	9578810	33290480.00
2018/12/18	3.09	3.12	3.06	3.09	6743521	23252368.00
2018/12/19	3.10	3.10	3.02	3.03	5817486	19892884.00
2018/12/20	3.03	3.05	2.99	3.04	4715324	15965760.00
2018/12/21	3.04	3.06	2.97	3.01	5737674	19363682.00
2018/12/24	3.01	3.05	2.99	3.02	8736863	29524088.00
2018/12/25	3.02	3.02	2.87	2.94	10635450	34977700.00
2018/12/26	2.93	2.98	2.83	2.87	14201058	45925104.00
2018/12/27	2.91	2.94	2.82	2.83	13127201	42346496.00
2018/12/28	2.85	2.86	2.81	2.84	6533191	20885254.00
2019/01/02	2.86	2.86	2.82	2.82	6134708	19593702.00
2019/01/03	2.83	2.85	2.81	2.81	11628500	37077320.00
2019/01/04	2.79	2.85	2.76	2.82	28600065	90489384.00
2019/01/07	2.84	2.88	2.80	2.87	27761158	86757000.00
2019/01/08	2.85	2.99	2.84	2.98	33175727	106072544.00
2019/01/09	3.01	3.05	2.93	2.94	32161210	105516992.00
2019/01/10	2.94	2.99	2.90	2.90	19183363	61942888.00
2019/01/11	2.92	2.97	2.89	2.96	15230269	49168788.00
2019/01/14	2.96	3.03	2.95	2.98	20685570	67967576.00
2019/01/15	2.97	2.99	2.92	2.97	20306316	65978920.00
2019/01/16	2.96	3.02	2.96	2.98	17579476	57588952.00
2019/01/17	2.95	3.02	2.94	2.98	17292485	56738352.00
2019/01/18	2.98	3.03	2.95	3.02	18815506	61925980.00
2019/01/21	3.01	3.06	2.99	3.05	17955117	59684740.00
2019/01/22	3.04	3.04	2.96	2.98	14494538	47604188.00
2019/01/23	2.96	3.07	2.95	3.05	27896386	92313080.00
2019/01/24	3.03	3.10	3.02	3.05	22733064	76166888.00
2019/01/25	3.05	3.05	2.99	3.00	14204821	46988700.00
2019/01/28	3.00	3.04	2.97	2.98	9580434	31558238.00
2019/01/29	2.99	2.99	2.88	2.95	15708781	50739056.00
2019/01/30	2.94	2.94	2.89	2.90	11311897	36218572.00
2019/01/31	2.90	2.92	2.84	2.85	10686415	33869596.00
2019/02/01	2.86	2.93	2.86	2.93	7864511	25135056.00
2019/02/11	2.92	3.15	2.92	3.15	41941592	141029264.00
2019/02/12	3.15	3.28	3.13	3.22	46745079	163734816.00
2019/02/13	3.20	3.25	3.16	3.23	37780512	132030016.00
2019/02/14	3.24	3.38	3.18	3.31	44361193	158113840.00
2019/02/15	3.30	3.67	3.24	3.64	116346637	442112256.00
2019/02/18	3.57	3.73	3.54	3.69	92416701	363625280.00
2019/02/19	3.66	3.67	3.53	3.64	52991547	205856720.00
2019/02/20	3.73	3.84	3.51	3.56	81653780	322247712.00
2019/02/21	3.56	3.75	3.45	3.61	90541982	353216800.00
2019/02/22	3.55	3.63	3.51	3.60	54533527	210541408.00
2019/02/25	3.65	3.71	3.50	3.70	100347861	395000640.00
2019/02/26	3.69	3.97	3.63	3.79	120504884	493365280.00
2019/02/27	3.81	3.84	3.68	3.76	87227642	354187776.00
2019/02/28	3.72	3.80	3.58	3.64	60366706	239309200.00
2019/03/01	3.66	3.69	3.58	3.66	42216049	166059872.00
2019/03/04	3.71	3.89	3.71	3.79	97567985	399397824.00
2019/03/05	3.80	4.20	3.76	4.20	139159515	605857920.00
2019/03/06	4.32	4.65	4.26	4.65	189858037	906910784.00
2019/03/07	4.88	5.14	4.65	5.14	185928906	972214528.00
2019/03/08	4.89	5.61	4.77	5.18	177181244	996243712.00
2019/03/11	5.51	5.52	4.78	5.28	150666271	835352832.00
2019/03/12	5.21	5.77	5.11	5.56	142900178	821962432.00
2019/03/13	5.57	5.76	5.04	5.13	142481527	805502272.00
2019/03/14	4.99	5.10	4.74	4.84	84579488	438117024.00
2019/03/15	4.98	5.07	4.82	4.87	69131692	361176512.00
2019/03/18	5.02	5.06	4.86	4.96	61266185	320627328.00
2019/03/19	4.96	5.04	4.85	4.95	49179085	257183632.00
2019/03/20	4.92	4.93	4.63	4.81	85379640	432289664.00
2019/03/21	4.85	4.96	4.75	4.89	70147858	362132832.00
2019/03/22	4.94	4.97	4.79	4.88	49301791	254906464.00
2019/03/25	4.89	5.15	4.85	4.98	76171259	404072480.00
2019/03/26	5.01	5.24	5.01	5.12	83236563	451075936.00
2019/03/27	5.09	5.16	4.91	4.96	58897170	310869824.00
2019/03/28	4.91	4.92	4.77	4.80	50515983	258458944.00
2019/03/29	4.81	5.05	4.75	5.04	66867696	351916768.00
2019/04/01	5.04	5.27	4.99	5.19	81981174	446596832.00
2019/04/02	5.36	5.36	5.09	5.12	70848185	387293824.00
2019/04/03	5.07	5.24	5.07	5.21	55381200	302952256.00
2019/04/04	5.31	5.56	5.22	5.44	91624710	517154336.00
2019/04/08	5.71	6.01	5.47	6.00	175906289	1071140480.00
2019/04/09	5.94	6.00	5.63	5.74	99925018	606523136.00
2019/04/10	5.67	5.83	5.55	5.65	67707357	404011936.00
2019/04/11	5.62	5.86	5.56	5.58	59964275	356967040.00
2019/04/12	5.56	5.93	5.51	5.82	88330011	534230720.00
2019/04/15	5.92	5.95	5.63	5.64	72476503	439853440.00
2019/04/16	5.58	5.69	5.35	5.59	62630213	363909088.00
2019/04/17	5.59	6.02	5.54	5.86	110364129	674884224.00
2019/04/18	5.86	6.48	5.82	6.48	243708851	1627857152.00
2019/04/19	6.36	6.91	6.21	6.57	198194751	1364891648.00
2019/04/22	6.81	7.26	6.68	7.26	209414841	1548133760.00
2019/04/23	7.31	7.93	7.07	7.55	272014244	2125616512.00
2019/04/24	7.46	7.91	7.37	7.81	185947222	1486714112.00
2019/04/25	7.61	7.91	7.42	7.47	182064461	1446061696.00
2019/04/26	7.26	7.31	6.73	6.76	157475453	1144619264.00
2019/04/29	6.59	7.11	6.54	6.77	143267055	1023414720.00
2019/04/30	6.81	7.48	6.78	7.34	166201959	1245415936.00
2019/05/06	6.89	7.67	6.61	6.93	177637792	1313683840.00
2019/05/07	7.24	7.31	6.34	6.84	154553654	1110606720.00
2019/05/08	6.67	6.94	6.31	6.41	141230949	978703872.00
2019/05/09	6.39	6.70	6.32	6.61	118499332	811047872.00
2019/05/10	6.75	7.19	6.51	7.00	170118145	1226104832.00
2019/05/13	6.71	6.80	6.51	6.59	129465593	894798400.00
2019/05/14	6.45	6.75	6.36	6.49	102706125	702789824.00
2019/05/15	6.53	6.65	6.41	6.60	74342414	506905440.00
2019/05/16	6.63	6.85	6.56	6.60	90386441	631320192.00
2019/05/17	6.60	6.73	6.41	6.53	94746990	649552064.00
2019/05/20	6.46	6.48	5.85	5.85	104601761	656223936.00
2019/05/21	5.85	6.06	5.85	5.96	55720809	348815616.00
2019/05/22	5.94	6.01	5.66	5.88	72057941	442071776.00
2019/05/23	5.52	5.65	5.26	5.26	118319647	672871424.00
2019/05/24	5.21	5.40	4.81	4.95	128334399	682074816.00
2019/05/27	5.00	5.33	4.97	5.26	113630003	614791616.00
2019/05/28	5.34	5.69	5.33	5.57	129047324	748538176.00
2019/05/29	5.51	5.73	5.46	5.55	89718508	526973952.00
2019/05/30	5.81	6.08	5.73	5.96	157476788	972836416.00
2019/05/31	5.93	6.02	5.72	5.93	134160279	830558016.00
2019/06/03	6.05	6.13	5.58	5.66	135347726	831196096.00
2019/06/04	5.67	5.89	5.37	5.61	99008531	579739712.00
2019/06/05	5.57	5.67	5.38	5.49	84178540	490026688.00
2019/06/06	5.51	5.57	5.19	5.29	80534975	454377536.00
2019/06/10	5.35	5.41	5.02	5.31	64047364	354587680.00
2019/06/11	5.40	5.75	5.33	5.72	107185006	626822528.00
2019/06/12	5.66	5.76	5.57	5.60	85214201	506305248.00
2019/06/13	5.68	5.71	5.43	5.49	75507701	439120672.00
2019/06/14	5.51	5.54	5.28	5.30	63244599	358302496.00
2019/06/17	5.33	5.39	5.18	5.27	43472705	242254960.00
2019/06/18	5.33	5.50	5.25	5.43	63420304	360074816.00
2019/06/19	5.70	5.71	5.36	5.37	68825312	398243392.00
2019/06/20	5.38	5.43	5.22	5.38	53387065	299658688.00
2019/06/21	5.39	5.44	5.28	5.36	48688219	275022496.00
2019/06/24	5.36	5.40	5.19	5.36	56787359	316887104.00
2019/06/25	5.30	5.30	5.12	5.16	49421624	271006496.00
2019/06/26	5.14	5.21	5.04	5.05	31877480	172137824.00
2019/06/27	5.06	5.16	5.00	5.10	39013491	210048192.00
2019/06/28	5.09	5.14	4.91	5.00	41476838	220127456.00
2019/07/01	5.07	5.14	5.07	5.11	41795355	225615184.00
2019/07/02	5.11	5.38	5.09	5.28	71679555	398324032.00
2019/07/03	5.23	5.32	5.09	5.11	51062464	278467200.00
2019/07/04	5.17	5.21	5.06	5.10	30393780	164558384.00
2019/07/05	5.11	5.24	5.07	5.19	44952930	244386704.00
2019/07/08	5.20	5.31	5.14	5.26	78320871	433354848.00
2019/07/09	5.16	5.16	4.85	4.95	83404727	436576608.00
2019/07/10	4.91	5.01	4.77	4.81	55670826	287500640.00
2019/07/11	4.85	4.87	4.43	4.54	101627606	497933376.00
2019/07/12	4.51	4.57	4.40	4.43	57810100	274296736.00
2019/07/15	4.47	4.80	4.38	4.79	100265314	492153568.00
2019/07/16	4.79	5.01	4.74	4.85	85148282	438716960.00
2019/07/17	4.87	5.27	4.83	5.21	134507010	723587840.00
2019/07/18	5.15	5.32	5.09	5.17	103354200	569410112.00
2019/07/19	5.23	5.31	5.16	5.20	70668840	389957792.00
2019/07/22	5.23	5.25	5.06	5.13	58733150	319546112.00
2019/07/23	5.20	5.33	5.10	5.21	60676994	333293312.00
2019/07/24	5.21	5.27	5.15	5.19	61650026	339156608.00
2019/07/25	5.21	5.25	5.09	5.24	62398635	341475232.00
2019/07/26	5.25	5.36	5.16	5.20	64110962	355361088.00
2019/07/29	5.16	5.24	4.99	5.20	72958628	394824416.00
2019/07/30	5.21	5.32	5.17	5.21	52277848	289058880.00
2019/07/31	5.22	5.25	5.09	5.11	43384487	236285760.00
2019/08/01	5.06	5.27	5.04	5.12	59027529	322664160.00
2019/08/02	5.02	5.14	4.89	4.99	54853263	290456192.00
2019/08/05	4.99	5.09	4.84	4.90	55842621	293926112.00
2019/08/06	4.83	5.02	4.78	4.90	63740901	331491360.00
2019/08/07	4.96	5.05	4.69	4.70	70025232	358251808.00
2019/08/08	4.74	4.78	4.60	4.65	52990585	262386720.00
2019/08/09	4.70	4.72	4.46	4.53	45870676	223081072.00
2019/08/12	4.54	4.62	4.48	4.59	39142018	189664752.00
2019/08/13	4.53	4.59	4.48	4.51	31064338	149467600.00
2019/08/14	4.61	4.61	4.48	4.53	31941372	153884896.00
2019/08/15	4.46	4.51	4.33	4.48	45456937	214128032.00
2019/08/16	4.46	4.60	4.44	4.54	41401239	199530336.00
2019/08/19	4.59	4.59	4.36	4.57	54424954	260708336.00
2019/08/20	4.56	4.65	4.52	4.60	48744409	237456000.00
2019/08/21	4.61	4.65	4.55	4.56	34890352	170412064.00
2019/08/22	4.60	4.66	4.52	4.65	51896209	254471792.00
2019/08/23	4.65	4.65	4.53	4.54	41588883	202316176.00
2019/08/26	4.48	4.59	4.42	4.54	32151839	154693504.00
2019/08/27	4.56	4.73	4.53	4.67	62403373	307729824.00
2019/08/28	4.69	5.17	4.66	5.17	132177496	703105472.00
2019/08/29	5.31	5.46	5.24	5.36	202440194	1141896704.00
2019/08/30	5.31	5.58	5.27	5.28	146049005	828170368.00
2019/09/02	5.30	5.35	5.11	5.23	103549501	569977664.00
2019/09/03	5.29	5.51	5.24	5.35	121705346	687824512.00
2019/09/04	5.32	5.46	5.20	5.32	87961176	493059712.00
2019/09/05	5.34	5.48	5.21	5.41	115610935	655574464.00
2019/09/06	5.49	5.58	5.23	5.31	118943527	674052864.00
2019/09/09	5.31	5.36	5.21	5.33	81702513	455389248.00
2019/09/10	5.31	5.61	5.31	5.47	125147827	721247936.00
2019/09/11	5.49	5.54	5.22	5.23	115404415	652178560.00
2019/09/12	5.25	5.26	5.06	5.12	94733309	513486208.00
2019/09/16	5.13	5.19	5.07	5.12	56278330	304333440.00
2019/09/17	5.09	5.14	4.90	4.92	77708903	411072320.00
2019/09/18	4.92	4.96	4.83	4.87	43943303	227347584.00
2019/09/19	4.90	5.03	4.77	5.01	63208301	329429792.00
2019/09/20	4.98	5.04	4.90	4.94	41315659	216429328.00
2019/09/23	4.91	4.91	4.78	4.83	35237288	180354176.00
2019/09/24	4.42	4.56	4.42	4.49	115287926	551851520.00
2019/09/25	4.44	4.45	4.37	4.37	45822748	215001136.00
2019/09/26	4.39	4.41	3.94	3.98	100273236	441844704.00
2019/09/27	4.01	4.31	4.00	4.24	80331782	359560544.00
2019/09/30	4.27	4.41	4.26	4.28	51739734	239010464.00
2019/10/08	4.45	4.47	4.26	4.30	53595448	247521936.00
2019/10/09	4.28	4.33	4.21	4.31	36974355	168461344.00
2019/10/10	4.31	4.48	4.28	4.42	60591898	283773824.00
2019/10/11	4.43	4.47	4.32	4.37	40502953	189337360.00
2019/10/14	4.31	4.40	4.20	4.34	46147267	212853840.00
2019/10/15	4.35	4.48	4.31	4.36	42538295	198403376.00
2019/10/16	4.33	4.35	4.27	4.28	30116182	138291648.00
2019/10/17	4.29	4.36	4.24	4.33	27965954	128608968.00
2019/10/18	4.30	4.39	4.26	4.31	31627100	146132096.00
2019/10/21	4.32	4.76	4.32	4.76	115181135	559445568.00
2019/10/22	4.62	4.67	4.49	4.55	88858675	431321024.00
2019/10/23	4.52	4.72	4.49	4.55	58259956	285039904.00
2019/10/24	4.55	4.56	4.38	4.45	58294094	275793312.00
2019/10/25	4.44	4.73	4.36	4.64	104469502	510627968.00
2019/10/28	4.56	4.80	4.51	4.70	92544598	460154624.00
2019/10/29	4.69	4.93	4.65	4.88	116354839	597425728.00
2019/10/30	4.85	4.94	4.69	4.76	77302252	391107328.00
2019/10/31	4.76	4.76	4.49	4.55	69291238	338708064.00
2019/11/01	4.51	4.56	4.37	4.53	36677133	174956560.00
2019/11/04	4.47	4.58	4.45	4.51	33043316	158533424.00
2019/11/05	4.51	4.59	4.49	4.51	37800448	182233824.00
2019/11/06	4.37	4.41	4.19	4.23	77848149	355523136.00
2019/11/07	4.22	4.51	4.19	4.43	74491037	348931072.00
2019/11/08	4.43	4.45	4.30	4.32	44946683	208562640.00
2019/11/11	4.25	4.34	4.19	4.23	39772955	180211264.00
2019/11/12	4.21	4.28	4.16	4.24	28699187	129358080.00
2019/11/13	4.23	4.24	4.12	4.14	28908306	128669616.00
2019/11/14	4.15	4.16	4.08	4.12	22551390	99393816.00
2019/11/15	4.11	4.12	3.98	4.02	28804330	124404416.00
2019/11/18	3.96	4.05	3.89	4.03	22755757	97703944.00
2019/11/19	4.04	4.09	4.01	4.04	20395778	88257176.00
2019/11/20	4.02	4.03	3.96	3.98	20984684	89814768.00
2019/11/21	3.96	3.97	3.89	3.92	21424870	90273344.00
2019/11/22	3.91	4.11	3.91	4.00	34173974	146828656.00
2019/11/25	4.03	4.07	3.96	3.98	17718864	75850000.00
2019/11/26	3.98	4.07	3.97	4.05	23538256	101404960.00
2019/11/27	4.03	4.10	4.02	4.03	20896436	90819392.00
2019/11/28	4.02	4.12	4.01	4.06	25130334	109615288.00
2019/11/29	4.04	4.07	4.01	4.05	15066573	65170264.00
2019/12/02	4.08	4.13	4.05	4.07	14877846	65081816.00
2019/12/03	4.06	4.08	3.94	4.03	17369097	74739064.00
2019/12/04	4.01	4.03	3.97	4.00	13496282	57836228.00
2019/12/05	4.01	4.01	3.96	4.00	15446180	65954192.00
2019/12/06	3.99	4.02	3.97	4.00	14197993	60767204.00
2019/12/09	4.01	4.02	3.96	3.97	20816708	88822360.00
2019/12/10	3.97	3.97	3.86	3.89	32494251	136002736.00
2019/12/11	3.90	3.90	3.77	3.79	37904944	155200080.00
2019/12/12	3.79	3.81	3.73	3.76	27625667	112061824.00
2019/12/13	3.77	3.78	3.70	3.76	38769895	155821600.00
2019/12/16	3.76	3.78	3.73	3.78	39380624	159417376.00
2019/12/17	3.78	3.95	3.76	3.93	63493519	264448800.00
2019/12/18	3.92	3.97	3.89	3.90	37239572	156843328.00
2019/12/19	3.91	3.93	3.88	3.91	26637887	111694264.00
2019/12/20	3.91	4.00	3.90	3.98	48030589	204371248.00
2019/12/23	3.94	4.00	3.88	3.88	44588050	188809904.00
2019/12/24	3.90	3.94	3.88	3.89	23535904	97050808.00
2019/12/25	3.89	3.89	3.83	3.85	24650358	100645176.00
2019/12/26	3.83	3.88	3.82	3.84	21623833	88110416.00
2019/12/27	3.85	3.92	3.82	3.89	50907239	208684656.00
2019/12/30	3.87	4.30	3.79	4.30	131458205	567169280.00
2019/12/31	4.75	4.75	4.75	4.75	57320817	285457664.00
2020/01/02	5.25	5.25	5.25	5.25	56607512	310209152.00
2020/01/03	5.80	5.80	5.80	5.80	24652721	148655904.00
2020/01/06	6.40	6.40	6.40	6.40	12442362	82492864.00
2020/01/07	7.06	7.06	7.06	7.06	9152688	66723096.00
2020/01/08	7.79	7.79	7.79	7.79	217680532	1745797888.00
2020/01/09	7.57	7.72	7.00	7.20	800477925	6109623296.00
2020/01/10	7.17	7.28	6.52	6.56	551081796	3893778432.00
2020/01/13	6.62	6.67	6.32	6.63	347373089	2349704192.00
2020/01/14	6.57	7.14	6.53	6.89	533212264	3747973632.00
2020/01/15	6.67	6.71	6.33	6.35	302217869	2032128512.00
2020/01/16	6.34	6.70	6.25	6.44	273813409	1836071040.00
2020/01/17	6.37	6.64	6.31	6.55	223733774	1505043328.00
2020/01/20	6.52	6.57	5.97	6.22	230301646	1483010304.00
2020/01/21	6.16	6.50	6.10	6.25	199188384	1308422656.00
2020/01/22	6.37	6.56	6.23	6.27	202304296	1336271872.00
2020/01/23	5.99	6.14	5.62	5.62	244877100	1489936896.00
2020/02/03	5.04	5.04	5.04	5.04	13409300	70667008.00
2020/02/04	4.55	5.25	4.55	5.16	248705678	1283067776.00
2020/02/05	5.15	5.70	5.07	5.62	287224832	1656517248.00
2020/02/06	5.66	6.14	5.57	5.92	331044910	2025330560.00
2020/02/07	5.75	5.98	5.63	5.75	224408854	1346138880.00
2020/02/10	5.67	6.35	5.67	6.35	143004280	916975104.00
2020/02/11	7.01	7.01	6.15	6.20	480459264	3273698304.00
2020/02/12	5.97	6.84	5.96	6.84	509446226	3516724480.00
2020/02/13	6.82	7.43	6.47	6.97	557777433	3978430720.00
2020/02/14	6.87	7.53	6.73	7.31	443283212	3253911040.00
2020/02/17	7.52	7.93	7.22	7.58	443972243	3472620800.00
2020/02/18	7.29	7.51	7.21	7.46	332915331	2511393792.00
2020/02/19	7.28	7.35	6.90	6.93	292450301	2140223744.00
2020/02/20	6.94	7.12	6.70	6.96	217086606	1550851712.00
2020/02/21	6.92	7.22	6.82	6.99	211522709	1536892416.00
2020/02/24	6.99	7.56	6.92	7.35	321352846	2397577984.00
2020/02/25	7.11	7.33	6.75	7.19	242826667	1784247168.00
2020/02/26	7.52	7.65	6.89	6.93	312289631	2354644480.00
2020/02/27	7.06	7.33	6.87	7.14	242483333	1786602368.00
2020/02/28	6.79	7.09	6.41	6.62	267463747	1859326592.00
2020/03/02	6.64	7.00	6.51	6.92	200887515	1416455040.00
2020/03/03	7.02	7.41	6.90	7.25	272745045	2015913216.00
2020/03/04	7.17	7.65	7.09	7.56	366724762	2802358272.00
2020/03/05	7.45	8.34	7.39	8.34	281436346	2299986432.00
2020/03/06	8.67	9.16	8.48	8.58	511303401	4605968896.00
2020/03/09	8.56	8.92	7.82	8.05	453706682	3960310272.00
2020/03/10	7.92	8.21	7.35	7.87	344515481	2726245376.00
2020/03/11	7.77	8.26	7.65	7.81	307650547	2513162240.00
2020/03/12	7.54	7.61	7.04	7.17	264682908	1998503936.00
2020/03/13	6.69	7.30	6.64	7.16	229286678	1647003392.00
2020/03/16	7.27	7.31	6.55	6.64	193692746	1391044096.00
2020/03/17	6.68	6.83	6.28	6.53	148245110	1000102144.00
2020/03/18	6.65	7.02	6.57	6.59	210290520	1477040000.00
2020/03/19	6.65	6.96	6.49	6.88	188494166	1309963264.00
2020/03/20	6.96	7.14	6.78	7.03	180832761	1303472512.00
2020/03/23	6.76	7.15	6.66	6.84	184003865	1324886144.00
2020/03/24	7.07	7.08	6.70	6.92	159667451	1134289536.00
2020/03/25	6.99	7.64	6.92	7.56	291956074	2183650048.00
2020/03/26	7.36	8.10	7.31	7.74	357778988	2858305280.00
2020/03/27	7.77	7.95	7.47	7.49	212009764	1672408960.00
2020/03/30	7.72	7.90	7.53	7.68	258261639	2058038400.00
2020/03/31	7.66	8.44	7.42	8.42	356199330	2963847680.00
2020/04/01	8.27	8.38	7.93	8.04	285018805	2379981568.00
2020/04/02	7.93	8.11	7.55	7.77	234019272	1867933952.00
2020/04/03	7.67	8.16	7.63	7.82	210378710	1719047424.00
2020/04/07	7.85	8.33	7.65	8.24	262648272	2189083136.00
2020/04/08	8.14	8.26	7.87	7.92	204638586	1679978112.00
2020/04/09	7.93	8.05	7.65	7.85	179244482	1449036800.00
2020/04/10	7.77	7.95	7.53	7.60	136456569	1081494528.00
2020/04/13	7.54	7.59	7.32	7.48	78438020	603705600.00
2020/04/14	7.77	8.12	7.65	8.00	233686396	1908838272.00
2020/04/15	8.01	8.57	7.93	8.15	301760035	2558374400.00
2020/04/16	8.18	8.50	8.05	8.31	246199058	2092270848.00
2020/04/17	8.23	8.33	7.97	7.98	171046518	1429247232.00
2020/04/20	8.12	8.30	8.04	8.15	150804320	1265835264.00
2020/04/21	8.02	8.23	7.87	8.08	143940287	1188810496.00
2020/04/22	7.95	8.91	7.90	8.91	284238363	2507763456.00
2020/04/23	9.37	9.61	8.88	8.97	507834268	4808837120.00
2020/04/24	8.98	9.12	8.38	8.58	304259446	2731484416.00
2020/04/27	8.74	9.02	8.52	8.78	235352110	2118145536.00
2020/04/28	8.55	9.28	8.19	9.07	314208248	2852433408.00
2020/04/29	8.89	9.14	8.66	8.71	173558715	1582871424.00
2020/04/30	8.73	8.98	8.64	8.83	153592855	1392927616.00
2020/05/06	8.68	9.57	8.68	9.32	249138268	2375021312.00
2020/05/07	9.26	9.99	9.13	9.57	291798717	2873270272.00
2020/05/08	9.60	9.80	9.33	9.69	220852023	2171025664.00
2020/05/11	9.60	10.04	9.43	9.60	227697249	2249247232.00
2020/05/12	9.50	9.56	9.27	9.46	154665306	1487051264.00
2020/05/13	9.47	9.63	9.27	9.49	147866347	1430730496.00
2020/05/14	9.36	9.46	9.03	9.06	164825112	1555301760.00
2020/05/15	9.07	9.26	9.00	9.19	123693030	1160351616.00
2020/05/18	9.11	9.52	9.07	9.39	150855412	1443789312.00
2020/05/19	9.22	9.25	9.00	9.20	155045371	1450455680.00
2020/05/20	9.14	9.30	9.07	9.13	106008359	995660480.00
2020/05/21	9.19	9.23	8.57	8.60	166842251	1506813184.00
2020/05/22	8.47	8.78	8.35	8.51	99248329	873697472.00
2020/05/25	8.57	8.73	8.48	8.66	71060445	629578112.00
2020/05/26	8.72	8.73	8.51	8.69	74724357	643579584.00
2020/05/27	8.70	8.84	8.50	8.51	107714427	932303552.00
2020/05/28	8.55	8.57	8.10	8.24	122939534	1016871872.00
2020/05/29	8.19	8.33	8.07	8.26	80247893	660837568.00
2020/06/01	8.25	8.60	8.18	8.50	114294254	960575104.00
2020/06/02	8.53	8.66	8.40	8.47	113210322	965609408.00
2020/06/03	8.44	8.49	8.32	8.47	93693470	786834944.00
2020/06/04	8.47	8.59	8.31	8.36	97294636	821168576.00
2020/06/05	8.30	8.32	7.92	8.06	135452749	1092656256.00
2020/06/08	8.07	8.17	7.93	8.05	69497903	559539392.00
2020/06/09	7.84	7.87	7.65	7.75	143773077	1112390400.00
2020/06/10	7.77	8.17	7.76	7.92	146520845	1167806976.00
2020/06/11	7.92	7.95	7.66	7.78	110884240	860121472.00
2020/06/12	7.61	7.78	7.57	7.73	81747591	630202112.00
2020/06/15	7.92	8.13	7.82	7.96	154592105	1233477376.00
2020/06/16	8.01	8.04	7.84	7.97	80588965	636304000.00
2020/06/17	7.95	8.66	7.89	8.55	272607363	2271121664.00
2020/06/18	8.55	8.95	8.47	8.60	222627984	1935951616.00
2020/06/19	8.68	9.15	8.52	9.04	293497352	2616465152.00
2020/06/22	9.32	9.94	9.15	9.94	432808408	4161233664.00
2020/06/23	9.81	9.85	9.02	9.05	439065680	4117097984.00
2020/06/24	9.08	9.16	8.66	8.86	231591854	2054622848.00
2020/06/29	8.95	9.15	8.85	8.91	199394692	1795332352.00
2020/06/30	8.94	9.18	8.82	9.11	179490031	1616551936.00
2020/07/01	9.01	9.18	8.94	9.01	181145812	1636586368.00
2020/07/02	8.94	9.12	8.83	9.02	146448209	1318303360.00
2020/07/03	8.99	9.07	8.87	8.94	137615620	1231669248.00
2020/07/06	8.94	9.39	8.93	9.32	256385833	2370659072.00
2020/07/07	9.37	9.70	9.15	9.52	304527621	2883312128.00
2020/07/08	9.49	9.62	9.35	9.59	196304159	1864845184.00
2020/07/09	9.57	10.37	9.56	10.16	339152197	3378834688.00
2020/07/10	9.98	10.08	9.70	9.77	247186700	2441684480.00
数据来源:通达信
