002970 锐明技术 日线 前复权
      日期	    开盘	    最高	    最低	    收盘	    成交量	    成交额
2019/12/17	22.40	26.96	22.40	26.96	123439	6733150.00
2019/12/18	29.70	29.70	29.70	29.70	38521	2318579.00
2019/12/19	32.71	32.71	32.71	32.71	44355	2936744.50
2019/12/20	36.02	36.02	36.02	36.02	134191	9773131.00
2019/12/23	39.66	39.66	39.66	39.66	221399	17736274.00
2019/12/24	43.66	43.66	43.66	43.66	701333	61801464.00
2019/12/25	48.07	48.07	47.45	48.07	4861745	471091392.00
2019/12/26	52.91	52.91	52.91	52.91	469961	50107240.00
2019/12/27	58.24	58.24	54.10	58.24	14297483	1641903872.00
2019/12/30	55.60	58.30	53.60	57.60	9272785	1052290112.00
2019/12/31	60.10	63.40	59.70	60.90	10718739	1333401856.00
2020/01/02	63.10	67.03	63.10	67.03	7089221	929470848.00
2020/01/03	71.55	73.77	70.55	72.10	8722744	1275468416.00
2020/01/06	70.21	76.82	69.05	75.17	6813855	983542400.00
2020/01/07	70.20	75.17	70.20	71.63	5191635	757994816.00
2020/01/08	73.13	77.05	73.10	74.90	5278524	792535168.00
2020/01/09	82.23	82.43	74.68	75.37	7392872	1173784064.00
2020/01/10	76.54	77.62	74.80	75.80	5009553	766077440.00
2020/01/13	76.10	79.74	74.11	79.10	4245382	655676544.00
2020/01/14	79.10	80.97	76.91	77.73	3882835	614062912.00
2020/01/15	76.40	77.73	74.86	75.98	3124486	479558560.00
2020/01/16	78.60	83.59	76.19	80.96	4845981	771402944.00
2020/01/17	79.83	80.94	76.10	76.53	3837086	606104768.00
2020/01/20	74.60	75.85	71.40	73.41	3697547	544650240.00
2020/01/21	72.92	74.89	72.19	72.99	2207620	325539904.00
2020/01/22	72.30	76.70	72.14	76.10	3295609	491809888.00
2020/01/23	74.50	74.50	68.45	68.45	3640947	520629248.00
2020/02/03	61.56	61.56	61.56	61.56	371800	46073456.00
2020/02/04	58.56	65.32	58.56	64.00	3947381	493676672.00
2020/02/05	63.16	67.85	62.72	64.19	3751131	493361408.00
2020/02/06	63.35	68.87	63.20	67.66	3109942	415417920.00
2020/02/07	67.10	69.18	66.95	67.63	1935074	264035952.00
2020/02/10	66.35	67.69	64.00	67.51	2289964	304220672.00
2020/02/11	67.10	67.23	65.62	65.85	1272787	169990000.00
2020/02/12	65.85	72.10	65.60	70.58	3051240	428248896.00
2020/02/13	69.93	72.55	68.60	70.35	2298137	325803360.00
2020/02/14	69.70	71.08	67.40	68.84	1793461	250466400.00
2020/02/17	69.60	73.34	69.60	72.75	2144203	310257728.00
2020/02/18	72.40	75.48	71.77	74.68	2263820	335496896.00
2020/02/19	73.85	78.04	73.72	77.10	2839300	434613056.00
2020/02/20	77.60	79.10	75.75	77.95	2138252	332462560.00
2020/02/21	77.35	77.95	74.37	74.62	2607017	398606688.00
2020/02/24	73.35	82.12	73.23	82.12	4285313	692955648.00
2020/02/25	82.25	87.10	79.19	86.10	3909578	656886208.00
2020/02/26	83.11	84.60	77.45	77.45	3070403	496332288.00
2020/02/27	77.35	78.10	72.60	75.55	2404648	363691616.00
2020/02/28	71.75	72.11	67.96	67.96	2359750	330948736.00
2020/03/02	68.60	72.90	67.12	71.60	2096546	294371072.00
2020/03/03	72.59	75.04	70.76	71.35	1662878	244141232.00
2020/03/04	69.85	72.05	67.95	69.68	1353504	189848160.00
2020/03/05	71.14	71.54	67.19	68.31	1692493	233796144.00
2020/03/06	66.60	69.10	66.12	67.10	1168760	159208784.00
2020/03/09	65.16	65.85	62.10	62.10	1811026	231869264.00
2020/03/10	61.60	66.60	61.60	66.15	1997149	258167760.00
2020/03/11	66.47	67.35	63.35	63.35	1387001	182465216.00
2020/03/12	61.91	63.10	60.25	61.55	1412584	174141312.00
2020/03/13	57.43	61.18	56.60	59.60	2029872	239446448.00
2020/03/16	60.10	61.71	55.11	55.65	1986383	236928160.00
2020/03/17	57.08	60.58	55.15	60.55	2102423	246595520.00
2020/03/18	61.09	61.18	56.66	56.95	1738251	207100240.00
2020/03/19	57.12	57.89	55.80	57.05	1572015	180375072.00
2020/03/20	57.65	59.00	56.67	57.94	1292906	150551568.00
2020/03/23	56.10	56.10	52.11	52.11	1869958	202469728.00
2020/03/24	53.35	53.54	48.00	50.73	2685147	273469216.00
2020/03/25	51.84	52.83	50.86	51.79	1601241	167272048.00
2020/03/26	50.98	53.45	50.62	51.24	1319480	137493488.00
2020/03/27	51.97	52.10	49.00	49.10	1401444	141216320.00
2020/03/30	48.00	48.95	44.86	47.72	2469439	231254208.00
2020/03/31	48.49	48.94	46.85	48.53	1805670	174862736.00
2020/04/01	48.24	49.90	47.65	47.83	1258101	123351040.00
2020/04/02	48.10	49.94	47.60	49.81	1396934	137715568.00
2020/04/03	49.70	50.59	48.08	48.10	1314609	129304144.00
2020/04/07	49.70	49.80	48.82	49.47	1273351	126642832.00
2020/04/08	49.10	49.85	48.60	49.09	993248	98367024.00
2020/04/09	49.50	50.88	49.10	49.88	1391526	140101360.00
2020/04/10	49.75	49.83	46.95	47.55	1570161	152152768.00
2020/04/13	47.12	47.35	46.31	46.46	805480	75801616.00
2020/04/14	47.08	49.09	47.08	47.89	1478362	143094384.00
2020/04/15	48.47	52.28	48.20	50.45	2682470	272863744.00
2020/04/16	50.60	52.15	49.15	51.18	1703675	174160736.00
2020/04/17	52.33	54.14	49.93	49.93	2612623	274548640.00
2020/04/20	53.10	53.39	50.60	51.71	3645536	381780608.00
2020/04/21	51.73	51.78	50.35	51.06	1690349	173602544.00
2020/04/22	51.12	51.12	50.05	50.57	1757256	179081344.00
2020/04/23	50.81	51.08	49.73	49.74	1160700	117406008.00
2020/04/24	49.51	49.56	46.60	46.79	1835400	176744608.00
2020/04/27	47.00	47.10	45.69	46.21	879261	82235024.00
2020/04/28	45.85	46.64	43.12	46.09	1504956	136593008.00
2020/04/29	45.63	48.27	45.51	47.75	1449253	138170992.00
2020/04/30	48.85	52.57	48.85	52.57	3002832	309606624.00
2020/05/06	53.60	55.21	51.85	54.75	2917143	315648416.00
2020/05/07	54.60	56.49	53.65	55.40	2163876	240539120.00
2020/05/08	55.28	56.55	54.70	55.68	1641528	183931808.00
2020/05/11	56.65	58.40	54.61	55.05	2696778	305496448.00
2020/05/12	55.27	57.40	55.18	55.90	2078202	235399312.00
2020/05/13	55.36	57.35	55.15	56.77	1708917	194010048.00
2020/05/14	56.98	60.60	56.98	59.49	2964770	353220992.00
2020/05/15	60.60	62.10	58.20	59.79	1959702	235433440.00
2020/05/18	59.60	59.60	54.88	55.10	2680592	306808288.00
2020/05/19	55.66	58.54	55.06	57.71	1844018	211752560.00
2020/05/20	57.71	59.24	56.81	57.06	1478804	172038448.00
2020/05/21	57.00	57.32	53.30	54.18	3407344	187019856.00
2020/05/22	54.97	54.97	51.21	51.41	3455466	182279808.00
2020/05/25	51.00	52.29	48.50	49.10	3230454	161377312.00
2020/05/26	49.60	54.01	49.60	54.01	4453219	236269696.00
2020/05/27	54.50	55.46	51.02	51.79	5659229	301960512.00
2020/05/28	52.32	52.95	49.52	50.68	3665464	186233104.00
2020/05/29	50.23	51.59	49.18	50.70	2900000	146944768.00
2020/06/01	51.00	53.80	51.00	53.16	3984017	209560448.00
2020/06/02	53.98	54.58	52.25	53.26	2845794	152343392.00
2020/06/03	53.53	56.00	52.10	53.88	4313309	232340080.00
2020/06/04	54.20	59.27	53.47	59.27	9021758	522627808.00
2020/06/05	59.18	62.83	58.60	61.48	9290112	567039552.00
2020/06/08	60.03	61.50	59.13	59.25	5870157	353351520.00
2020/06/09	59.59	60.38	58.61	59.70	3348042	199316288.00
2020/06/10	60.10	62.50	58.80	61.27	4090268	247573984.00
2020/06/11	60.84	61.80	60.12	60.34	3788507	230634784.00
2020/06/12	58.01	60.46	56.86	59.50	2873847	169280656.00
2020/06/15	61.84	62.80	59.18	59.27	3925900	238652736.00
2020/06/16	60.01	65.20	59.86	65.20	6316969	403745088.00
2020/06/17	66.00	66.40	63.72	65.34	6140074	399967968.00
2020/06/18	65.17	65.17	62.07	62.91	4140617	261547616.00
2020/06/19	63.04	64.50	62.51	63.24	2807905	177936032.00
2020/06/22	63.80	65.25	62.30	64.26	3574645	227435168.00
2020/06/23	63.63	64.63	63.01	63.86	2534688	161357664.00
2020/06/24	64.01	66.49	63.66	65.45	3661265	237524352.00
2020/06/29	65.99	69.56	65.99	66.88	4356979	293164416.00
2020/06/30	68.80	69.99	67.30	68.33	4781061	328921632.00
2020/07/01	68.23	68.83	66.30	67.16	4001788	269349184.00
2020/07/02	67.00	67.80	66.66	67.12	2958685	198338640.00
2020/07/03	67.11	67.12	63.99	64.76	3934592	256554448.00
2020/07/06	65.50	68.50	64.51	67.41	4345844	289874752.00
2020/07/07	68.00	71.14	66.70	70.27	5071688	352129792.00
2020/07/08	70.10	75.77	69.66	73.56	4765338	349125984.00
2020/07/09	73.67	75.35	71.90	74.55	5258683	387263648.00
2020/07/10	75.68	75.77	72.88	73.90	3409867	252504400.00
2020/07/13	74.00	76.49	74.00	75.98	3367766	254663296.00
2020/07/14	76.91	76.94	71.21	71.80	4368559	319051072.00
2020/07/15	72.00	72.60	68.81	68.92	3309038	231128976.00
2020/07/16	69.20	69.51	62.11	62.61	3100417	205268288.00
2020/07/17	64.00	66.54	62.89	65.03	3065242	198321744.00
2020/07/20	66.70	68.28	63.31	67.80	3217861	212534416.00
2020/07/21	66.80	69.18	66.80	68.93	2103778	143959296.00
2020/07/22	68.20	69.60	67.85	68.20	2265325	155184832.00
2020/07/23	67.52	68.40	65.19	66.83	2266817	151280048.00
2020/07/24	66.80	66.80	61.80	62.86	2521880	161613744.00
2020/07/27	62.86	63.49	59.80	61.26	2140606	131630392.00
2020/07/28	61.60	62.77	61.02	61.89	1230182	76053168.00
2020/07/29	61.88	64.18	60.80	64.12	1575276	99287968.00
2020/07/30	64.15	64.53	62.00	62.31	1377292	86941064.00
2020/07/31	62.31	64.48	62.01	64.03	1753200	111486752.00
2020/08/03	64.28	65.39	63.80	65.30	1693700	109816232.00
2020/08/04	65.30	65.45	62.97	63.22	1866250	119367200.00
2020/08/05	64.00	64.32	63.06	64.13	1312318	83751752.00
2020/08/06	63.52	63.99	61.50	63.27	1746220	109448512.00
2020/08/07	63.28	63.69	59.76	61.41	1957482	120336496.00
2020/08/10	60.77	62.18	60.12	61.11	1268422	77384784.00
2020/08/11	60.77	62.11	60.30	60.35	1058342	64807776.00
2020/08/12	60.26	60.26	56.52	57.77	1972037	113919256.00
2020/08/13	57.73	59.80	57.73	58.20	1117531	65541068.00
2020/08/14	58.00	59.10	57.51	59.10	941944	55002040.00
2020/08/17	59.13	60.59	59.13	60.49	1470674	88303840.00
2020/08/18	60.40	60.98	59.66	60.31	1372300	82548768.00
2020/08/19	60.17	60.80	58.38	58.65	1422250	84612560.00
2020/08/20	57.65	59.37	57.30	58.11	993483	57908264.00
2020/08/21	58.34	59.96	58.31	58.90	1170699	69240768.00
2020/08/24	58.91	59.96	56.89	59.41	1293968	75598280.00
2020/08/25	59.48	63.00	59.48	62.45	3123815	193666464.00
2020/08/26	62.65	62.80	58.43	58.70	2500800	150584704.00
2020/08/27	58.71	59.36	57.50	58.94	1079983	63219440.00
2020/08/28	58.88	59.32	57.79	59.04	1269500	74180480.00
2020/08/31	59.60	62.55	59.60	60.93	2540600	155958272.00
2020/09/01	61.03	63.35	61.00	62.78	2477364	155396960.00
2020/09/02	62.78	63.35	61.83	62.95	1796364	112514336.00
2020/09/03	62.49	62.99	61.28	62.07	1352774	83681192.00
2020/09/04	61.10	62.32	60.70	61.08	1337600	81858856.00
2020/09/07	61.83	63.00	60.55	60.77	1607200	99455056.00
2020/09/08	60.77	60.98	58.20	59.40	1563890	92562768.00
2020/09/09	58.59	58.59	55.21	55.58	2082730	117872352.00
2020/09/10	58.17	58.27	53.89	54.20	1193957	66228432.00
2020/09/11	53.60	54.97	53.60	54.82	755096	41069448.00
2020/09/14	55.20	56.23	54.26	54.82	1009067	55590000.00
2020/09/15	54.50	55.19	53.78	54.85	759319	41328960.00
2020/09/16	54.71	55.19	54.01	54.05	582550	31680066.00
2020/09/17	54.15	55.94	53.70	55.57	1084592	59665880.00
2020/09/18	55.41	56.80	55.41	55.68	1011600	56759632.00
2020/09/21	56.07	56.65	54.98	55.07	910740	50683280.00
2020/09/22	55.00	55.10	54.01	54.22	746000	40697096.00
2020/09/23	54.14	54.90	53.69	54.40	809600	43896692.00
2020/09/24	53.85	54.28	52.00	52.15	1279808	67537120.00
2020/09/25	52.22	52.73	51.80	52.19	778400	40650288.00
2020/09/28	51.94	52.26	49.80	49.80	1194164	60687484.00
2020/09/29	49.90	51.89	49.83	51.53	1320649	67440688.00
2020/09/30	51.00	52.49	51.00	51.75	747100	38665416.00
2020/10/09	52.68	53.50	52.32	53.37	848400	45090692.00
2020/10/12	53.83	55.20	53.83	55.05	1098466	59947732.00
2020/10/13	55.06	55.86	54.50	55.58	1020574	56531760.00
2020/10/14	55.30	55.88	54.65	54.73	875900	48301392.00
2020/10/15	55.00	55.38	54.45	54.59	619000	33923264.00
2020/10/16	54.85	54.85	53.30	53.56	883100	47514032.00
2020/10/19	53.58	54.25	52.90	53.22	582200	31137468.00
2020/10/20	52.86	54.27	52.77	54.27	550300	29563484.00
2020/10/21	54.50	55.68	54.01	54.78	1075600	58969536.00
2020/10/22	53.35	53.87	51.04	52.12	1745200	91212064.00
2020/10/23	53.42	57.33	53.33	57.33	4342723	247473664.00
2020/10/26	57.56	60.60	56.92	59.71	5960569	351476000.00
2020/10/27	59.26	59.68	57.07	59.08	3428382	200484000.00
2020/10/28	58.03	59.36	57.96	59.07	2249795	132376152.00
2020/10/29	58.00	58.55	56.35	58.00	2870814	164532320.00
2020/10/30	57.50	59.50	57.06	58.06	2608111	152219552.00
2020/11/02	58.13	60.62	57.30	60.62	3155621	186676816.00
2020/11/03	61.32	62.08	58.85	59.71	2654111	159353680.00
2020/11/04	60.00	65.68	59.48	65.68	5568913	352255360.00
2020/11/05	67.90	72.17	67.90	68.99	8022828	559571584.00
2020/11/06	70.02	71.00	66.66	67.11	4484700	304798144.00
2020/11/09	68.23	69.68	67.07	68.86	3430864	234979968.00
2020/11/10	68.10	71.38	66.83	69.60	3544496	246692208.00
2020/11/11	69.00	71.17	67.50	70.02	2807487	195218512.00
2020/11/12	71.20	71.73	67.11	67.59	3573806	247571872.00
2020/11/13	67.14	70.85	66.67	69.70	3822463	264151728.00
2020/11/16	69.55	74.44	68.30	73.41	5230716	376134912.00
2020/11/17	72.70	74.05	69.90	72.96	4157864	298728736.00
2020/11/18	72.87	73.68	70.00	70.30	2679136	191595632.00
2020/11/19	70.04	70.05	67.12	67.81	2807210	191497728.00
2020/11/20	67.80	68.82	65.88	67.99	2400698	161236752.00
2020/11/23	67.46	68.88	66.30	66.30	2504482	168247152.00
2020/11/24	66.71	67.17	63.32	64.10	3367553	219124704.00
2020/11/25	64.17	64.64	62.10	62.85	2933335	185121280.00
2020/11/26	63.11	63.58	61.65	61.98	1654523	103318704.00
2020/11/27	61.98	62.34	58.39	59.50	3445287	206192288.00
2020/11/30	59.50	59.58	57.35	57.57	2788206	162080928.00
2020/12/01	57.67	58.88	57.42	58.36	2080870	121210752.00
2020/12/02	58.36	58.36	56.11	57.98	2040381	117231256.00
2020/12/03	58.00	58.35	57.00	57.08	1569200	90068424.00
2020/12/04	56.83	58.34	56.32	58.06	1778204	102740656.00
2020/12/07	58.09	59.21	57.40	57.46	1966500	114379056.00
2020/12/08	57.50	57.95	56.45	56.66	1658064	94543792.00
2020/12/09	56.49	56.50	54.03	54.03	2694600	148158672.00
2020/12/10	53.89	54.99	53.44	54.21	1430838	77380696.00
2020/12/11	54.18	54.18	52.00	53.80	1481000	79164312.00
2020/12/14	53.33	54.64	53.14	53.80	1410800	76027120.00
2020/12/15	54.00	54.88	53.62	54.31	1532125	83118120.00
2020/12/16	55.21	57.74	55.21	55.45	3258130	184072128.00
2020/12/17	54.96	58.70	54.47	57.58	3014586	171702464.00
2020/12/18	57.81	58.19	56.66	56.80	1792100	102613088.00
2020/12/21	56.43	56.85	55.55	56.39	1626900	91295632.00
2020/12/22	56.39	56.87	55.40	55.60	1337311	74831792.00
2020/12/23	55.61	55.91	52.61	52.89	3234825	172697472.00
2020/12/24	52.35	53.32	51.22	51.81	1659173	86849432.00
2020/12/25	51.00	52.38	49.51	51.75	1986500	101120152.00
2020/12/28	51.70	51.70	49.10	49.11	2063774	103213760.00
2020/12/29	49.11	51.18	49.00	50.58	1489108	74644280.00
2020/12/30	50.70	50.70	49.80	50.05	1084579	54421124.00
2020/12/31	50.11	54.99	50.00	53.01	2687100	141947312.00
2021/01/04	53.01	54.03	52.82	53.51	1740296	93178128.00
2021/01/05	53.50	56.56	53.45	56.07	2515526	139798080.00
2021/01/06	55.65	57.60	54.84	55.29	2871657	162177456.00
2021/01/07	55.30	57.52	55.00	56.30	2305969	130169480.00
2021/01/08	56.88	58.65	56.00	58.06	2207789	127757608.00
2021/01/11	58.05	60.69	57.80	59.94	3065573	183549808.00
2021/01/12	60.55	62.37	60.10	62.33	3148056	194084720.00
2021/01/13	62.37	66.00	62.37	65.39	3771482	243587984.00
2021/01/14	65.39	65.39	59.00	59.73	4447703	273028128.00
2021/01/15	60.20	60.49	57.68	58.11	2472151	144730752.00
2021/01/18	58.50	62.67	58.39	59.93	2355265	142290752.00
2021/01/19	59.97	61.57	57.80	58.70	2517082	150175152.00
2021/01/20	58.70	59.77	57.77	59.67	1737564	102167976.00
2021/01/21	59.55	60.60	58.47	59.14	1629000	96311808.00
2021/01/22	59.12	59.64	56.71	58.32	2072338	119183056.00
2021/01/25	57.86	58.05	55.00	56.18	2019600	113949304.00
2021/01/26	56.00	56.71	54.65	54.92	1610464	89516744.00
2021/01/27	55.00	55.95	53.82	54.68	1616080	88496216.00
2021/01/28	54.65	55.19	52.56	52.58	1267900	68160512.00
2021/01/29	53.00	53.10	50.01	51.06	2055438	105391192.00
2021/02/01	50.60	52.30	50.51	51.87	1055000	54531652.00
2021/02/02	52.35	54.45	51.31	54.36	1548425	82779584.00
2021/02/03	54.50	54.88	52.81	54.16	1638931	88434616.00
2021/02/04	53.80	53.80	50.33	51.28	1954858	100551560.00
2021/02/05	50.71	51.84	49.02	49.56	1579738	79316896.00
2021/02/08	49.78	50.00	47.52	47.66	1899402	91936784.00
2021/02/09	47.84	50.98	47.84	50.60	1481240	73876216.00
2021/02/10	50.58	53.15	50.30	53.00	1640489	85175328.00
数据来源:通达信
