002975 博杰股份 日线 前复权
      日期	    开盘	    最高	    最低	    收盘	    成交量	    成交额
2020/02/05	20.40	24.55	20.40	24.55	114700	5689559.00
2020/02/06	27.04	27.04	27.04	27.04	27723	1519220.38
2020/02/07	29.78	29.78	29.78	29.78	36899	2224271.75
2020/02/10	32.80	32.80	32.80	32.80	36200	2400422.00
2020/02/11	36.11	36.11	36.11	36.11	54688	3988942.75
2020/02/12	39.76	39.76	39.76	39.76	177953	14277169.00
2020/02/13	43.77	43.77	43.77	43.77	130489	11515654.00
2020/02/14	48.18	48.18	48.18	48.18	466314	45269764.00
2020/02/17	53.04	53.04	53.04	53.04	331851	35438368.00
2020/02/18	58.38	58.38	58.38	58.38	109100	12815977.00
2020/02/19	64.25	64.25	61.39	64.25	8578324	1098865024.00
2020/02/20	64.14	66.94	62.44	64.13	9342943	1219607808.00
2020/02/21	65.39	68.14	63.18	67.61	7732967	1018751744.00
2020/02/24	64.62	66.51	63.46	65.23	5863427	765128768.00
2020/02/25	63.14	64.98	58.67	63.14	5526018	692037504.00
2020/02/26	59.64	61.04	57.14	57.38	3977685	476249152.00
2020/02/27	57.16	61.39	55.24	60.60	3958717	466068960.00
2020/02/28	58.14	61.04	55.26	55.79	3201686	374067168.00
2020/03/02	57.36	59.63	57.36	58.79	2768968	326618720.00
2020/03/03	59.64	61.42	58.28	59.04	3391143	408831328.00
2020/03/04	57.71	58.84	56.15	58.78	2811150	325295072.00
2020/03/05	60.56	64.70	60.07	64.70	5650092	718714752.00
2020/03/06	63.39	69.89	62.83	66.86	6440634	856730432.00
2020/03/09	68.64	73.58	68.15	71.32	6446668	928658816.00
2020/03/10	74.64	78.49	71.44	78.49	4991317	754657856.00
2020/03/11	81.14	83.06	70.60	70.60	5820551	892195584.00
2020/03/12	68.24	72.63	66.64	68.48	4037052	563638720.00
2020/03/13	65.31	75.36	65.31	75.36	5817337	841257408.00
2020/03/16	74.13	74.83	67.79	67.79	4245863	607632512.00
2020/03/17	69.14	74.61	68.06	73.14	4843337	700422080.00
2020/03/18	72.13	74.43	68.68	69.14	3660550	524877024.00
2020/03/19	69.65	73.38	68.64	71.79	3123215	447813408.00
2020/03/20	72.89	73.48	67.97	69.86	2922215	413567968.00
2020/03/23	65.64	66.49	62.84	62.84	3177265	405640160.00
2020/03/24	63.38	63.88	56.52	58.70	4118706	492306720.00
2020/03/25	59.44	63.28	59.06	60.91	2673722	328186624.00
2020/03/26	59.14	63.58	58.39	61.29	1992743	244181008.00
2020/03/27	62.40	63.54	58.67	59.06	2273800	278717472.00
2020/03/30	56.39	59.14	54.23	56.53	2435505	275455040.00
2020/03/31	58.14	62.22	57.68	58.64	3566252	433046144.00
2020/04/01	59.39	62.93	58.72	60.49	3122961	380636896.00
2020/04/02	60.72	63.98	59.15	63.31	3481600	435230752.00
2020/04/03	63.00	63.09	60.47	61.04	2686521	332034912.00
2020/04/07	62.31	63.10	60.47	60.71	2914719	359614240.00
2020/04/08	59.14	59.64	57.54	58.20	2102711	247981664.00
2020/04/09	58.79	59.14	56.95	58.14	1854294	216269824.00
2020/04/10	57.64	58.49	56.13	56.13	1646973	188655872.00
2020/04/13	55.15	55.17	51.84	52.64	2018800	215540752.00
2020/04/14	52.64	53.56	52.14	53.28	1528520	162775248.00
2020/04/15	53.18	53.89	52.73	52.75	1354220	145423312.00
2020/04/16	51.64	52.89	51.18	52.39	1506024	157746288.00
2020/04/17	54.14	57.16	53.14	56.34	3251740	360967680.00
2020/04/20	56.33	56.34	54.26	55.14	1840500	204114512.00
2020/04/21	55.14	56.14	52.90	53.64	2060500	225253600.00
2020/04/22	55.89	59.03	55.32	58.55	3936845	451833600.00
2020/04/23	57.14	57.58	55.88	56.10	2468702	280862752.00
2020/04/24	55.79	56.44	54.40	54.70	1472701	163925936.00
2020/04/27	54.19	56.39	54.17	55.24	1186237	132888976.00
2020/04/28	55.20	55.20	50.24	53.73	2064675	220020736.00
2020/04/29	53.09	56.14	52.90	55.47	1472475	161985680.00
2020/04/30	56.04	59.94	55.76	58.72	2319932	271384320.00
2020/05/06	57.77	60.23	57.58	60.16	2184102	259120880.00
2020/05/07	61.37	66.21	61.34	66.21	3617791	472286176.00
2020/05/08	64.90	67.23	64.74	65.79	2720391	360299776.00
2020/05/11	65.90	67.47	64.93	65.81	1865899	247740752.00
2020/05/12	65.48	66.06	62.15	63.65	2277843	292113760.00
2020/05/13	63.15	64.30	62.49	63.73	1392700	177796752.00
2020/05/14	62.89	63.87	62.19	62.21	1396940	176805040.00
2020/05/15	62.74	64.97	62.74	63.51	1970440	252954000.00
2020/05/18	62.89	62.89	59.08	59.64	2432430	295941760.00
2020/05/19	60.08	63.83	59.90	63.61	2024261	251682912.00
2020/05/20	63.19	64.39	62.20	63.89	1583500	201643616.00
2020/05/21	64.35	64.64	59.88	60.39	1712261	212338528.00
2020/05/22	60.14	61.87	59.03	59.63	1160661	141122736.00
2020/05/25	58.68	59.14	56.15	56.94	1208930	139392624.00
2020/05/26	57.46	60.03	57.21	60.03	1200943	142598384.00
2020/05/27	60.14	61.13	59.04	60.25	1038400	125504280.00
2020/05/28	59.67	60.37	57.99	60.02	913564	108638104.00
2020/05/29	60.03	64.14	58.76	62.12	1578866	196863056.00
2020/06/01	63.25	67.14	62.91	66.38	2184825	286681984.00
2020/06/02	66.14	66.14	64.19	64.79	1629636	213568928.00
2020/06/03	65.21	68.80	64.81	67.21	2409603	325370176.00
2020/06/04	67.37	67.99	66.23	67.39	1358261	183654416.00
2020/06/05	67.14	67.48	64.84	65.72	1427102	189747648.00
2020/06/08	66.19	68.08	64.64	65.48	1132102	151024624.00
2020/06/09	65.46	66.92	64.60	66.86	1258100	166397456.00
2020/06/10	67.58	73.58	67.54	73.58	3197678	460108032.00
2020/06/11	76.64	79.04	75.39	78.14	3696395	571358208.00
2020/06/12	76.20	82.53	75.69	80.56	3438096	548222592.00
2020/06/15	78.64	80.51	76.24	76.42	2515705	393959488.00
2020/06/16	77.16	82.54	77.16	82.54	2629355	422654368.00
2020/06/17	81.98	82.64	79.87	82.32	1632500	266160352.00
2020/06/18	82.13	87.43	78.89	79.04	3023477	504111968.00
2020/06/19	78.50	86.98	78.50	86.98	2405502	401311232.00
2020/06/22	89.14	90.40	85.93	87.14	2390700	422439008.00
2020/06/23	87.51	88.00	85.64	87.24	1474500	256881040.00
2020/06/24	87.25	91.04	85.79	89.16	1770100	314748032.00
2020/06/29	89.14	90.98	87.81	90.90	1512300	271690144.00
2020/06/30	90.55	94.58	87.33	89.03	2566097	468298624.00
2020/07/01	91.63	94.04	89.65	92.40	2283162	420504032.00
2020/07/02	91.14	92.53	87.14	87.82	2246034	402405728.00
2020/07/03	87.39	90.54	85.64	89.09	1482824	262743136.00
2020/07/06	88.64	95.57	88.64	93.72	2176588	403526176.00
2020/07/07	94.52	98.80	92.10	95.96	5283156	505044704.00
2020/07/08	97.00	102.88	95.50	102.50	4719248	473027776.00
2020/07/09	101.50	103.43	99.58	101.86	4123856	417652768.00
2020/07/10	101.96	101.96	94.10	97.45	4767600	467771776.00
2020/07/13	96.20	102.55	96.00	102.19	3948056	393424448.00
2020/07/14	102.27	102.27	96.58	100.68	3763500	372416288.00
2020/07/15	99.24	99.28	93.50	93.50	3498740	337015776.00
2020/07/16	92.94	94.88	88.00	89.30	2715034	250342400.00
2020/07/17	89.32	92.52	88.80	91.60	2412200	218986416.00
2020/07/20	93.20	93.60	88.24	92.30	2198489	199460640.00
2020/07/21	92.78	96.28	91.00	95.51	2395280	226562896.00
2020/07/22	94.99	95.36	93.28	94.05	1722670	162282816.00
2020/07/23	91.23	93.95	90.26	91.85	2029840	186452368.00
2020/07/24	91.78	91.78	82.67	82.67	3697592	317411360.00
2020/07/27	80.11	82.66	77.68	78.45	3102434	246568768.00
2020/07/28	79.45	81.51	77.80	80.80	2022420	161140400.00
2020/07/29	79.72	83.26	79.72	83.24	1660230	135888128.00
2020/07/30	82.81	83.74	80.80	81.33	1668481	137095312.00
2020/07/31	83.65	88.83	83.63	87.46	2756810	238540160.00
2020/08/03	89.00	91.39	87.46	89.21	2504282	222958560.00
2020/08/04	89.21	89.22	86.12	87.00	1787322	156025680.00
2020/08/05	86.21	88.80	86.21	87.34	1211812	106050496.00
2020/08/06	87.13	96.00	84.03	95.12	3898655	351245760.00
2020/08/07	96.00	97.99	93.55	96.08	3790000	363437984.00
2020/08/10	92.80	95.80	90.66	92.50	2953536	274098720.00
2020/08/11	93.50	94.85	88.00	88.37	2193239	200710960.00
2020/08/12	88.48	88.78	79.93	81.50	3420640	284342336.00
2020/08/13	82.00	82.88	80.16	81.09	1801960	146678720.00
2020/08/14	81.10	84.61	81.10	83.85	1890437	157358240.00
2020/08/17	83.85	85.99	83.01	85.50	1599454	135349536.00
2020/08/18	85.50	88.55	85.09	87.58	1658960	143482752.00
2020/08/19	87.00	87.00	84.73	85.67	1310800	112303448.00
2020/08/20	85.88	88.83	83.00	86.96	1367500	118157040.00
2020/08/21	87.99	90.50	87.50	88.00	1790044	159007184.00
2020/08/24	88.00	91.47	86.06	90.22	1851637	165247104.00
2020/08/25	90.66	90.80	86.50	87.60	1673832	148245136.00
2020/08/26	87.61	89.49	86.60	88.72	1442249	127253952.00
2020/08/27	89.78	89.78	81.98	85.80	2265149	192797984.00
2020/08/28	85.00	88.25	84.10	87.56	1507900	130779808.00
2020/08/31	88.05	89.00	85.00	86.00	1583150	138035504.00
2020/09/01	85.44	86.41	83.80	84.60	1412130	119323152.00
2020/09/02	84.00	85.30	82.00	82.90	1570300	130398640.00
2020/09/03	83.36	83.36	81.60	81.80	1034079	84896192.00
2020/09/04	80.40	83.18	78.60	83.12	1141669	93288888.00
2020/09/07	82.48	82.96	80.16	80.40	1065010	86458400.00
2020/09/08	80.00	80.90	79.00	79.30	1016830	81269360.00
2020/09/09	79.24	79.24	71.37	74.08	1746500	130957616.00
2020/09/10	75.45	75.45	70.80	71.18	1244300	90626120.00
2020/09/11	70.40	75.00	69.50	73.90	1080300	77955040.00
2020/09/14	74.00	79.24	74.00	76.83	1513200	115732208.00
2020/09/15	77.00	78.60	76.01	77.38	1020200	79239544.00
2020/09/16	76.00	78.00	76.00	77.48	752542	58201116.00
2020/09/17	77.00	78.48	76.89	77.60	658000	51102700.00
2020/09/18	77.47	78.80	76.50	77.81	1004001	78203880.00
2020/09/21	77.99	79.80	77.88	78.10	728700	57309776.00
2020/09/22	77.57	78.39	76.58	76.99	638501	49435308.00
2020/09/23	76.99	81.48	76.97	79.78	1414581	112442288.00
2020/09/24	78.60	79.58	78.00	78.68	661393	52024188.00
2020/09/25	78.78	80.68	78.20	79.92	814900	64873252.00
2020/09/28	79.25	80.19	78.69	78.78	662450	52605496.00
2020/09/29	78.26	79.00	75.06	76.26	1262100	96778384.00
2020/09/30	76.26	80.11	75.53	78.88	1265054	99495584.00
2020/10/09	81.00	86.77	79.20	86.77	2703120	227536912.00
2020/10/12	87.64	89.00	86.82	88.09	1999755	175152096.00
2020/10/13	88.50	90.09	87.50	88.88	1888261	167358752.00
2020/10/14	97.77	97.77	97.77	97.77	716404	70042816.00
2020/10/15	107.55	107.55	107.55	107.55	571775	61494400.00
2020/10/16	111.00	118.31	111.00	117.77	14318138	1648113408.00
2020/10/19	115.00	115.00	105.99	111.30	9850528	1082986624.00
2020/10/20	110.05	110.12	106.00	109.00	4424442	477703072.00
2020/10/21	109.11	110.00	104.60	105.85	3995763	427998976.00
2020/10/22	105.50	107.66	103.90	106.40	3800201	403629312.00
2020/10/23	106.79	106.79	99.01	101.22	4339786	444897440.00
2020/10/26	100.59	103.20	99.42	101.90	2326633	236756848.00
2020/10/27	101.92	103.58	101.45	102.45	1835712	188156352.00
2020/10/28	103.50	105.46	102.42	102.90	2859315	296102688.00
2020/10/29	100.00	105.55	99.99	102.50	2745873	283623968.00
2020/10/30	102.99	103.30	100.48	100.50	2272810	232389472.00
2020/11/02	101.01	104.80	100.83	104.78	2325600	240093376.00
2020/11/03	104.78	105.87	103.03	104.48	2109700	219734512.00
2020/11/04	105.37	106.89	102.50	103.31	2130799	223270192.00
2020/11/05	105.00	111.20	103.60	110.17	3685439	397544032.00
2020/11/06	110.00	114.30	107.51	113.28	3112200	344259616.00
2020/11/09	115.10	116.91	112.11	113.30	3514712	401221728.00
2020/11/10	111.51	117.00	111.48	112.40	2583343	292763360.00
2020/11/11	111.88	113.97	108.50	109.28	2060200	228488528.00
2020/11/12	109.34	110.79	108.10	109.74	1559900	170624864.00
2020/11/13	109.00	110.74	106.87	107.65	1728642	187649024.00
2020/11/16	108.07	108.79	106.00	106.69	1583999	169875920.00
2020/11/17	106.69	113.60	103.56	112.13	2667022	287915200.00
2020/11/18	111.56	114.80	109.66	113.03	1829500	205132432.00
2020/11/19	113.00	124.00	111.50	122.50	3760652	448494208.00
2020/11/20	122.49	124.66	120.30	124.50	2591412	318624256.00
2020/11/23	124.37	124.50	121.00	122.32	1973900	241748336.00
2020/11/24	121.99	126.21	120.90	122.81	1708860	210104720.00
2020/11/25	121.81	122.80	112.00	112.53	4139300	482413920.00
2020/11/26	111.90	113.00	107.10	109.00	2485879	272653856.00
2020/11/27	109.10	110.00	107.22	108.98	1406500	152838496.00
2020/11/30	109.50	111.39	107.10	108.00	1529500	166364752.00
2020/12/01	107.80	110.00	107.15	108.72	1117252	121285912.00
2020/12/02	110.00	115.00	108.19	113.64	2090600	233193776.00
2020/12/03	113.58	114.39	110.78	112.32	1269700	143103536.00
2020/12/04	112.35	114.10	111.67	113.18	849200	95879568.00
2020/12/07	112.61	115.80	112.59	114.05	979800	111841808.00
2020/12/08	114.09	115.50	112.60	112.71	1148800	131202088.00
2020/12/09	113.00	114.20	109.86	109.86	1188626	133309888.00
2020/12/10	109.18	113.15	108.18	111.36	1122072	124377040.00
2020/12/11	112.00	112.76	102.10	105.66	2729300	290123616.00
2020/12/14	105.00	107.30	104.00	106.85	1266400	134442912.00
2020/12/15	107.70	113.80	106.42	113.61	2047000	228951344.00
2020/12/16	115.00	117.54	111.66	112.30	1988660	227368544.00
2020/12/17	112.90	115.00	111.35	115.00	1411442	160313216.00
2020/12/18	114.49	114.96	111.02	111.30	1486100	166972896.00
2020/12/21	111.81	115.00	111.81	114.95	1643400	187472736.00
2020/12/22	114.11	116.67	110.49	111.28	1730199	196557040.00
2020/12/23	111.23	112.77	109.14	111.61	1242199	137976496.00
2020/12/24	111.00	114.50	108.10	113.00	1749560	195317408.00
2020/12/25	113.50	120.88	113.01	119.66	2756700	325690240.00
2020/12/28	120.87	122.21	117.38	120.86	2073668	247441600.00
2020/12/29	120.05	121.60	108.77	108.92	4153696	464928480.00
2020/12/30	107.96	111.80	106.00	110.66	1838643	201261520.00
2020/12/31	110.90	112.44	109.48	111.10	1528972	169576272.00
2021/01/04	110.50	121.90	110.50	120.63	3002743	351266496.00
2021/01/05	120.01	123.50	115.50	122.92	3335635	401602176.00
2021/01/06	122.50	123.88	118.35	122.00	2212371	266776448.00
2021/01/07	121.46	122.97	115.88	118.29	2409476	286271328.00
2021/01/08	118.18	122.42	116.15	119.71	2210400	264100656.00
2021/01/11	120.00	121.00	112.78	114.11	2419792	282131008.00
2021/01/12	114.11	117.97	111.50	116.65	1866502	214499632.00
2021/01/13	117.17	128.32	115.60	128.32	4259902	528569376.00
2021/01/14	129.97	136.00	128.24	129.99	4629059	610631168.00
2021/01/15	131.17	133.00	122.81	129.74	3386759	431104800.00
数据来源:通达信
