000936 华西股份 日线 前复权
      日期	    开盘	    最高	    最低	    收盘	    成交量	    成交额
2015/09/02	7.47	8.40	7.29	7.29	17382102	137162064.00
2015/09/07	7.50	7.89	7.42	7.52	11633402	92109120.00
2015/09/08	7.44	8.11	7.35	8.06	10869792	87028776.00
2015/09/09	8.22	8.82	8.22	8.62	18656775	164013872.00
2015/09/10	8.37	8.62	8.17	8.20	12222000	106292824.00
2015/09/11	8.32	8.42	8.14	8.37	9512002	81489464.00
2015/09/14	8.45	8.49	7.51	7.51	13186695	107104104.00
2015/09/15	7.10	7.26	6.73	6.73	12356663	89127352.00
2015/09/16	6.75	7.43	6.63	7.41	19878248	144041472.00
2015/09/17	7.26	7.65	7.12	7.13	20728707	158742960.00
2015/09/18	7.24	7.34	6.98	7.14	10474200	77696128.00
2015/09/21	6.98	7.56	6.93	7.55	14598295	110501616.00
2015/09/22	7.56	7.80	7.49	7.67	15282256	120997096.00
2015/09/23	7.50	7.66	7.41	7.49	10390733	80993272.00
2015/09/24	7.60	7.80	7.50	7.68	12683781	100322816.00
2015/09/25	7.64	7.73	7.13	7.25	11164161	86026136.00
2015/09/28	7.29	7.46	7.11	7.43	5608432	42542640.00
2015/09/29	7.28	7.42	7.13	7.19	5915208	44581180.00
2015/09/30	7.30	7.32	7.17	7.21	5387819	40558068.00
2015/10/08	7.47	7.66	7.39	7.62	9194988	72128080.00
2015/10/09	7.58	8.16	7.54	8.02	15923269	130962952.00
2015/10/12	8.12	8.59	8.05	8.52	19133594	165437312.00
2015/10/13	8.51	8.56	8.24	8.55	14353676	125366960.00
2015/10/14	8.50	8.99	8.41	8.52	17834910	159847472.00
2015/10/15	8.47	8.88	8.47	8.87	14513310	130851064.00
2015/10/16	8.88	9.52	8.60	9.22	33967137	313393664.00
2015/10/19	9.22	9.31	8.67	8.90	25118091	234506480.00
2015/10/20	8.87	9.32	8.80	9.17	22250639	209344224.00
2015/10/21	9.15	9.29	8.23	8.23	27478596	249877440.00
2015/10/22	8.27	8.60	8.12	8.57	15989811	138918256.00
2015/10/23	8.59	8.88	8.50	8.78	16351101	146823632.00
2015/10/26	8.95	9.02	8.80	8.92	19117608	175639216.00
2015/10/27	8.90	9.25	8.40	9.19	23467497	216458992.00
2015/10/28	9.32	10.14	9.30	9.70	54357120	550356288.00
2015/10/29	9.62	9.91	9.28	9.74	32638724	322154368.00
2015/10/30	9.73	10.18	9.57	9.85	35743898	365163232.00
2015/11/02	9.44	9.82	9.33	9.60	18231967	180457376.00
2015/11/03	10.12	10.44	9.72	9.78	28652278	295856384.00
2015/11/04	9.57	10.30	9.48	10.25	35047519	356225536.00
2015/11/05	10.11	10.98	10.08	10.61	40985856	442610208.00
2015/11/06	10.48	10.94	10.42	10.84	31123185	343287072.00
2015/11/09	11.72	11.81	11.08	11.35	46578977	546963584.00
2015/11/10	11.35	11.98	11.27	11.75	32457568	389601376.00
2015/11/11	11.76	11.91	11.53	11.85	22720306	272005440.00
2015/11/12	11.96	12.01	11.48	11.62	21151304	252606944.00
2015/11/13	11.34	12.07	11.13	11.85	29611746	352994496.00
2015/11/16	11.62	12.61	11.52	12.58	26322451	328480032.00
2015/11/17	12.82	13.05	12.33	12.47	28907894	374775296.00
2015/11/18	12.67	12.97	12.52	12.57	22357629	290299840.00
2015/11/19	12.60	13.49	12.60	13.48	31902722	427618464.00
2015/11/20	13.51	14.32	13.33	14.31	30563809	430704064.00
2015/11/23	14.47	14.94	13.92	14.01	31902089	468286848.00
2015/11/24	13.93	13.99	13.52	13.87	21106414	295156064.00
2015/11/25	13.74	14.48	13.65	14.18	19409867	278651008.00
2015/11/26	14.16	14.36	13.60	13.65	20656910	291869728.00
2015/11/27	13.57	13.62	12.28	12.52	24004820	319844160.00
2015/11/30	12.62	13.02	11.90	12.91	26170632	338008576.00
2015/12/01	13.12	13.66	12.96	13.37	24007706	326982496.00
2015/12/02	13.47	13.51	12.62	13.14	15133362	200893344.00
2015/12/03	13.20	14.16	13.10	14.11	22874284	321234112.00
2015/12/04	14.00	14.83	13.78	14.24	34604431	506307296.00
2015/12/07	14.27	14.87	14.08	14.50	23787747	352507392.00
2015/12/08	14.87	15.02	13.77	13.91	26415140	383592320.00
2015/12/09	13.65	14.23	13.53	13.79	16252016	229265472.00
2015/12/10	13.87	14.17	13.63	13.87	15844101	225036352.00
2015/12/11	13.85	14.42	13.83	14.00	16139220	232458096.00
2015/12/14	13.78	13.82	13.12	13.74	18381616	253094384.00
2015/12/15	13.74	14.07	13.62	13.99	11704597	165800912.00
2015/12/16	14.02	14.17	13.70	13.77	14021239	197597696.00
2015/12/17	13.87	14.15	13.76	13.91	15484973	219868064.00
2015/12/18	13.92	14.16	13.82	13.96	14553511	207326112.00
2015/12/21	13.97	14.34	13.73	14.26	19952992	285735840.00
2015/12/22	14.28	14.45	13.92	14.15	12332133	177716832.00
2015/12/23	14.17	15.08	14.17	14.62	30982099	463502752.00
2015/12/24	14.62	15.27	14.41	15.11	27174612	412646016.00
2015/12/25	15.02	15.50	14.72	14.94	21729227	334330976.00
2015/12/28	14.95	15.10	13.90	13.92	24662826	364592224.00
2015/12/29	14.03	14.12	13.18	13.57	22788145	313654624.00
2015/12/30	13.62	14.02	13.47	13.97	13254324	186325056.00
2015/12/31	13.97	14.06	13.52	13.64	11897325	166536032.00
2016/01/04	13.64	13.71	12.25	12.26	14637371	193187264.00
2016/01/05	11.57	12.52	11.32	12.37	20736278	253344976.00
2016/01/06	12.60	12.75	12.33	12.59	9492876	121805592.00
2016/01/07	12.26	12.27	11.30	11.30	4006700	47677928.00
2016/01/08	11.62	11.71	10.22	11.06	16116646	183850016.00
2016/01/11	10.97	10.97	9.93	9.93	18540931	195883600.00
2016/01/12	9.82	9.90	9.05	9.22	19265052	187421872.00
2016/01/13	9.50	9.60	8.72	8.72	14244495	135051808.00
2016/01/14	8.32	9.12	8.29	9.01	13840671	124582976.00
2016/01/15	9.02	9.56	8.88	9.19	22504454	213225056.00
2016/01/18	8.72	9.41	8.63	9.21	16140904	150972272.00
2016/01/19	9.22	9.60	9.07	9.52	20867513	200349680.00
2016/01/20	9.50	9.77	9.32	9.55	19183880	188479600.00
2016/01/21	9.33	9.60	8.61	8.64	15631251	149194816.00
2016/01/22	8.85	8.88	8.33	8.69	16097658	143173104.00
2016/01/25	8.77	9.02	8.70	8.86	12559953	114712400.00
2016/01/26	8.74	8.77	7.95	7.95	14595718	126151360.00
2016/01/27	7.95	7.97	7.17	7.53	20101676	156096336.00
2016/01/28	7.40	7.54	7.18	7.33	13380514	102199784.00
2016/01/29	7.31	7.79	7.27	7.65	11393647	89529944.00
2016/02/01	7.62	7.70	7.30	7.54	8537258	66634096.00
2016/02/02	7.56	7.94	7.54	7.83	11564948	93393448.00
2016/02/03	7.72	7.89	7.64	7.84	8117726	65200680.00
2016/02/04	7.84	8.15	7.84	8.10	11648563	96797768.00
2016/02/05	8.14	8.27	8.06	8.10	9638172	81171808.00
2016/02/15	7.72	8.12	7.62	8.02	8656660	70316504.00
2016/02/16	8.07	8.47	8.05	8.43	12172500	104165536.00
2016/02/17	8.40	8.54	8.28	8.50	14055982	122425160.00
2016/02/18	8.56	8.78	8.48	8.55	14184338	126494320.00
2016/02/19	8.54	8.62	8.43	8.59	9340921	82217384.00
2016/02/22	8.73	8.83	8.62	8.74	13224550	118992608.00
2016/02/23	8.75	8.76	8.43	8.62	9562986	84935568.00
2016/02/24	8.54	8.67	8.23	8.62	11342063	99642992.00
2016/02/25	8.57	8.59	7.73	7.73	14427993	120607936.00
2016/02/26	7.72	7.80	7.41	7.52	11321298	89510408.00
2016/02/29	7.42	7.49	6.74	6.79	20672996	148330576.00
2016/03/01	6.82	6.99	6.39	6.88	17578824	123120072.00
2016/03/02	6.77	7.48	6.77	7.42	22275502	164653200.00
2016/03/03	7.37	7.65	7.32	7.44	15952639	124046016.00
2016/03/04	7.41	7.55	6.89	7.12	13247993	100202712.00
2016/03/07	7.19	7.49	7.19	7.42	10342936	78935248.00
2016/03/08	7.42	7.54	7.03	7.53	12380987	93719984.00
2016/03/09	7.32	7.52	7.21	7.32	8664422	66241880.00
2016/03/10	7.40	7.45	7.10	7.16	7676670	58002604.00
2016/03/11	7.06	7.29	6.93	7.13	5615000	41546836.00
2016/03/14	7.25	7.54	7.23	7.46	11471189	88659992.00
2016/03/15	7.58	7.87	7.57	7.62	17504081	139559600.00
2016/03/16	7.63	7.77	7.53	7.68	11880921	94352768.00
2016/03/17	7.68	8.32	7.68	8.16	23590941	195330368.00
2016/03/18	8.17	8.80	8.04	8.75	26103250	226274736.00
2016/03/21	8.91	9.56	8.75	9.24	32585645	305267808.00
2016/03/22	9.06	9.15	8.93	8.98	16263435	151373168.00
2016/03/23	8.97	9.11	8.88	9.02	13148777	121656440.00
2016/03/24	8.96	9.02	8.67	8.71	19394940	176745984.00
2016/03/25	8.67	9.15	8.62	9.13	18890556	174471952.00
2016/03/28	8.99	9.15	8.74	8.86	19021219	175965168.00
2016/03/29	8.82	8.89	8.40	8.50	14530534	129376080.00
2016/03/30	8.60	8.90	8.57	8.86	12572304	112924016.00
2016/03/31	8.95	8.95	8.74	8.78	10323001	93978400.00
2016/04/01	8.82	9.00	8.69	8.90	12109494	110514352.00
2016/04/05	8.98	9.27	8.82	9.22	17631708	164502160.00
2016/04/06	9.11	9.29	9.07	9.20	13103031	123930520.00
2016/04/07	9.26	9.30	8.83	8.84	13895652	129160888.00
2016/04/08	9.02	9.75	8.88	9.51	51322322	503261152.00
2016/04/11	9.30	10.05	9.28	9.78	41723123	415996896.00
2016/04/12	9.65	9.78	9.44	9.72	24068760	236983968.00
2016/04/13	9.78	10.22	9.65	9.84	25612248	260538800.00
2016/04/14	9.87	10.50	9.87	10.28	27288638	286429248.00
2016/04/15	10.29	10.29	9.98	10.12	18802526	194999520.00
2016/04/18	10.02	10.02	9.59	9.72	18746048	188817072.00
2016/04/19	9.84	9.90	9.50	9.64	15768569	156536464.00
2016/04/20	9.74	9.74	8.75	8.94	27808979	260808480.00
2016/04/21	8.89	9.02	8.77	8.78	14772411	134936624.00
2016/04/22	8.71	8.85	8.60	8.85	12531967	112746424.00
2016/04/25	8.75	8.79	8.43	8.75	10325547	91709232.00
2016/04/26	8.65	9.00	8.65	9.00	11520333	104855760.00
2016/04/27	9.00	9.05	8.77	8.86	9158475	83980328.00
2016/04/28	8.89	8.90	8.55	8.79	9143380	81904256.00
2016/04/29	8.75	8.82	8.66	8.75	4483855	40353832.00
2016/05/03	8.78	9.19	8.77	9.15	12931402	120245584.00
2016/05/04	9.20	9.30	9.09	9.17	13225397	124764360.00
2016/05/05	9.10	9.20	9.07	9.20	6740136	63293392.00
2016/05/06	9.19	9.23	8.72	8.76	16541393	151319728.00
2016/05/09	8.56	8.61	8.02	8.12	17128037	145416000.00
2016/05/10	8.14	8.20	8.00	8.15	6640635	55335404.00
2016/05/11	8.21	8.24	7.93	7.97	7196501	59961452.00
2016/05/12	7.74	7.92	7.68	7.88	6061870	48785180.00
2016/05/13	7.86	8.23	7.85	8.06	9374218	77824384.00
2016/05/16	8.05	8.13	7.92	8.12	6389110	52996888.00
2016/05/17	8.13	8.22	8.08	8.10	6083414	51085840.00
2016/05/18	8.05	8.06	7.68	7.80	8283727	67059352.00
2016/05/19	7.77	7.93	7.77	7.85	7902514	64114088.00
2016/05/20	7.75	7.86	7.66	7.85	5832583	46796832.00
2016/05/23	7.86	8.05	7.86	7.97	6207831	50790172.00
2016/07/13	8.79	8.79	8.79	8.79	517496	4678164.00
2016/07/14	9.69	9.69	9.31	9.69	45012825	441987648.00
2016/07/15	9.64	10.23	9.35	9.95	38699554	385815200.00
2016/07/18	9.93	10.40	9.81	10.25	33056003	343610720.00
2016/07/19	10.19	10.40	9.91	10.14	24839421	257246496.00
2016/07/20	10.16	10.18	9.76	9.80	20934729	213454544.00
2016/07/21	9.73	9.89	9.62	9.75	14959347	149264768.00
2016/07/22	9.72	10.00	9.65	9.90	15603946	157011328.00
2016/07/25	9.90	10.11	9.78	9.84	11389017	115795488.00
2016/07/26	9.84	10.00	9.80	10.00	10706802	108903208.00
2016/07/27	10.02	10.13	9.06	9.42	22028701	218268272.00
2016/07/28	9.40	9.60	9.18	9.59	10806761	104841312.00
2016/07/29	9.60	9.60	9.36	9.45	6588521	64139164.00
2016/08/01	9.50	9.84	9.19	9.71	12010573	117410952.00
2016/08/02	9.69	9.72	9.44	9.54	9859233	96720920.00
2016/08/03	9.52	9.61	9.47	9.54	6494350	63558636.00
2016/08/04	9.54	10.12	9.48	10.11	23870452	241884560.00
2016/08/05	10.11	10.11	9.72	9.73	23225763	234342464.00
2016/08/08	9.67	9.97	9.65	9.87	12873724	129733080.00
2016/08/09	9.81	9.95	9.75	9.90	12200992	123334296.00
2016/08/10	9.85	9.87	9.69	9.71	11481612	115061960.00
2016/08/11	9.70	9.72	9.41	9.41	11127343	109003584.00
2016/08/12	9.43	9.60	9.43	9.53	5896926	57526000.00
2016/08/15	9.60	9.84	9.51	9.76	14492230	144548096.00
2016/08/16	9.73	9.90	9.70	9.74	10206893	102341808.00
2016/08/17	9.76	9.82	9.66	9.75	8952195	89433032.00
2016/08/18	9.77	10.15	9.73	10.02	25058129	256591120.00
2016/08/19	10.04	11.04	9.78	10.60	33189089	346678880.00
2016/08/22	10.59	11.03	10.50	10.82	37809170	420294112.00
2016/08/23	10.75	10.75	10.35	10.47	22709030	244733856.00
2016/08/24	10.50	10.86	10.27	10.62	21037189	227878304.00
2016/08/25	10.37	10.49	10.20	10.38	16361839	173386576.00
2016/08/26	10.38	10.56	10.35	10.40	9982491	106710128.00
2016/08/29	10.41	10.49	10.23	10.23	9257792	98002832.00
2016/08/30	10.25	10.31	10.12	10.17	8066311	84440328.00
2016/08/31	10.17	10.29	10.09	10.22	6535966	68141640.00
2016/09/01	10.20	10.23	10.03	10.04	7462335	77442648.00
2016/09/02	10.05	10.16	9.87	9.92	8665987	88849432.00
2016/09/05	9.97	10.15	9.95	10.00	7206118	74251312.00
2016/09/06	10.00	10.20	9.86	10.20	9559335	98648136.00
2016/09/07	10.15	10.34	10.06	10.18	8818983	92517968.00
2016/09/08	10.15	10.87	10.11	10.70	26171159	283549888.00
2016/09/09	10.65	10.68	10.41	10.54	19465046	209766224.00
2016/09/12	10.26	10.37	10.01	10.08	12859891	134562032.00
2016/09/13	10.53	11.11	10.53	10.71	48748113	541829824.00
2016/09/14	10.54	11.52	10.37	11.17	56216398	630059840.00
2016/09/19	11.05	11.43	10.91	11.12	40446630	460337120.00
2016/09/20	11.12	11.70	11.01	11.23	40591621	473880288.00
2016/09/21	11.11	11.43	10.95	10.95	32672354	372690496.00
2016/09/22	11.14	11.35	10.92	11.28	29955675	339903744.00
2016/09/23	11.18	11.21	10.95	10.97	17763449	200663632.00
2016/09/26	10.90	11.02	10.50	10.55	18376964	201471552.00
2016/09/27	10.47	10.68	10.43	10.66	11800748	127307392.00
2016/09/28	10.66	10.84	10.59	10.65	11183565	122672176.00
2016/09/29	10.66	10.80	10.66	10.71	8996467	98708640.00
2016/09/30	10.68	10.79	10.61	10.71	8058068	88102992.00
2016/10/10	10.80	11.05	10.73	11.02	19539650	218183936.00
2016/10/11	11.25	11.51	11.15	11.33	32642602	378151328.00
2016/10/12	11.15	11.39	11.08	11.29	17924101	205765904.00
2016/10/13	11.24	11.33	11.11	11.19	15558833	177922192.00
2016/10/14	11.18	11.18	10.97	11.03	11484562	129718176.00
2016/10/17	11.05	11.22	10.75	10.81	14511710	163035504.00
2016/10/18	10.81	11.02	10.79	11.01	9652736	107581360.00
2016/10/19	11.03	11.13	10.86	10.91	11043233	124024256.00
2016/10/20	10.91	10.93	10.73	10.82	10451805	115571328.00
2016/10/21	10.85	10.99	10.76	10.97	11809086	131588432.00
2016/10/24	10.95	11.08	10.86	11.04	11715987	131722176.00
2016/10/25	11.04	11.08	10.85	10.93	11774561	131608968.00
2016/10/26	10.93	10.94	10.52	10.55	18912381	205963664.00
2016/10/27	10.50	10.68	10.47	10.67	8989425	97194872.00
2016/10/28	10.72	10.72	10.36	10.36	11691760	125770944.00
2016/10/31	10.25	10.60	10.21	10.49	9694235	103649392.00
2016/11/01	10.63	10.83	10.59	10.75	15896210	174730896.00
2016/11/02	10.78	10.78	10.56	10.61	8985688	97874352.00
2016/11/03	10.60	10.70	10.55	10.58	10081032	109511288.00
2016/11/04	10.59	10.64	10.38	10.38	9903882	106184560.00
2016/11/07	10.38	10.50	10.30	10.43	7935207	84704560.00
2016/11/08	10.50	10.53	10.38	10.44	7191026	76850720.00
2016/11/09	10.46	10.47	10.02	10.18	11351281	119114728.00
2016/11/10	10.27	10.38	10.24	10.27	10391693	109479808.00
2016/11/11	10.26	10.48	10.25	10.44	14443707	153327056.00
2016/11/14	10.34	10.41	10.27	10.32	11831892	125021208.00
2016/11/15	10.34	10.44	10.28	10.41	11724522	124316168.00
2016/11/16	10.39	10.54	10.38	10.48	10848836	116227104.00
2016/11/17	10.47	10.47	10.30	10.35	7709286	81794704.00
2016/11/18	10.36	10.38	10.29	10.30	6063564	64133176.00
2016/11/21	10.26	10.34	10.19	10.21	8152800	85750016.00
2016/11/22	10.22	10.40	10.21	10.40	8908374	94096432.00
2016/11/23	10.50	10.84	10.50	10.59	23864719	260273904.00
2016/11/24	10.48	10.72	10.44	10.61	14210089	153657184.00
2016/11/25	10.61	10.77	10.40	10.76	19370710	210572992.00
2016/11/28	10.84	10.90	10.62	10.66	12788665	140147552.00
2016/11/29	10.66	10.67	10.31	10.32	15001370	160967568.00
2016/11/30	10.27	10.39	10.20	10.27	9674365	101906512.00
2016/12/01	10.30	10.34	10.10	10.29	6735198	70695672.00
2016/12/02	10.30	10.30	9.93	9.93	11926497	123075560.00
2016/12/05	9.76	10.02	9.73	9.93	6527017	66391832.00
2016/12/06	9.95	10.02	9.89	9.94	3891481	39674516.00
2016/12/07	9.95	10.13	9.92	10.11	5201492	53559264.00
2016/12/08	10.13	10.16	10.05	10.06	4981010	51588664.00
2016/12/09	10.06	10.12	9.94	9.95	4287025	43974252.00
2016/12/12	9.98	10.00	9.49	9.50	10422583	103576472.00
2016/12/13	9.57	9.59	9.28	9.40	6345241	61351816.00
2016/12/14	9.36	9.45	9.26	9.28	5812234	55845892.00
2016/12/15	9.26	9.61	9.25	9.41	8823960	85364456.00
2016/12/16	9.84	10.38	9.84	10.18	35319425	369839488.00
2016/12/19	9.95	9.95	9.66	9.72	22831661	228528544.00
2016/12/20	9.75	9.80	9.60	9.72	8567755	85113424.00
2016/12/21	9.76	9.97	9.72	9.83	10697047	107927608.00
2016/12/22	9.91	10.83	9.83	10.80	57486780	616291712.00
2016/12/23	10.55	10.65	10.00	10.00	42080608	441917824.00
2016/12/26	9.76	10.03	9.71	9.95	15994686	162285760.00
2016/12/27	9.87	10.04	9.85	10.04	14543438	148030640.00
2016/12/28	9.97	10.06	9.86	9.93	10932221	111551192.00
2016/12/29	9.92	9.92	9.62	9.64	16976808	169681120.00
2016/12/30	9.65	9.74	9.51	9.54	9921650	98059464.00
2017/01/03	9.54	9.67	9.54	9.67	8687658	85768968.00
2017/01/04	9.69	9.84	9.61	9.78	10718764	106938248.00
2017/01/05	9.81	9.89	9.76	9.79	8560545	86093832.00
2017/01/06	9.78	9.84	9.69	9.79	8324099	83257344.00
2017/01/09	9.82	9.89	9.76	9.86	8116604	81936928.00
2017/01/10	9.88	9.88	9.68	9.69	7552778	75590480.00
2017/01/11	9.69	9.74	9.56	9.59	6470385	63950608.00
2017/01/12	9.60	9.65	9.45	9.51	5314000	52012056.00
2017/01/13	9.47	9.53	9.36	9.45	6068232	58899332.00
2017/01/16	9.40	9.44	8.75	9.05	8624459	81478976.00
2017/01/17	9.05	9.12	8.86	9.09	4600198	42738784.00
2017/01/18	9.07	9.14	9.01	9.10	4120868	38523728.00
2017/01/19	9.18	9.42	9.15	9.25	9870673	94235456.00
2017/01/20	9.20	9.31	9.10	9.30	6010311	56994752.00
2017/01/23	9.30	9.52	9.26	9.48	6840418	66052340.00
2017/01/24	9.45	9.48	9.35	9.39	3444714	33247008.00
2017/01/25	9.42	9.46	9.38	9.39	3234909	31263162.00
2017/01/26	9.41	9.46	9.38	9.44	2596763	25147216.00
2017/02/03	9.39	9.45	9.34	9.41	2867819	27677008.00
2017/02/06	9.41	9.52	9.36	9.47	5323894	51652308.00
2017/02/07	9.46	9.49	9.41	9.49	5512589	53468676.00
2017/02/08	9.45	9.55	9.40	9.55	6321110	61489052.00
2017/02/09	9.59	9.62	9.52	9.59	6932500	68076024.00
2017/02/10	9.57	9.59	9.50	9.52	5914486	57917576.00
2017/02/13	9.53	9.73	9.50	9.68	9087210	90150896.00
2017/02/14	9.71	9.72	9.61	9.68	4443476	44040920.00
2017/02/15	9.68	9.78	9.58	9.58	6377306	63406060.00
2017/02/16	9.57	9.63	9.51	9.60	5600823	54964836.00
2017/02/17	9.60	9.74	9.57	9.58	5657537	55917464.00
2017/02/20	9.55	9.64	9.49	9.64	5834326	57360036.00
2017/02/21	9.67	9.83	9.60	9.74	10418970	104141408.00
2017/02/22	9.76	9.79	9.68	9.77	6618500	66137608.00
2017/02/23	9.77	9.81	9.66	9.78	7011918	70106120.00
2017/02/24	9.77	9.80	9.73	9.80	4987629	49956492.00
2017/02/27	9.84	9.99	9.80	9.80	9641180	97915576.00
2017/02/28	9.80	9.91	9.68	9.76	7166088	71733896.00
2017/03/01	9.74	9.85	9.71	9.77	7193283	72115504.00
2017/03/02	9.78	9.80	9.66	9.68	6493270	64625348.00
2017/03/03	9.71	9.77	9.65	9.75	4152706	41391436.00
2017/03/06	9.74	9.80	9.70	9.77	8337876	83383408.00
2017/03/07	9.79	9.91	9.76	9.84	10788236	108731248.00
2017/03/08	9.84	9.84	9.65	9.68	9308210	92811640.00
2017/03/09	9.67	9.68	9.48	9.52	6918049	67742616.00
2017/03/10	9.52	9.61	9.52	9.61	4925663	48420176.00
2017/03/13	9.60	9.60	9.45	9.56	8692329	84834056.00
2017/03/14	9.53	9.58	9.41	9.43	8831984	85877296.00
2017/03/15	9.35	9.42	9.24	9.26	9891579	94421536.00
2017/03/16	9.32	9.37	9.30	9.36	7481341	71807608.00
2017/03/17	9.42	9.42	9.27	9.29	7095625	68024392.00
2017/03/20	9.29	9.36	9.22	9.29	7223294	68791464.00
2017/03/21	9.29	9.33	9.25	9.31	6136961	58588064.00
2017/03/22	9.29	9.29	9.12	9.15	7585592	71533168.00
2017/03/23	9.15	9.17	8.89	9.00	11162569	103659160.00
2017/03/24	9.01	9.07	8.95	9.04	6088168	56395028.00
2017/03/27	9.31	9.39	9.06	9.09	12719914	120149608.00
2017/03/28	9.14	9.22	9.08	9.11	7239134	67941632.00
2017/03/29	9.14	9.15	8.93	8.94	7830617	72389880.00
2017/03/30	8.97	8.97	8.64	8.66	12621690	113517120.00
2017/03/31	8.68	8.77	8.65	8.72	5631759	50477768.00
2017/04/05	8.70	8.82	8.67	8.81	11303761	102107152.00
2017/04/06	8.73	8.83	8.73	8.80	6745128	60986512.00
2017/04/07	8.78	8.94	8.76	8.92	8421872	76897208.00
2017/04/10	8.92	8.93	8.81	8.81	7115501	64712968.00
2017/04/11	8.84	8.84	8.71	8.84	7254762	65489436.00
2017/04/12	8.84	8.88	8.77	8.86	6395989	58162404.00
2017/04/13	8.90	9.05	8.90	8.93	9011584	82968936.00
2017/04/14	8.93	8.93	8.76	8.78	6114456	55522996.00
2017/04/17	8.77	8.78	8.48	8.58	6781063	60280888.00
2017/04/18	8.60	8.64	8.47	8.48	6155872	54106288.00
2017/04/19	8.46	8.46	8.06	8.18	9017426	76100752.00
2017/04/20	8.14	8.20	7.93	8.00	6318888	52479236.00
2017/04/21	8.02	8.08	7.98	8.05	4264299	35287684.00
2017/04/24	8.03	8.03	7.63	7.65	8260065	66284832.00
2017/04/25	7.67	7.75	7.61	7.66	6285118	49869292.00
2017/04/26	7.66	7.71	7.65	7.69	3458833	27420820.00
2017/04/27	7.61	7.69	7.36	7.64	7907314	61502848.00
2017/04/28	7.64	7.87	7.57	7.85	6271619	50342276.00
2017/05/02	7.86	7.86	7.65	7.67	6818316	54409932.00
2017/05/03	7.40	7.58	7.37	7.51	9962684	76895208.00
2017/05/04	7.50	7.62	7.45	7.46	5117842	39801048.00
2017/05/05	7.48	7.54	7.41	7.41	4758026	36805668.00
2017/05/08	7.36	7.45	7.32	7.33	4009506	30603082.00
2017/05/09	7.33	7.43	7.20	7.40	4765733	36089884.00
2017/05/10	7.47	7.52	7.11	7.14	8414052	63484236.00
2017/05/11	7.00	7.10	6.76	7.06	7570485	54388744.00
2017/05/12	7.06	7.12	6.99	7.02	4820618	34653572.00
2017/05/15	7.03	7.09	7.00	7.02	3014504	21571522.00
2017/05/16	7.05	7.13	6.88	7.13	5196924	37042360.00
2017/05/17	7.12	7.20	7.09	7.15	5240136	38184724.00
2017/05/18	7.08	7.16	7.02	7.04	3993800	28819534.00
2017/05/19	7.04	7.07	6.91	6.98	4425406	31456294.00
2017/05/22	6.98	7.00	6.80	6.81	5343090	37498284.00
2017/05/23	6.74	6.80	6.48	6.49	8353511	56316048.00
2017/05/24	6.48	6.50	6.30	6.47	6084648	39826992.00
2017/05/25	6.51	6.62	6.37	6.57	5512484	36539192.00
2017/05/26	6.59	6.65	6.54	6.62	3710308	25005110.00
2017/05/31	6.72	6.75	6.58	6.58	3839600	26086866.00
2017/06/01	6.58	6.73	6.49	6.60	7748588	52439948.00
2017/06/02	6.57	6.74	6.52	6.70	6021447	40760900.00
2017/06/05	6.70	6.75	6.67	6.74	4265689	29233688.00
2017/06/06	6.75	6.81	6.69	6.81	4896989	33717204.00
2017/06/07	6.81	6.99	6.81	6.98	5626733	39636204.00
2017/06/08	6.99	7.03	6.93	6.95	5664287	40293416.00
2017/06/09	7.01	7.01	6.91	6.94	3909296	27692638.00
2017/06/12	6.94	6.94	6.81	6.81	4146728	28930046.00
2017/06/13	6.77	6.96	6.77	6.93	3452612	24273588.00
2017/06/14	6.92	6.94	6.87	6.90	3083193	21671562.00
2017/06/15	6.85	7.03	6.84	7.00	5770791	40958596.00
2017/06/16	7.01	7.06	6.98	7.00	3464074	24724518.00
2017/06/19	6.96	7.03	6.87	7.00	4415650	31332888.00
2017/06/20	7.02	7.05	6.97	6.99	3628641	25911150.00
2017/06/21	7.02	7.05	6.96	7.05	4098677	29291580.00
2017/06/22	7.06	7.06	6.84	6.84	5480052	38912760.00
2017/06/23	6.81	6.89	6.69	6.81	4390111	30388932.00
2017/06/26	6.81	6.92	6.80	6.91	3536117	24720430.00
2017/06/27	6.91	6.97	6.89	6.93	3936098	27799628.00
2017/06/28	6.93	7.04	6.91	6.96	4591909	32622496.00
2017/06/29	6.96	7.00	6.92	6.94	3384257	23968792.00
2017/06/30	6.94	6.94	6.84	6.89	3098496	21710630.00
2017/07/03	6.89	6.99	6.85	6.98	3785172	26752996.00
2017/07/04	6.99	7.01	6.92	6.97	3110553	22079870.00
2017/07/05	6.96	7.01	6.95	7.01	4167455	29667802.00
2017/07/06	7.01	7.07	6.97	7.06	6022490	43134496.00
2017/07/07	7.04	7.13	6.97	7.13	7416312	53169224.00
2017/07/10	7.08	7.35	7.04	7.32	10702889	78696160.00
2017/07/11	7.29	7.33	7.15	7.15	8605700	63228412.00
2017/07/12	7.16	7.17	6.95	7.00	5956762	42639948.00
2017/07/13	7.00	7.11	6.95	7.10	6847603	49036192.00
2017/07/14	7.10	7.11	7.03	7.09	4586065	33038224.00
2017/07/17	7.05	7.09	6.37	6.68	8208111	57217812.00
2017/07/18	6.65	6.86	6.65	6.81	4936808	34087540.00
2017/07/19	6.84	6.98	6.78	6.98	5580370	39246652.00
2017/07/20	7.07	7.62	7.05	7.36	17674645	132024888.00
2017/07/21	7.28	7.32	7.17	7.25	9008859	66367280.00
2017/07/24	7.19	7.38	7.19	7.28	8352643	62049384.00
2017/07/25	7.25	7.28	7.07	7.17	7293019	53149500.00
2017/07/26	7.15	7.35	7.09	7.34	7456849	54914012.00
2017/07/27	7.30	7.52	7.28	7.41	11270009	85227800.00
2017/07/28	7.41	7.46	7.34	7.41	5399748	40758640.00
2017/07/31	7.39	7.48	7.37	7.43	6133163	46340128.00
2017/08/01	7.44	7.52	7.22	7.28	9692078	72428944.00
2017/08/02	7.24	7.30	7.08	7.10	7601772	55742944.00
2017/08/03	7.09	7.22	7.07	7.16	4573923	33324366.00
2017/08/04	7.14	7.29	7.09	7.22	7286614	53494400.00
2017/08/07	7.19	7.25	7.13	7.23	4580979	33613284.00
2017/08/08	7.20	7.26	7.14	7.17	5404102	39557384.00
2017/08/09	7.17	7.17	7.05	7.06	5365400	38750964.00
2017/08/10	7.06	7.10	6.98	7.03	5179161	37161220.00
2017/08/11	7.01	7.01	6.86	6.87	6243001	44118408.00
2017/08/14	6.87	6.99	6.83	6.98	4053980	28653466.00
2017/08/15	6.98	7.05	6.92	6.96	3197595	22702412.00
2017/08/16	6.94	6.99	6.91	6.98	3585908	25394294.00
2017/08/17	6.97	7.09	6.95	7.08	5663354	40546632.00
2017/08/18	7.08	7.10	7.01	7.09	5214248	37466008.00
2017/08/21	7.11	7.13	7.01	7.09	4703727	33863376.00
2017/08/22	7.05	7.15	7.02	7.12	6092005	43908976.00
2017/08/23	7.11	7.11	7.02	7.05	3569581	25644838.00
2017/08/24	7.05	7.05	6.91	6.92	3863391	27431438.00
2017/08/25	6.92	7.01	6.90	7.00	3750638	26631390.00
2017/08/28	7.02	7.21	7.00	7.20	10465767	76072888.00
2017/08/29	7.25	7.43	7.21	7.38	20947301	156323888.00
2017/08/30	7.85	8.13	7.49	7.54	31603641	248329552.00
2017/08/31	7.33	7.73	7.33	7.53	20495742	157052656.00
2017/09/01	7.43	7.56	7.38	7.40	13297262	100542472.00
2017/09/04	7.37	7.41	7.27	7.35	8180141	61041428.00
2017/09/05	7.32	7.40	7.30	7.32	5517547	41230528.00
2017/09/06	7.28	7.38	7.24	7.33	6533164	48706256.00
2017/09/07	7.34	7.39	7.18	7.20	10840907	80077264.00
2017/09/08	7.22	7.25	7.13	7.23	7870127	57650184.00
2017/09/11	7.21	7.26	7.17	7.23	6999939	51470420.00
2017/09/12	7.24	7.41	7.18	7.36	13634600	101162248.00
2017/09/13	7.34	7.35	7.22	7.30	6905620	51117044.00
2017/09/14	7.29	7.32	7.20	7.23	5699200	42065856.00
2017/09/15	7.23	7.27	7.18	7.20	4657000	34213260.00
2017/09/18	7.20	7.27	7.18	7.25	3848105	28308946.00
2017/09/19	7.25	7.29	7.19	7.23	4934190	36376852.00
2017/09/20	7.20	7.25	7.17	7.24	4792221	35203628.00
2017/09/21	7.23	7.23	7.12	7.13	4663201	34100240.00
2017/09/22	7.15	7.15	7.03	7.04	5060063	36374972.00
2017/09/25	7.07	7.10	6.96	6.97	3970980	28430822.00
2017/09/26	7.06	7.13	6.97	6.99	4558900	32698122.00
2017/09/27	6.93	6.99	6.86	6.96	6686382	47153672.00
2017/09/28	6.96	6.97	6.87	6.88	4079323	28741754.00
2017/09/29	6.89	6.95	6.87	6.92	3123400	22016148.00
2017/10/09	6.99	7.03	6.94	6.99	4657991	33127760.00
2017/10/10	6.97	7.04	6.96	7.04	5966022	42517968.00
2017/10/11	7.03	7.07	7.00	7.01	4142218	29668558.00
2017/10/12	7.03	7.06	6.96	6.98	4405700	31463424.00
2017/10/13	6.99	7.05	6.96	7.03	4039664	28832752.00
2017/10/16	7.03	7.05	6.89	6.94	4316500	30605612.00
2017/10/17	6.90	6.95	6.87	6.91	2970400	20892488.00
2017/10/18	6.92	6.94	6.77	6.77	4283850	29968510.00
2017/10/19	6.82	6.84	6.65	6.67	5179210	35509008.00
2017/10/20	6.68	6.82	6.68	6.80	3562445	24536206.00
2017/10/23	6.81	6.91	6.80	6.86	3111714	21744670.00
2017/10/24	6.89	6.89	6.74	6.80	2442300	16932258.00
2017/10/25	6.78	6.82	6.73	6.80	2530947	17486674.00
2017/10/26	6.79	6.82	6.69	6.78	3843800	26509490.00
2017/10/27	6.79	6.82	6.74	6.76	3962427	27347760.00
2017/10/30	6.73	6.73	6.47	6.53	6052847	40563884.00
2017/10/31	6.54	6.59	6.46	6.57	4130850	27511514.00
2017/11/01	6.50	6.55	6.45	6.47	5862124	38833080.00
2017/11/02	6.49	6.49	6.32	6.35	4849985	31617982.00
2017/11/03	6.37	6.41	6.20	6.25	5379833	34457744.00
2017/11/06	6.22	6.31	6.18	6.29	3729128	23745350.00
2017/11/07	6.29	6.34	6.23	6.28	4521151	29019196.00
2017/11/08	6.30	6.43	6.27	6.38	4458031	28938414.00
2017/11/09	6.34	6.40	6.34	6.37	2827400	18366676.00
2017/11/10	6.35	6.37	6.25	6.27	4864534	31286430.00
2017/11/13	6.59	6.91	6.59	6.64	25583798	175721808.00
2017/11/14	6.48	6.56	6.39	6.45	15939134	105275112.00
2017/11/15	6.42	6.49	6.34	6.38	8092336	52877040.00
2017/11/16	6.54	6.97	6.53	6.84	30122088	208369504.00
2017/11/17	6.80	7.29	6.67	7.10	45739526	328166496.00
2017/11/20	6.97	7.33	6.97	7.21	32159925	234423648.00
2017/11/21	7.09	7.22	6.98	7.15	20267351	146457808.00
2017/11/22	7.14	7.14	6.86	7.03	22261334	158321344.00
2017/11/23	6.99	7.03	6.68	6.75	15755549	110215176.00
2017/11/24	6.76	7.44	6.76	7.41	47441271	348570592.00
2017/11/27	7.39	7.66	7.18	7.21	36925457	277341664.00
2017/11/28	7.32	7.53	7.20	7.42	26783071	200673360.00
2017/11/29	7.72	8.05	7.55	7.89	60510422	482313760.00
2017/11/30	7.79	8.36	7.63	8.08	56963130	463798112.00
2017/12/01	7.99	8.19	7.90	7.94	35281450	287105984.00
2017/12/04	7.90	8.25	7.69	7.74	39734935	322410464.00
2017/12/05	7.77	7.96	7.53	7.77	36291632	285769216.00
2017/12/06	7.74	8.00	7.62	7.99	32616772	258486880.00
2017/12/07	7.91	7.96	7.59	7.59	26789932	212007760.00
2017/12/08	7.53	7.89	7.38	7.79	28878170	225475152.00
2017/12/11	7.72	7.77	7.60	7.71	19589452	152759952.00
2017/12/12	7.73	7.84	7.56	7.58	19636707	153804112.00
2017/12/13	7.49	7.59	7.17	7.33	37661925	280579040.00
2017/12/14	7.32	7.38	7.17	7.38	21673425	160198432.00
2017/12/15	7.33	7.37	7.21	7.26	16579465	122854560.00
2017/12/18	7.28	7.31	6.91	7.01	19122694	137510112.00
2017/12/19	6.98	7.23	6.97	7.22	16872304	122146096.00
2017/12/20	7.17	7.35	7.12	7.26	18903647	139547840.00
2017/12/21	7.23	7.23	6.90	7.03	24665156	175862000.00
2017/12/22	6.98	6.98	6.68	6.68	24179530	167484304.00
2017/12/25	6.65	6.74	6.44	6.48	17511962	117445576.00
2017/12/26	6.52	6.59	6.44	6.53	11091667	73808144.00
2017/12/27	6.52	6.55	6.42	6.50	10765688	71253560.00
2017/12/28	6.52	6.80	6.47	6.73	16103625	108926112.00
2017/12/29	6.67	6.68	6.56	6.62	11057240	74668744.00
2018/01/02	6.60	6.70	6.58	6.66	7750440	52528156.00
2018/01/03	6.66	6.70	6.57	6.66	10937996	73956144.00
2018/01/04	6.65	6.79	6.62	6.70	11816789	80861776.00
2018/01/05	6.74	6.74	6.61	6.65	8742357	59272256.00
2018/01/08	6.61	6.61	6.44	6.57	9056621	60360368.00
2018/01/09	6.57	6.58	6.49	6.55	5733488	38257524.00
2018/01/10	6.55	6.59	6.44	6.51	8000803	53181520.00
2018/01/11	6.48	6.61	6.47	6.59	7721369	51746544.00
2018/01/12	6.60	6.60	6.50	6.51	5609293	37410084.00
2018/01/15	6.52	6.54	6.21	6.26	11579965	74611984.00
2018/01/16	6.20	6.43	6.19	6.34	6609934	42704736.00
2018/01/17	6.32	6.62	6.22	6.59	15295387	101347744.00
2018/01/18	6.57	6.60	6.51	6.55	6438054	42991048.00
2018/01/19	6.56	6.66	6.53	6.58	7413956	49825152.00
2018/01/22	6.56	6.57	6.47	6.56	6225893	41419824.00
2018/01/23	6.55	6.64	6.53	6.58	5494261	36905252.00
2018/01/24	6.56	6.68	6.46	6.63	11043027	73871432.00
2018/01/25	6.68	7.15	6.63	6.88	22538484	158974768.00
2018/01/26	6.82	6.88	6.73	6.83	8631480	59862236.00
2018/01/29	6.83	6.83	6.64	6.67	7955143	54515536.00
2018/01/30	6.66	6.74	6.60	6.66	4973630	33822940.00
2018/01/31	6.63	6.67	6.36	6.39	7939635	52650448.00
2018/02/01	6.40	6.45	6.02	6.06	10030309	63607412.00
2018/02/02	6.07	6.13	5.88	5.92	8227686	50322708.00
2018/02/05	5.81	5.93	5.72	5.88	4639071	27798228.00
2018/02/06	5.77	5.84	5.65	5.75	6958341	40835836.00
2018/02/07	5.82	5.85	5.67	5.80	4334301	25610190.00
2018/02/08	5.80	5.89	5.79	5.87	3448151	20637658.00
2018/02/09	5.72	5.82	5.57	5.64	4761086	27772386.00
2018/02/12	5.72	5.77	5.68	5.72	2851801	16702557.00
2018/02/13	5.76	5.81	5.72	5.74	2788510	16421647.00
2018/02/14	5.73	5.77	5.71	5.74	1859105	10910291.00
2018/02/22	5.76	5.89	5.76	5.87	3393652	20202476.00
2018/02/23	5.87	5.88	5.81	5.87	2789900	16669549.00
2018/02/26	5.88	6.05	5.87	6.02	4259070	25951636.00
2018/02/27	6.03	6.17	5.97	6.07	5836568	36317144.00
2018/02/28	6.02	6.12	5.98	6.04	3907540	24087304.00
2018/03/01	6.05	6.36	6.00	6.33	11047137	70463512.00
2018/03/02	6.24	6.98	6.21	6.98	35779058	249482864.00
2018/03/05	7.27	7.35	6.98	7.21	59891677	439689632.00
2018/03/06	7.07	7.14	6.89	7.08	38967536	277840832.00
2018/03/07	7.00	7.20	6.95	7.08	30785672	222090656.00
2018/03/08	6.99	7.06	6.85	6.94	22418125	158572240.00
2018/03/09	6.92	7.19	6.82	7.04	29274324	209656944.00
2018/03/12	7.31	7.75	7.15	7.50	52036057	392328256.00
2018/03/13	7.45	8.25	7.45	7.75	69661314	557041408.00
2018/03/14	7.79	8.17	7.67	8.01	68419475	554885888.00
2018/03/15	7.75	7.97	7.49	7.84	55510782	436485920.00
2018/03/16	8.10	8.62	8.00	8.23	90216235	755820800.00
2018/03/19	7.97	8.03	7.67	7.81	55417851	441358624.00
2018/03/20	7.67	7.72	7.48	7.65	39703317	306297376.00
2018/03/21	7.67	7.83	7.39	7.40	41374282	322454272.00
2018/03/22	7.40	7.63	7.32	7.47	28815860	218759600.00
2018/03/23	7.02	7.24	6.71	6.80	39932974	284126208.00
2018/03/26	6.72	7.11	6.70	7.10	28495948	202996544.00
2018/03/27	7.29	7.66	7.19	7.55	40817471	308064992.00
2018/03/28	7.39	7.64	7.18	7.23	33961326	254910640.00
2018/03/29	7.30	7.46	7.21	7.38	20130389	150230864.00
2018/03/30	7.43	7.71	7.33	7.60	33702967	258844368.00
2018/04/02	8.35	8.37	8.04	8.09	90788962	761571200.00
2018/04/03	7.85	8.34	7.81	8.22	65011192	538397696.00
2018/04/04	8.07	8.16	7.56	7.67	54335052	433893536.00
2018/04/09	7.49	7.52	7.23	7.47	35864571	268854784.00
2018/04/10	7.44	7.57	7.28	7.45	27954852	210578192.00
2018/04/11	7.45	7.69	7.40	7.48	27718045	213064960.00
2018/04/12	7.48	7.64	7.37	7.39	16510081	125677400.00
2018/04/13	7.44	7.55	7.37	7.39	15958398	120877088.00
2018/04/16	7.35	7.37	7.18	7.25	14782008	109047296.00
2018/04/17	7.25	7.28	6.99	6.99	17920085	130129824.00
2018/04/18	7.10	7.43	6.99	7.37	25385635	186742112.00
2018/04/19	7.37	7.65	7.28	7.45	23843913	181618128.00
2018/04/20	7.43	7.80	7.34	7.67	38134037	295857632.00
2018/04/23	7.87	8.23	7.66	7.80	41657700	336128864.00
2018/04/24	7.70	8.04	7.61	7.94	31451829	249913440.00
2018/04/25	7.81	8.14	7.76	7.93	31940133	258295296.00
2018/04/26	7.91	7.97	7.53	7.53	26627379	209002352.00
2018/04/27	7.64	7.68	7.37	7.47	15522051	118536464.00
2018/05/02	7.37	7.46	7.13	7.22	16112687	119037848.00
2018/05/03	7.25	7.51	7.17	7.50	16824833	125905480.00
2018/05/04	7.46	7.65	7.44	7.56	14643655	112553664.00
2018/05/07	7.76	7.87	7.60	7.63	16664002	130376608.00
2018/05/08	7.59	8.32	7.57	8.13	43423746	350538464.00
2018/05/09	8.05	8.10	7.80	7.93	27868443	224391936.00
2018/05/10	7.90	8.00	7.83	7.97	17955312	144288432.00
2018/05/11	7.97	8.16	7.85	7.85	27278931	222059568.00
2018/05/14	7.77	7.96	7.67	7.96	17750471	141274896.00
2018/05/15	7.88	8.01	7.78	7.98	16113763	129581016.00
2018/05/16	7.93	8.35	7.89	8.13	38311037	318288608.00
2018/05/17	8.11	8.38	8.02	8.35	35705338	298165792.00
2018/05/18	8.37	8.47	8.14	8.25	29343614	246141600.00
2018/05/21	8.44	8.57	8.07	8.09	41564794	350605312.00
2018/05/22	8.07	8.12	7.86	8.05	26604505	215616528.00
2018/05/23	8.00	8.39	7.93	8.34	35830080	298779040.00
2018/05/24	8.33	8.34	8.02	8.03	23910095	198034560.00
2018/05/25	7.97	8.08	7.75	7.75	22549123	180964048.00
2018/05/28	7.73	8.11	7.69	7.97	20200040	163431744.00
2018/05/29	8.02	8.15	7.92	8.07	15816338	129124296.00
2018/05/30	8.07	8.07	7.37	7.47	22715625	180908288.00
2018/05/31	7.59	7.77	7.54	7.71	17865191	139310336.00
2018/06/01	7.65	7.70	7.14	7.33	26164938	197137808.00
2018/06/04	7.40	7.44	7.22	7.26	10149477	75344536.00
2018/06/05	7.27	7.42	7.24	7.40	7794469	58373784.00
2018/06/06	7.41	7.58	7.37	7.42	10612686	80642208.00
2018/06/07	7.48	7.67	7.45	7.59	16069330	124155696.00
2018/06/08	7.59	7.74	7.49	7.72	18929941	146919232.00
2018/06/11	7.67	7.69	7.22	7.26	19020390	142980160.00
2018/06/12	7.26	7.35	6.98	7.15	14825221	107584640.00
2018/06/13	7.10	7.15	6.76	6.78	20222306	142507824.00
2018/06/14	6.72	6.89	6.67	6.73	8189282	56546652.00
2018/06/15	6.73	6.85	6.48	6.50	11262684	76066600.00
2018/06/19	6.49	6.51	5.84	5.92	17029139	107114096.00
2018/06/20	5.92	6.14	5.87	6.08	11787674	72678528.00
2018/06/21	6.09	6.20	5.75	5.78	12906371	78296080.00
2018/06/22	5.75	5.97	5.74	5.95	8526752	51401924.00
2018/06/25	6.01	6.08	5.91	5.92	5770600	35286916.00
2018/06/26	5.83	6.03	5.75	6.01	7075244	42954240.00
2018/06/27	5.99	6.10	5.95	5.97	7143101	43917360.00
2018/06/28	5.95	6.00	5.68	5.77	11630212	69340024.00
2018/06/29	5.78	5.98	5.68	5.96	9144755	54826492.00
2018/07/02	5.96	6.14	5.91	5.96	11780391	72552512.00
2018/07/03	5.97	6.12	5.86	6.08	9760101	60004160.00
2018/07/04	6.09	6.09	5.82	5.86	8752108	53034984.00
2018/07/05	5.82	5.93	5.73	5.74	6061830	36118084.00
2018/07/06	5.81	5.87	5.54	5.72	7645685	44765052.00
2018/07/09	5.78	5.84	5.73	5.84	5337149	31482502.00
2018/07/10	5.82	5.93	5.82	5.89	5728600	34252900.00
2018/07/11	5.79	5.79	5.54	5.66	8504253	49224952.00
2018/07/12	5.66	5.91	5.66	5.86	7403846	43697604.00
2018/07/13	5.84	6.15	5.79	5.93	11864771	72319904.00
2018/07/16	5.91	5.96	5.81	5.86	6105299	36386396.00
2018/07/17	5.91	5.94	5.80	5.94	5434688	32419390.00
2018/07/18	5.95	5.97	5.84	5.84	5375500	32302708.00
2018/07/19	5.84	5.84	5.67	5.69	5929107	34583312.00
2018/07/20	5.72	5.87	5.64	5.85	6214835	36626012.00
2018/07/23	5.85	6.09	5.81	5.97	8355605	50651476.00
2018/07/24	6.05	6.29	5.94	6.15	14864377	92338928.00
2018/07/25	6.20	6.35	6.03	6.06	14321050	89649544.00
2018/07/26	6.05	6.08	5.96	6.06	7298514	44679876.00
2018/07/27	6.05	6.05	5.92	5.93	6187512	37558784.00
2018/07/30	5.86	5.92	5.76	5.78	7285758	43131716.00
2018/07/31	5.78	5.82	5.75	5.79	3278300	19300616.00
2018/08/01	5.79	5.86	5.69	5.70	4586100	26926420.00
2018/08/02	5.65	5.68	5.33	5.51	7593425	42711976.00
2018/08/03	5.50	5.52	5.40	5.40	3978901	22036250.00
2018/08/06	5.42	5.46	5.18	5.18	4836300	26156336.00
2018/08/07	5.25	5.33	5.15	5.32	3430970	18374760.00
2018/08/08	5.34	5.34	5.18	5.20	3861700	20677432.00
2018/08/09	5.21	5.42	5.18	5.36	5543500	30123820.00
2018/08/10	5.36	5.39	5.32	5.38	3299482	17997998.00
2018/08/13	5.30	5.46	5.22	5.44	4927572	26888316.00
2018/08/14	5.40	5.44	5.37	5.42	2535270	13962574.00
2018/08/15	5.43	5.43	5.28	5.29	3155400	17137780.00
2018/08/16	5.30	5.35	5.20	5.27	2845400	15298883.00
2018/08/17	5.29	5.36	5.23	5.27	4080800	22014510.00
2018/08/20	5.32	5.55	5.32	5.50	8545820	47448212.00
2018/08/21	5.44	5.48	5.39	5.46	5562300	30773388.00
2018/08/22	5.42	5.42	5.27	5.27	3931700	21374848.00
2018/08/23	5.27	5.32	5.22	5.25	3249070	17420676.00
2018/08/24	5.27	5.27	5.20	5.22	2419400	12881920.00
2018/08/27	5.22	5.32	5.22	5.28	3257300	17513064.00
2018/08/28	5.27	5.30	5.24	5.28	3318200	17801818.00
2018/08/29	5.26	5.27	5.21	5.25	2814300	15036178.00
2018/08/30	5.25	5.26	5.13	5.13	3433910	18155568.00
2018/08/31	5.15	5.22	5.10	5.17	2822200	14799715.00
2018/09/03	5.16	5.16	4.97	5.07	3442365	17697116.00
2018/09/04	5.07	5.16	5.03	5.12	2592920	13480781.00
2018/09/05	5.11	5.13	5.00	5.00	2418120	12500238.00
2018/09/06	5.01	5.06	4.94	4.95	2475900	12617569.00
2018/09/07	4.98	5.06	4.96	5.01	3191500	16343955.00
2018/09/10	5.05	5.05	4.94	4.94	2658800	13570550.00
2018/09/11	4.94	5.02	4.94	5.01	2463700	12544616.00
2018/09/12	5.03	5.10	4.98	5.05	3368000	17300900.00
2018/09/13	5.06	5.13	5.00	5.12	4315201	22309694.00
2018/09/14	5.14	5.24	5.09	5.16	7276700	38384500.00
2018/09/17	5.12	5.18	4.96	4.96	4863601	25027200.00
2018/09/18	4.94	5.03	4.91	5.03	2924800	14857513.00
2018/09/19	5.05	5.11	5.01	5.06	3935900	20321268.00
2018/09/20	5.06	5.09	5.01	5.02	2835600	14588267.00
2018/09/21	5.02	5.12	5.01	5.11	4548600	23573352.00
2018/09/25	5.07	5.15	4.99	5.02	5045600	26057316.00
2018/09/26	5.04	5.12	5.00	5.10	5847920	30176728.00
2018/09/27	5.16	5.24	4.99	5.02	8106464	42212236.00
2018/09/28	5.02	5.04	4.98	5.03	3892635	19913508.00
2018/10/08	4.95	4.98	4.81	4.83	5875500	29274980.00
2018/10/09	4.90	4.94	4.83	4.86	3025600	15093829.00
2018/10/10	4.88	4.89	4.81	4.85	2550714	12632273.00
2018/10/11	4.69	4.71	4.36	4.38	7696800	35533240.00
2018/10/12	4.36	4.44	4.10	4.32	6159074	26807908.00
2018/10/15	4.37	4.38	4.26	4.28	2724926	12059521.00
2018/10/16	4.30	4.33	4.10	4.11	3310000	14231832.00
2018/10/17	4.19	4.20	4.10	4.19	3113400	13254084.00
2018/10/18	4.15	4.15	4.03	4.10	4083015	17064258.00
2018/10/19	4.05	4.26	4.00	4.22	5041475	21297390.00
2018/10/22	4.30	4.54	4.25	4.43	8197763	36860724.00
2018/10/23	4.40	4.44	4.31	4.33	5677675	25434344.00
2018/10/24	4.29	4.46	4.29	4.37	5240998	23451674.00
2018/10/25	4.22	4.37	4.18	4.34	4191998	18301248.00
2018/10/26	4.37	4.47	4.36	4.38	4592223	20691044.00
2018/10/29	4.34	4.45	4.33	4.35	3084670	13782250.00
2018/10/30	4.33	4.52	4.30	4.48	5985975	27100830.00
2018/10/31	4.45	4.54	4.42	4.50	7847765	35929280.00
2018/11/01	4.61	4.69	4.50	4.51	11534190	54203804.00
2018/11/02	4.56	4.62	4.53	4.61	9187380	43073156.00
2018/11/05	4.60	5.08	4.58	5.08	23492694	117463104.00
2018/11/06	5.51	5.60	5.30	5.60	52803575	295678112.00
2018/11/07	5.70	5.87	5.36	5.37	51196660	289460480.00
2018/11/08	5.35	5.90	5.30	5.54	52334582	298528256.00
2018/11/09	5.40	5.67	5.37	5.48	37239809	208911856.00
2018/11/12	5.45	5.86	5.40	5.67	37265293	213883504.00
2018/11/13	5.57	6.18	5.53	5.88	55221347	330295264.00
2018/11/14	5.75	6.10	5.66	5.91	42814847	256218272.00
2018/11/15	6.07	6.51	6.01	6.51	72058696	468074208.00
2018/11/16	6.50	7.07	6.36	6.96	78059461	534860864.00
2018/11/19	6.97	7.18	6.56	6.70	61081761	423978688.00
2018/11/20	6.50	6.54	6.20	6.39	44201884	286308736.00
2018/11/21	6.38	6.83	6.34	6.60	46362942	310172384.00
2018/11/22	6.58	6.60	6.31	6.48	36874747	242198880.00
2018/11/23	6.15	6.27	5.82	5.83	45495800	276936256.00
2018/11/26	5.90	6.14	5.85	6.09	33974521	207803184.00
2018/11/27	6.20	6.71	6.02	6.71	44634376	285915104.00
2018/11/28	6.60	6.82	6.16	6.33	55450456	360468192.00
2018/11/29	6.30	6.97	6.22	6.64	113751136	782711872.00
2018/11/30	6.64	6.90	6.15	6.42	87042770	571573312.00
2018/12/03	6.58	7.07	6.45	7.07	100886267	709719296.00
2018/12/04	7.00	7.70	6.82	7.24	103043647	747710080.00
2018/12/05	6.81	7.01	6.75	6.92	61950019	432068480.00
2018/12/06	6.80	7.04	6.47	6.61	48208318	329069696.00
2018/12/07	6.65	6.68	6.31	6.43	34961119	230067248.00
2018/12/10	6.36	6.62	6.22	6.47	28980846	189687856.00
2018/12/11	6.56	6.67	6.43	6.52	31301006	207948128.00
2018/12/12	6.50	6.55	6.32	6.43	27838746	182078464.00
2018/12/13	6.53	6.53	6.33	6.36	25290301	164823376.00
2018/12/14	6.31	6.37	5.88	5.92	42113164	259880032.00
2018/12/17	5.88	6.14	5.85	6.07	24197690	148195872.00
2018/12/18	6.02	6.08	5.88	5.98	20848061	126953352.00
2018/12/19	6.00	6.12	5.85	6.00	23554094	143374048.00
2018/12/20	5.96	6.24	5.93	6.17	33871019	210800192.00
2018/12/21	6.12	6.14	5.90	5.96	21034705	128875376.00
2018/12/24	5.95	6.00	5.84	5.93	14631700	88160984.00
2018/12/25	5.85	6.02	5.63	6.00	25535901	151769792.00
2018/12/26	5.95	6.28	5.92	6.19	40374001	250343920.00
2018/12/27	6.20	6.20	5.87	5.89	28378900	174764976.00
2018/12/28	5.90	6.13	5.83	6.02	21717130	132267576.00
2019/01/02	5.99	6.13	5.92	5.99	16490232	100909720.00
2019/01/03	5.92	6.00	5.66	5.67	26747037	157608704.00
2019/01/04	5.63	6.20	5.62	6.10	38455600	233892560.00
2019/01/07	6.07	6.23	6.02	6.14	35535800	221157280.00
2019/01/08	6.12	6.34	6.10	6.14	30995570	195341952.00
2019/01/09	6.23	6.54	6.11	6.33	47743774	307102880.00
2019/01/10	6.29	6.45	6.18	6.18	27980602	178652032.00
2019/01/11	6.12	6.19	6.06	6.17	18659984	116197016.00
2019/01/14	6.19	6.40	6.13	6.27	27204284	173276128.00
2019/01/15	6.20	6.21	6.07	6.19	18214099	113630752.00
2019/01/16	6.25	6.34	6.15	6.22	25675099	163416560.00
2019/01/17	6.16	6.49	6.11	6.40	43021669	277980672.00
2019/01/18	6.33	6.37	6.09	6.20	31422767	197692944.00
2019/01/21	6.15	6.21	6.10	6.16	17218072	107697648.00
2019/01/22	6.15	6.79	6.14	6.63	84222514	561060864.00
2019/01/23	6.61	7.30	6.54	7.30	114051907	804526720.00
2019/01/24	7.40	7.88	7.01	7.08	132236709	998548032.00
2019/01/25	6.93	7.28	6.86	6.92	82059535	586697472.00
2019/01/28	6.73	6.78	6.22	6.22	74861295	486247232.00
2019/01/29	6.25	6.35	5.73	6.03	43977923	270554816.00
2019/01/30	5.97	6.09	5.77	5.79	27674262	166239072.00
2019/01/31	5.93	6.00	5.74	5.83	25886774	155138576.00
2019/02/01	5.90	6.02	5.83	6.00	19080421	115038720.00
2019/02/11	6.01	6.17	5.96	6.15	23338697	144465328.00
2019/02/12	6.11	6.22	6.05	6.22	25657000	160106384.00
2019/02/13	6.18	6.41	6.14	6.35	36653239	234494880.00
2019/02/14	6.36	6.81	6.35	6.62	52116712	351160320.00
2019/02/15	6.61	6.61	6.44	6.49	33736053	223068416.00
2019/02/18	6.55	6.75	6.55	6.74	37156171	251538000.00
2019/02/19	6.77	6.96	6.64	6.94	51320353	353783968.00
2019/02/20	6.83	6.90	6.63	6.73	32120475	219785456.00
2019/02/21	6.74	6.97	6.70	6.72	43915018	304221536.00
2019/02/22	6.66	7.24	6.65	7.22	71463198	508035328.00
2019/02/25	7.58	7.95	7.31	7.93	85151691	660850240.00
2019/02/26	7.78	7.84	7.43	7.46	77887782	604587264.00
2019/02/27	7.60	8.22	7.59	8.22	114355146	930974592.00
2019/02/28	7.85	8.02	7.55	7.63	85005748	670227840.00
2019/03/01	7.42	8.26	7.40	8.02	73755278	589688320.00
2019/03/04	8.42	8.49	8.08	8.14	85948458	720736256.00
2019/03/05	8.00	8.96	7.93	8.96	99878349	879005632.00
2019/03/06	9.14	9.26	8.59	9.02	100763251	907305600.00
2019/03/07	8.85	9.23	8.77	8.94	74686115	679307840.00
2019/03/08	8.50	9.74	8.39	9.17	97673602	901819776.00
2019/03/11	9.60	10.10	9.35	10.10	94219827	942593408.00
2019/03/12	10.28	10.59	9.92	10.36	111085499	1148553216.00
2019/03/13	10.26	11.41	10.06	10.73	119922363	1318368640.00
2019/03/14	11.00	11.21	9.65	9.71	106217294	1095902976.00
2019/03/15	10.13	10.64	9.81	10.40	94709300	974493312.00
2019/03/18	10.16	10.16	9.35	9.92	73297849	722018560.00
2019/03/19	9.70	10.18	9.55	10.08	57869959	581528192.00
2019/03/20	10.00	10.46	9.80	10.41	62949034	646339520.00
2019/03/21	10.31	10.77	10.29	10.41	70779671	752214144.00
2019/03/22	10.30	11.30	10.23	11.00	80127180	868612672.00
2019/03/25	10.37	10.79	10.25	10.36	67364689	715678208.00
2019/03/26	10.36	10.49	9.58	9.72	56132332	564284160.00
2019/03/27	9.82	9.98	9.37	9.93	37164005	365516256.00
2019/03/28	10.00	10.52	9.84	10.41	64205774	666583680.00
2019/03/29	10.30	10.69	9.78	10.56	57454956	597309696.00
2019/04/01	10.40	10.88	10.29	10.77	67182231	722908544.00
2019/04/02	11.60	11.73	10.91	10.94	123604897	1419061120.00
2019/04/03	10.60	10.67	10.29	10.55	72490901	767429824.00
2019/04/04	10.58	10.64	10.23	10.30	48293279	506931712.00
2019/04/08	10.35	10.55	9.92	10.08	46548259	481307648.00
2019/04/09	10.06	10.28	9.92	10.18	28650349	293380672.00
2019/04/10	10.05	10.09	9.86	9.95	30821921	309547328.00
2019/04/11	9.93	10.01	9.73	9.73	24024658	239606160.00
2019/04/12	9.69	9.82	9.53	9.63	21080293	205704384.00
2019/04/15	9.78	10.07	9.71	9.79	30977161	308848192.00
2019/04/16	9.68	9.95	9.53	9.92	24277810	239380864.00
2019/04/17	9.92	10.13	9.86	9.99	29876228	302492704.00
2019/04/18	9.91	9.92	9.68	9.70	25340735	249826464.00
2019/04/19	9.73	9.73	9.44	9.57	22535237	217320576.00
2019/04/22	9.55	9.96	9.55	9.68	26469300	261513104.00
2019/04/23	9.73	10.04	9.62	9.93	37003413	370346912.00
2019/04/24	9.92	9.95	9.51	9.72	24951000	243275984.00
2019/04/25	9.66	9.72	9.10	9.16	23558600	224862384.00
2019/04/26	9.08	9.14	8.86	8.99	18608950	168996208.00
2019/04/29	8.99	9.10	8.59	8.73	19103200	170514896.00
2019/04/30	8.89	9.42	8.79	9.34	35092386	326376672.00
2019/05/06	8.83	9.34	8.41	8.53	34401552	309494976.00
2019/05/07	8.62	8.84	8.52	8.80	24897178	219356704.00
2019/05/08	8.49	8.80	8.42	8.58	21723354	190025504.00
2019/05/09	8.55	8.68	8.48	8.48	15518450	134639424.00
2019/05/10	8.60	8.89	8.18	8.86	34128942	300438720.00
2019/05/13	8.69	8.84	8.64	8.72	18735187	165804944.00
2019/05/14	8.57	9.08	8.52	8.77	24197409	216090992.00
2019/05/15	8.87	8.96	8.81	8.91	20500501	184191952.00
2019/05/16	8.86	8.99	8.70	8.93	19573692	175693872.00
2019/05/17	8.90	8.91	8.23	8.34	24179800	210609264.00
2019/05/20	8.30	8.38	7.92	8.23	15457813	127503776.00
2019/05/21	8.20	8.60	8.20	8.51	20494362	175651264.00
2019/05/22	8.55	8.75	8.48	8.54	17136411	148910096.00
2019/05/23	8.46	9.05	8.30	8.83	37976320	336477568.00
2019/05/24	8.75	8.79	8.52	8.64	18546111	162175936.00
2019/05/27	8.56	9.05	8.55	9.00	27091455	243481296.00
2019/05/28	9.14	9.90	9.03	9.39	52391772	500648576.00
2019/05/29	9.28	9.59	9.20	9.33	28185301	267312032.00
2019/05/30	9.25	9.68	9.10	9.65	42225957	402973088.00
2019/05/31	9.58	9.75	9.46	9.55	30150448	292192256.00
2019/06/03	9.52	9.66	9.21	9.37	24191209	231492496.00
2019/06/04	9.58	9.63	8.84	8.95	33441340	309519232.00
2019/06/05	9.08	9.10	8.90	9.02	19355549	176376528.00
2019/06/06	8.96	9.12	8.59	8.66	23924370	214682752.00
2019/06/10	8.77	9.06	8.63	8.97	20144572	180942208.00
2019/06/11	9.01	9.37	8.92	9.34	23469821	217925616.00
2019/06/12	9.26	9.40	9.10	9.25	20637723	192635296.00
2019/06/13	9.17	9.35	9.13	9.26	17714824	165490928.00
2019/06/14	9.25	9.30	8.71	8.73	24131957	218849520.00
2019/06/17	8.75	8.88	8.69	8.72	9550582	84719480.00
2019/06/18	8.70	8.77	8.49	8.58	11402918	98878304.00
2019/06/19	8.81	8.92	8.67	8.68	16957908	151119024.00
2019/06/20	8.63	9.00	8.62	8.86	17861646	159455088.00
2019/06/21	8.89	9.04	8.85	8.99	17640204	159908896.00
2019/06/24	8.96	8.96	8.80	8.86	12349374	110677808.00
2019/06/25	8.84	8.84	8.49	8.66	16203057	141382496.00
2019/06/26	8.67	8.71	8.53	8.59	9245118	80633272.00
2019/06/27	8.59	8.73	8.59	8.67	12161701	106545184.00
2019/06/28	8.80	9.07	8.74	8.83	27282543	244919680.00
2019/07/01	9.08	9.11	8.91	9.04	23436273	213507888.00
2019/07/02	9.04	9.04	8.87	8.92	15654270	141500976.00
2019/07/03	8.92	9.50	8.83	9.27	40350981	374655136.00
2019/07/04	9.26	9.28	9.08	9.18	19002900	176240928.00
2019/07/05	9.20	9.30	9.12	9.25	15672300	145980080.00
2019/07/08	9.20	9.47	8.92	9.02	37096966	346733792.00
2019/07/09	9.03	9.09	8.65	8.86	24639248	219800336.00
2019/07/10	8.77	8.86	8.64	8.66	15145149	133002424.00
2019/07/11	8.69	8.80	8.47	8.50	13415001	116515168.00
2019/07/12	8.53	8.77	8.45	8.73	13731381	119065824.00
2019/07/15	8.72	8.96	8.63	8.88	16507548	146636544.00
2019/07/16	8.90	9.13	8.80	9.13	14950000	134363376.00
2019/07/17	9.10	9.26	9.01	9.15	21518106	198089808.00
2019/07/18	9.05	9.30	9.02	9.15	23116200	212779936.00
2019/07/19	9.28	9.53	9.18	9.52	42044420	396063168.00
2019/07/22	9.81	9.85	8.58	8.67	49407684	451493952.00
2019/07/23	8.44	8.73	8.41	8.59	25021653	214789296.00
2019/07/24	8.60	8.70	8.55	8.59	19260973	166935616.00
2019/07/25	8.55	8.62	8.46	8.49	17829712	152945824.00
2019/07/26	8.43	8.44	8.19	8.26	20667321	172160272.00
2019/07/29	8.31	8.32	8.08	8.17	14102792	116094680.00
2019/07/30	8.18	8.31	8.18	8.24	12211513	101470560.00
2019/07/31	8.24	8.24	8.08	8.09	10455754	85371824.00
2019/08/01	8.05	8.06	7.87	7.89	20133310	161076736.00
2019/08/02	7.65	7.65	7.13	7.53	35774910	267046192.00
2019/08/05	7.40	7.49	7.26	7.27	14574210	108088416.00
2019/08/06	7.05	7.05	6.70	6.88	22952202	159062784.00
2019/08/07	6.95	7.15	6.95	7.01	17232195	122383032.00
2019/08/08	7.04	7.09	6.96	6.98	10710170	75576952.00
2019/08/09	7.04	7.07	6.80	6.80	11145950	77507640.00
2019/08/12	6.82	6.92	6.73	6.92	9554581	65828056.00
2019/08/13	6.85	6.85	6.73	6.78	8217328	56185192.00
2019/08/14	6.96	7.07	6.91	6.92	15675643	110257464.00
2019/08/15	6.76	6.92	6.65	6.91	12721812	86788928.00
2019/08/16	6.87	7.01	6.87	6.88	12130788	84680400.00
2019/08/19	6.94	7.21	6.92	7.19	20396969	145912704.00
2019/08/20	7.26	7.29	7.11	7.16	14943789	108420176.00
2019/08/21	7.13	7.46	7.08	7.30	22319602	164147440.00
2019/08/22	7.30	7.33	7.13	7.22	15199630	110231464.00
2019/08/23	7.23	7.23	7.03	7.06	15932489	113891320.00
2019/08/26	6.90	6.99	6.81	6.95	15470351	107650288.00
2019/08/27	7.00	7.20	6.99	7.18	21214070	151771440.00
2019/08/28	7.23	7.23	7.03	7.03	21081571	150238992.00
2019/08/29	7.07	7.08	6.95	6.96	13095252	92466336.00
2019/08/30	7.03	7.03	6.83	6.85	14241121	99162712.00
2019/09/02	6.85	7.08	6.81	7.07	18375922	128901944.00
2019/09/03	7.07	7.07	6.99	7.05	13324600	94313464.00
2019/09/04	7.03	7.12	7.00	7.09	15106188	107425136.00
2019/09/05	7.16	7.45	7.15	7.30	39282960	289463104.00
2019/09/06	7.31	7.40	7.20	7.30	24313560	178746368.00
2019/09/09	7.40	7.60	7.33	7.60	29526724	221240704.00
2019/09/10	7.60	7.60	7.45	7.54	22004532	166338432.00
2019/09/11	7.57	7.76	7.56	7.64	27913777	214949856.00
2019/09/12	7.65	7.72	7.53	7.62	17633020	134863040.00
2019/09/16	7.62	7.66	7.47	7.49	19838501	150849008.00
2019/09/17	7.48	7.48	7.19	7.23	20244487	148770832.00
2019/09/18	7.22	7.35	7.22	7.25	10732321	78632224.00
2019/09/19	7.25	7.33	7.17	7.33	10702228	78168880.00
2019/09/20	7.29	7.39	7.26	7.34	13313600	97978016.00
2019/09/23	7.30	7.30	7.10	7.17	13648010	98297464.00
2019/09/24	7.20	7.23	7.14	7.17	9730878	70413680.00
2019/09/25	7.10	7.10	6.93	6.95	15187141	107428288.00
2019/09/26	7.00	7.03	6.76	6.77	12492421	86151720.00
2019/09/27	6.78	6.88	6.76	6.87	6818216	46837160.00
2019/09/30	6.87	6.90	6.77	6.77	5209900	35778180.00
2019/10/08	6.79	6.86	6.75	6.77	4744100	32513684.00
2019/10/09	6.77	6.95	6.70	6.94	7239688	49680476.00
2019/10/10	6.90	7.09	6.88	7.06	11300670	80074128.00
2019/10/11	7.06	7.11	7.00	7.06	8246500	58630800.00
2019/10/14	7.11	7.22	7.09	7.15	15868900	114216040.00
2019/10/15	7.13	7.13	6.99	7.00	9509800	67429896.00
2019/10/16	7.09	7.13	7.00	7.01	7235936	51369880.00
2019/10/17	7.01	7.04	6.95	7.00	5461800	38426276.00
2019/10/18	7.02	7.02	6.78	6.82	9527000	65928180.00
2019/10/21	6.81	6.81	6.67	6.77	7373764	49963748.00
2019/10/22	6.77	6.81	6.73	6.80	6208385	42332980.00
2019/10/23	6.83	6.83	6.71	6.74	5601400	38042436.00
2019/10/24	6.74	6.83	6.69	6.74	5962000	40542824.00
2019/10/25	6.74	6.83	6.69	6.81	7571402	51595104.00
2019/10/28	6.83	7.02	6.73	7.02	14879316	103978296.00
2019/10/29	7.03	7.03	6.90	6.90	10301015	72279760.00
2019/10/30	6.86	6.90	6.70	6.75	9020043	61456540.00
2019/10/31	6.83	6.84	6.70	6.72	5770583	39204040.00
2019/11/01	6.69	6.76	6.60	6.75	6388600	43068472.00
2019/11/04	6.76	6.78	6.69	6.70	6340765	43029928.00
2019/11/05	6.68	6.73	6.65	6.67	6864649	46225504.00
2019/11/06	6.67	6.71	6.64	6.64	5047007	33941724.00
2019/11/07	6.64	6.68	6.62	6.66	4151705	27814914.00
2019/11/08	6.69	6.71	6.63	6.63	4634367	31116756.00
2019/11/11	6.59	6.59	6.20	6.23	14701982	94006608.00
2019/11/12	6.23	6.27	6.08	6.19	6564306	40731812.00
2019/11/13	6.20	6.20	6.14	6.16	3897300	24222802.00
2019/11/14	6.14	6.20	6.12	6.18	4321400	26852340.00
2019/11/15	6.17	6.17	6.02	6.03	7647300	46837780.00
2019/11/18	6.03	6.03	5.93	5.99	6195228	37332624.00
2019/11/19	5.98	6.18	5.95	6.18	7737875	47538648.00
2019/11/20	6.16	6.21	6.06	6.07	5634173	34748352.00
2019/11/21	6.06	6.18	6.01	6.09	6267775	38576976.00
2019/11/22	6.12	6.19	6.03	6.07	6201833	38196236.00
2019/11/25	6.11	6.20	6.03	6.18	7905597	48806760.00
2019/11/26	6.17	6.17	6.07	6.11	5831900	35949616.00
2019/11/27	6.10	6.13	6.04	6.08	4780403	29325706.00
2019/11/28	6.11	6.11	6.06	6.08	3091170	18941930.00
2019/11/29	6.06	6.11	6.03	6.08	3137800	19201024.00
2019/12/02	6.12	6.14	6.09	6.11	3631200	22372344.00
2019/12/03	6.08	6.13	6.04	6.12	4234558	25906104.00
2019/12/04	6.07	6.11	6.05	6.09	3698400	22701962.00
2019/12/05	6.10	6.23	6.08	6.17	8343300	51943252.00
2019/12/06	6.20	6.79	6.17	6.79	45175787	302242912.00
2019/12/09	6.95	7.11	6.78	6.89	57038835	400565536.00
2019/12/10	6.88	7.18	6.82	7.08	36746015	258670928.00
2019/12/11	7.14	7.19	6.92	7.04	32318717	229936112.00
2019/12/12	7.09	7.22	7.02	7.09	28220175	202450288.00
2019/12/13	7.13	7.14	6.95	6.99	27229439	192723360.00
2019/12/16	7.02	7.30	6.95	7.24	36741981	264171376.00
2019/12/17	7.23	7.43	7.18	7.28	38264956	282252960.00
2019/12/18	7.28	7.32	7.14	7.16	27038195	196407408.00
2019/12/19	7.18	7.28	7.09	7.24	19767457	143167200.00
2019/12/20	7.24	7.33	7.11	7.11	18903192	137303424.00
2019/12/23	7.11	7.17	6.87	6.88	21091394	148759408.00
2019/12/24	6.94	7.02	6.89	7.01	9540408	66972756.00
2019/12/25	7.04	7.28	7.00	7.20	26040788	188214592.00
2019/12/26	7.20	7.74	7.15	7.67	51323089	386701792.00
2019/12/27	7.66	7.78	7.50	7.54	39283102	301821888.00
2019/12/30	7.60	7.96	7.49	7.85	43258079	339381600.00
2019/12/31	7.86	7.93	7.63	7.76	27813774	217412976.00
2020/01/02	7.85	7.91	7.67	7.69	37734258	294902944.00
2020/01/03	7.65	7.68	7.54	7.59	26454511	202235936.00
2020/01/06	7.50	7.65	7.48	7.53	23096418	175522784.00
2020/01/07	7.55	7.69	7.51	7.61	21483299	164149264.00
2020/01/08	7.56	7.58	7.33	7.36	27310595	204737568.00
2020/01/09	7.44	7.52	7.39	7.46	13582350	101918544.00
2020/01/10	7.52	7.72	7.46	7.56	30428235	232890048.00
2020/01/13	7.53	7.80	7.38	7.75	27694344	211779568.00
2020/01/14	7.71	8.22	7.71	8.06	61932940	498551968.00
2020/01/15	8.03	8.22	7.90	8.07	39477604	318599648.00
2020/01/16	8.01	8.13	7.77	7.79	29714972	237065072.00
2020/01/17	7.74	8.02	7.70	7.85	21902015	173797968.00
2020/01/20	7.85	8.15	7.75	8.13	26978423	216271408.00
2020/01/21	8.15	8.20	7.96	8.02	23100106	186719616.00
2020/01/22	7.96	8.12	7.78	8.01	26648865	213252608.00
2020/01/23	7.88	7.94	7.35	7.56	26854200	208401712.00
2020/02/03	6.80	6.80	6.80	6.80	2080300	14250055.00
2020/02/04	6.15	6.88	6.15	6.69	29747572	199280272.00
2020/02/05	6.75	7.11	6.71	6.95	23505986	164512992.00
2020/02/06	6.98	7.25	6.85	7.15	23295565	166480992.00
2020/02/07	7.13	7.38	7.07	7.34	23932175	174381984.00
2020/02/10	7.31	7.50	7.23	7.40	21004700	155904736.00
2020/02/11	7.41	7.41	7.21	7.21	16182310	118722376.00
2020/02/12	7.22	7.38	7.16	7.34	18692735	137177552.00
2020/02/13	7.31	7.38	7.15	7.16	16355950	119469000.00
2020/02/14	7.25	7.36	7.13	7.24	17449956	127147624.00
2020/02/17	7.26	7.85	7.24	7.78	44063183	340210912.00
2020/02/18	7.77	8.28	7.74	8.20	50167470	406120672.00
2020/02/19	8.30	9.03	8.23	8.86	103587234	921033728.00
2020/02/20	8.86	9.75	8.83	9.75	95264680	897855872.00
2020/02/21	10.31	10.70	9.85	10.21	118550087	1218086400.00
2020/02/24	10.43	11.24	10.13	10.93	109301442	1182148224.00
2020/02/25	10.46	10.93	9.83	10.57	104779263	1103213952.00
2020/02/26	10.26	11.30	10.03	10.40	96836158	1034687040.00
2020/02/27	10.45	10.71	9.91	10.09	64358264	662500416.00
2020/02/28	9.60	9.82	9.08	9.10	70521599	663929856.00
2020/03/02	9.50	9.77	9.26	9.50	54819360	525381440.00
2020/03/03	9.72	9.88	9.22	9.28	48437914	465088288.00
2020/03/04	9.16	9.45	9.02	9.29	30155617	280138976.00
2020/03/05	9.56	9.62	9.13	9.32	43250248	406819040.00
2020/03/06	9.14	10.26	9.07	10.26	76432155	748363264.00
2020/03/09	10.66	10.91	9.98	10.12	101600134	1075219712.00
2020/03/10	10.05	10.38	9.31	10.25	81221213	805104256.00
2020/03/11	10.07	10.16	9.72	9.72	56084844	557471744.00
2020/03/12	9.31	9.53	8.75	9.01	52396113	479993248.00
2020/03/13	8.33	8.90	8.33	8.62	48958221	421591584.00
2020/03/16	8.66	8.80	7.94	7.94	44561800	375436768.00
2020/03/17	8.06	8.24	7.62	8.00	36391868	291290080.00
2020/03/18	8.07	8.34	7.95	7.99	42764921	348246144.00
2020/03/19	7.99	8.60	7.90	8.44	42079983	348821408.00
2020/03/20	8.50	8.80	8.41	8.63	42854640	370937760.00
2020/03/23	8.35	8.78	8.24	8.28	30576205	260385984.00
2020/03/24	8.57	8.67	8.37	8.58	30774740	263279664.00
2020/03/25	8.83	8.89	8.55	8.59	35030992	306289856.00
2020/03/26	8.57	8.65	8.43	8.45	20956755	179719184.00
2020/03/27	8.58	8.67	8.13	8.13	36500186	307779424.00
2020/03/30	7.94	8.10	7.52	7.71	40287987	314317216.00
2020/03/31	7.90	8.43	7.77	8.15	44023875	362060064.00
2020/04/01	8.15	8.29	8.07	8.16	23823603	195892848.00
2020/04/02	8.09	8.98	8.01	8.98	49889021	430884064.00
2020/04/03	9.16	9.68	9.02	9.65	90609262	852143680.00
2020/04/07	9.67	9.93	9.47	9.74	64073566	625417344.00
2020/04/08	9.75	10.30	9.55	10.08	59630634	600390336.00
2020/04/09	10.02	10.40	9.91	10.20	44332374	452186048.00
2020/04/10	10.21	10.21	9.49	9.58	55723588	548020544.00
2020/04/13	9.29	10.11	9.25	9.60	56358520	554052160.00
2020/04/14	9.81	10.53	9.77	10.27	75726785	780959040.00
2020/04/15	10.35	10.48	10.00	10.08	31578918	322078048.00
2020/04/16	9.77	10.12	9.77	9.87	27146837	271309376.00
2020/04/17	10.06	10.25	9.82	9.83	31660062	317209216.00
2020/04/20	9.86	9.91	9.55	9.79	21788687	213907616.00
2020/04/21	9.75	9.96	9.51	9.72	23557988	229692912.00
2020/04/22	9.69	10.01	9.57	9.93	30728070	304326048.00
2020/04/23	9.93	10.09	9.68	9.68	26976970	268072784.00
2020/04/24	9.71	9.86	9.40	9.45	25993478	249984208.00
2020/04/27	9.52	9.80	9.28	9.48	25451768	243566272.00
2020/04/28	9.61	10.41	9.22	10.14	70288028	701096128.00
2020/04/29	9.87	10.48	9.87	10.25	50678925	518306112.00
2020/04/30	10.19	10.94	10.03	10.63	55124924	588163584.00
2020/05/06	10.50	11.00	10.33	10.88	48031824	519430080.00
2020/05/07	10.88	11.18	10.67	10.67	37629398	412103936.00
2020/05/08	10.74	10.92	10.53	10.63	36408911	391124800.00
2020/05/11	10.71	11.45	10.51	11.37	63953881	709012224.00
2020/05/12	11.37	11.44	11.07	11.41	32369007	365361792.00
2020/05/13	11.23	11.50	11.16	11.32	23725619	268977632.00
2020/05/14	11.40	11.44	10.97	11.22	31283059	351577120.00
2020/05/15	11.24	12.33	11.07	12.11	57225997	679539648.00
2020/05/18	12.00	12.25	10.89	10.89	50916495	596408320.00
2020/05/19	10.84	11.10	9.80	9.87	111213493	1149668608.00
2020/05/20	9.93	10.20	9.78	9.91	52274100	524922752.00
2020/05/21	9.97	10.00	9.19	9.55	44993261	434645856.00
2020/05/22	9.55	9.60	9.00	9.13	33332222	309670848.00
2020/05/25	9.10	9.19	8.82	8.96	21957712	198586720.00
2020/05/26	8.98	9.54	8.98	9.45	26860374	251338464.00
2020/05/27	9.52	9.68	9.25	9.31	20072175	190242560.00
2020/05/28	9.40	10.25	9.35	10.25	66875084	679715072.00
2020/05/29	10.05	10.65	10.03	10.64	53048521	553775296.00
2020/06/01	10.65	11.07	10.53	10.91	39403678	429848064.00
2020/06/02	10.90	11.13	10.80	10.97	32089078	353474272.00
2020/06/03	10.96	11.33	10.88	11.17	40723926	455781440.00
2020/06/04	11.26	11.94	11.11	11.68	70152088	807298624.00
2020/06/05	11.66	11.93	10.51	10.51	86020163	946978432.00
2020/06/08	10.50	10.85	9.96	10.68	55877664	589621504.00
2020/06/09	11.75	11.75	10.07	10.54	125615839	1384324992.00
2020/06/10	10.23	10.30	9.73	9.88	70338966	702090048.00
2020/06/11	9.95	10.87	9.78	10.87	104297144	1107674368.00
2020/06/12	10.86	11.96	10.65	11.96	114285056	1288973056.00
2020/06/15	12.45	13.05	12.10	12.65	148377509	1879044224.00
2020/06/16	12.79	13.77	12.47	13.14	131553042	1724138240.00
2020/06/17	12.91	13.28	12.54	12.77	81789664	1053807680.00
2020/06/18	12.57	13.06	12.43	12.81	80454529	1033035520.00
2020/06/19	12.66	13.35	12.49	13.35	81651233	1062856576.00
2020/06/22	13.14	13.30	12.63	12.75	71261757	924677952.00
2020/06/23	12.95	13.30	12.75	13.20	66410078	871410944.00
2020/06/24	13.05	13.07	12.65	12.94	52802801	681468608.00
2020/06/29	12.94	13.20	11.85	12.16	79189591	981195008.00
2020/06/30	12.15	12.57	12.01	12.45	60071861	741635776.00
2020/07/01	12.40	12.51	11.70	11.95	69883811	845171904.00
2020/07/02	12.02	12.05	11.48	11.80	63065367	742408896.00
2020/07/03	11.84	12.03	11.56	12.02	60586864	720599360.00
2020/07/06	12.15	12.59	11.95	12.47	79719368	985202432.00
2020/07/07	12.56	12.83	12.27	12.42	83208903	1045362880.00
2020/07/08	12.15	12.78	11.93	12.76	73056493	899929920.00
2020/07/09	12.79	13.25	12.71	12.86	89240149	1157607424.00
2020/07/10	12.98	14.15	12.76	14.15	102622497	1403448704.00
2020/07/13	13.70	13.94	13.13	13.86	119823708	1632592256.00
2020/07/14	13.36	13.58	12.76	13.05	88271829	1158706304.00
2020/07/15	12.99	12.99	11.75	11.75	72345814	887384256.00
2020/07/16	11.75	12.09	11.33	11.65	45752494	538099264.00
2020/07/17	11.72	11.88	11.52	11.78	29171484	341363904.00
2020/07/20	11.98	12.18	11.76	12.06	28610334	343472640.00
2020/07/21	12.06	12.39	11.90	12.09	27136429	329305856.00
2020/07/22	12.00	12.12	11.70	11.90	32671976	389384320.00
2020/07/23	11.62	11.79	11.03	11.24	47735121	540216000.00
2020/07/24	11.14	11.64	10.70	10.87	42475003	476028992.00
2020/07/27	10.88	10.98	10.51	10.66	20885220	222909392.00
2020/07/28	10.76	11.04	10.71	10.90	16970415	184482432.00
2020/07/29	10.98	11.24	10.72	11.18	21810083	240838336.00
2020/07/30	11.15	11.45	10.82	10.85	25028225	275214336.00
2020/07/31	10.79	11.03	10.69	10.93	19598802	212927728.00
2020/08/03	10.90	11.24	10.89	11.16	25346205	281473312.00
2020/08/04	11.19	11.20	10.85	10.88	24450651	268361952.00
2020/08/05	11.03	11.35	11.00	11.08	29586164	330055360.00
2020/08/06	11.00	11.02	10.58	10.71	30901614	332757952.00
2020/08/07	10.76	10.81	10.01	10.20	33086758	342692384.00
数据来源:通达信
