300319 麦捷科技 日线 前复权
      日期	    开盘	    最高	    最低	    收盘	    成交量	    成交额
2012/05/23	2.04	2.10	2.00	2.01	6325301	105036280.00
2012/05/24	2.01	2.03	1.95	1.97	4328181	70071232.00
2012/05/25	1.96	1.97	1.87	1.88	3171511	49656900.00
2012/05/28	1.89	1.92	1.88	1.91	2143219	33382380.00
2012/05/29	1.91	1.94	1.89	1.93	1784354	28085052.00
2012/05/30	1.92	1.92	1.90	1.91	1449152	22722956.00
2012/05/31	1.89	1.96	1.89	1.93	1805846	28594096.00
2012/06/01	1.93	1.96	1.92	1.93	1247308	19826022.00
2012/06/04	1.90	1.92	1.86	1.87	1143505	17763788.00
2012/06/05	1.88	1.89	1.86	1.89	816706	12617175.00
2012/06/06	1.89	1.91	1.89	1.90	720956	11242797.00
2012/06/07	1.91	1.93	1.88	1.89	610403	9508623.00
2012/06/08	1.90	1.92	1.88	1.90	806759	12597900.00
2012/06/11	1.89	1.94	1.89	1.94	970172	15340632.00
2012/06/12	1.92	1.95	1.91	1.92	999203	15812856.00
2012/06/13	1.93	1.97	1.92	1.96	1428159	22806374.00
2012/06/14	1.96	1.97	1.93	1.94	1314644	21034328.00
2012/06/15	1.94	1.96	1.91	1.94	884195	14049475.00
2012/06/18	1.95	1.96	1.94	1.96	1114766	17815140.00
2012/06/19	1.96	1.97	1.93	1.94	1045179	16665541.00
2012/06/20	1.95	1.99	1.94	1.97	1628184	26200224.00
2012/06/21	1.97	1.98	1.92	1.93	1158470	18376618.00
2012/06/25	1.93	2.01	1.92	1.96	1831673	29482656.00
2012/06/26	1.94	2.18	1.90	2.18	6105493	104181120.00
2012/06/27	2.18	2.42	2.15	2.42	5200228	96157888.00
2012/06/28	2.45	2.52	2.25	2.30	5630241	107128368.00
2012/06/29	2.23	2.31	2.20	2.27	3919072	71289008.00
2012/07/02	2.26	2.35	2.24	2.34	4056900	75286600.00
2012/07/03	2.30	2.59	2.27	2.50	6160031	119934952.00
2012/07/04	2.42	2.44	2.33	2.35	4036031	77332536.00
2012/07/05	2.33	2.37	2.28	2.31	2227020	41625056.00
2012/07/06	2.31	2.33	2.09	2.22	3698839	65562580.00
2012/07/09	2.18	2.24	2.14	2.14	2417280	42846696.00
2012/07/10	2.11	2.18	2.10	2.10	1284562	22194220.00
2012/07/11	2.09	2.12	2.02	2.07	1666208	27966524.00
2012/07/12	2.07	2.15	2.05	2.12	1737719	29675514.00
2012/07/13	2.12	2.12	1.97	1.97	2110345	34991132.00
2012/07/16	1.95	1.96	1.81	1.82	1504342	23239420.00
2012/07/17	1.81	1.86	1.80	1.84	895623	13524707.00
2012/07/18	1.84	1.84	1.76	1.84	1248391	18536304.00
2012/07/19	1.83	1.98	1.81	1.98	3090857	48614196.00
2012/07/20	1.97	2.19	1.95	2.14	3742440	62155440.00
2012/07/23	2.21	2.37	2.20	2.37	6639957	121557848.00
2012/07/24	2.38	2.47	2.29	2.45	5599629	107390664.00
2012/07/25	2.43	2.52	2.36	2.44	5503308	107898056.00
2012/07/26	2.44	2.46	2.36	2.37	3949636	76777768.00
2012/07/27	2.38	2.47	2.31	2.40	4106625	79338328.00
2012/07/30	2.42	2.56	2.38	2.53	4487490	88528504.00
2012/07/31	2.52	2.59	2.30	2.37	3064143	59801280.00
2012/08/01	2.34	2.34	2.11	2.11	4392092	77046072.00
2012/08/02	2.00	2.06	1.94	2.03	4119397	67370168.00
2012/08/03	2.00	2.12	1.99	2.09	3484479	58558732.00
2012/08/06	2.05	2.14	2.03	2.14	3358447	57122128.00
2012/08/07	2.13	2.16	2.07	2.09	2512120	42947828.00
2012/08/08	2.08	2.21	2.00	2.21	3877510	66198676.00
2012/08/09	2.21	2.35	2.19	2.33	4922777	90920928.00
2012/08/10	2.28	2.32	2.20	2.24	2803388	51014812.00
2012/08/13	2.12	2.16	2.07	2.07	2601395	44772832.00
2012/08/14	2.05	2.19	2.02	2.17	2286105	39069528.00
2012/08/15	2.16	2.16	2.08	2.08	1345067	23106116.00
2012/08/16	2.05	2.12	2.04	2.05	1082926	18297954.00
2012/08/17	2.05	2.07	2.02	2.06	1072065	17870838.00
2012/08/20	2.06	2.10	2.03	2.09	958298	16145463.00
2012/08/21	2.08	2.20	2.07	2.16	2014465	35109428.00
2012/08/22	2.16	2.18	2.10	2.11	1528742	26546202.00
2012/08/23	2.09	2.20	2.09	2.19	3314986	58034684.00
2012/08/24	2.18	2.18	2.01	2.01	2573406	43770036.00
2012/08/27	1.97	2.01	1.96	1.98	976150	15835748.00
2012/08/28	1.97	2.07	1.97	2.04	1289260	21389944.00
2012/08/29	2.04	2.16	2.02	2.07	2021470	34533856.00
2012/08/30	2.06	2.12	1.95	2.00	1701730	28255930.00
2012/08/31	1.99	2.20	1.98	2.13	3336334	57617892.00
2012/09/03	2.13	2.25	2.08	2.21	3344595	58799948.00
2012/09/04	2.19	2.31	2.17	2.25	3925821	71451128.00
2012/09/05	2.33	2.43	2.26	2.27	4052178	76139048.00
2012/09/06	2.24	2.36	2.24	2.34	2761951	51509464.00
2012/09/07	2.32	2.40	2.31	2.31	3032335	57163516.00
2012/09/10	2.33	2.37	2.25	2.36	2541070	47446948.00
2012/09/11	2.34	2.34	2.28	2.31	1676277	31187432.00
2012/09/12	2.33	2.33	2.23	2.26	2155876	38478516.00
2012/09/13	2.28	2.30	2.24	2.24	1590857	28451848.00
2012/09/14	2.26	2.35	2.26	2.32	2134716	38582756.00
2012/09/17	2.31	2.31	2.15	2.15	2007162	35007468.00
2012/09/18	2.16	2.20	2.13	2.17	956982	16344026.00
2012/09/19	2.17	2.20	2.16	2.19	787338	13516360.00
2012/09/20	2.18	2.18	2.09	2.10	1148340	19242232.00
2012/09/21	2.10	2.14	2.08	2.09	719989	11962843.00
2012/09/24	2.08	2.13	2.06	2.12	751735	12504059.00
2012/09/25	2.12	2.13	2.05	2.07	967399	15913726.00
2012/09/26	2.07	2.09	1.98	1.99	740100	11900804.00
2012/09/27	1.99	2.08	1.99	2.06	1010073	16268178.00
2012/09/28	2.04	2.10	2.04	2.10	1030342	16874690.00
2012/10/08	2.11	2.13	2.06	2.08	710712	11689740.00
2012/10/09	2.08	2.15	2.08	2.14	878140	14731108.00
2012/10/10	2.13	2.17	2.11	2.16	939069	15871998.00
2012/10/11	2.14	2.15	2.06	2.07	951917	15829340.00
2012/10/12	2.07	2.10	2.02	2.05	765232	12386221.00
2012/10/15	2.05	2.05	1.98	2.01	849910	13466784.00
2012/10/16	2.00	2.04	1.99	2.01	476039	7601097.00
2012/10/17	2.02	2.04	1.99	2.03	628699	10045839.00
2012/10/18	2.02	2.07	2.02	2.06	725134	11763179.00
2012/10/19	2.06	2.08	2.05	2.07	721495	11771821.00
2012/10/22	2.07	2.07	2.02	2.07	643315	10392302.00
2012/10/23	2.07	2.08	2.03	2.04	405059	6573707.00
2012/10/24	2.02	2.08	2.01	2.06	676929	10968587.00
2012/10/25	2.09	2.09	2.00	2.01	632250	10198089.00
2012/10/26	2.00	2.02	1.96	1.97	539380	8474794.00
2012/10/29	1.89	1.98	1.89	1.96	253281	3926469.50
2012/10/30	1.96	2.00	1.95	1.98	239040	3737615.50
2012/10/31	1.97	1.98	1.94	1.98	316152	4913543.50
2012/11/01	1.97	2.02	1.97	2.01	406985	6444675.50
2012/11/02	2.01	2.06	1.99	2.05	711104	11376602.00
2012/11/05	2.05	2.15	2.04	2.09	1897142	31580902.00
2012/11/06	2.11	2.22	2.04	2.16	2250037	37846776.00
2012/11/07	2.18	2.18	2.11	2.12	818822	13789729.00
2012/11/08	2.12	2.14	2.08	2.11	874135	14531804.00
2012/11/09	2.12	2.16	2.09	2.13	1689987	28353518.00
2012/11/12	2.13	2.14	2.06	2.08	997202	16448640.00
2012/11/13	2.08	2.09	2.01	2.01	885252	14253175.00
2012/11/14	2.01	2.13	2.00	2.11	1630999	26794100.00
2012/11/15	2.10	2.15	2.06	2.08	1023874	16994570.00
2012/11/16	2.09	2.12	2.07	2.08	731297	12059108.00
2012/11/19	2.07	2.20	2.07	2.20	2142836	36127780.00
2012/11/20	2.17	2.22	2.17	2.20	1617876	27860594.00
2012/11/21	2.19	2.21	2.13	2.20	1324952	22726468.00
2012/11/22	2.19	2.20	2.13	2.14	626870	10666637.00
2012/11/23	2.17	2.17	2.12	2.14	572855	9693139.00
2012/11/26	2.15	2.20	2.13	2.14	981404	16808372.00
2012/11/27	2.12	2.12	1.93	1.96	1879274	29432314.00
2012/11/28	1.94	1.96	1.90	1.95	312100	4778461.00
2012/11/29	1.96	1.96	1.82	1.83	711186	10693392.00
2012/11/30	1.83	1.87	1.80	1.84	464926	6799123.00
2012/12/03	1.83	1.85	1.77	1.78	345810	5012047.50
2012/12/04	1.78	1.82	1.77	1.81	500013	7142910.50
2012/12/05	1.81	1.92	1.81	1.88	844691	12570507.00
2012/12/06	1.87	1.90	1.84	1.85	683448	10130523.00
2012/12/07	1.84	1.91	1.84	1.91	750290	11234667.00
2012/12/10	1.91	1.95	1.87	1.94	1164582	17767952.00
2012/12/11	1.94	1.94	1.90	1.91	685865	10426136.00
2012/12/12	1.90	1.95	1.88	1.94	906360	13794151.00
2012/12/13	1.92	1.93	1.88	1.88	569450	8602046.00
2012/12/14	1.87	2.00	1.87	1.97	1107092	17039800.00
2012/12/17	1.96	1.98	1.93	1.95	792270	12265687.00
2012/12/18	1.95	1.98	1.93	1.96	705834	10949841.00
2012/12/19	1.95	2.02	1.95	1.98	918781	14476611.00
2012/12/20	1.97	2.12	1.96	2.05	1482527	24043682.00
2012/12/21	2.04	2.15	2.03	2.13	2177827	36154640.00
2012/12/24	2.12	2.15	2.11	2.15	1645663	27694106.00
2012/12/25	2.14	2.28	2.13	2.22	2470493	43028988.00
2012/12/26	2.20	2.34	2.20	2.32	2841876	50800628.00
2012/12/27	2.31	2.33	2.17	2.17	2384838	41936172.00
2012/12/28	2.17	2.32	2.17	2.24	2253542	39781336.00
2012/12/31	2.25	2.30	2.21	2.26	1442427	25618272.00
2013/01/04	2.28	2.41	2.27	2.34	2006024	36977036.00
2013/01/07	2.33	2.33	2.28	2.31	1282474	23137482.00
2013/01/08	2.31	2.35	2.25	2.32	1449094	26265584.00
2013/01/09	2.30	2.30	2.22	2.25	1436338	25526268.00
2013/01/10	2.24	2.29	2.22	2.26	742212	13177463.00
2013/01/11	2.29	2.49	2.29	2.43	4538819	86774848.00
2013/01/14	2.40	2.50	2.38	2.48	2852555	54501592.00
2013/01/15	2.51	2.51	2.42	2.48	1954044	37468072.00
2013/01/16	2.44	2.46	2.36	2.41	1267384	23972464.00
2013/01/17	2.41	2.45	2.38	2.41	952508	17957194.00
2013/01/18	2.41	2.43	2.33	2.35	1711567	31706766.00
2013/01/21	2.35	2.38	2.34	2.37	988757	18294854.00
2013/01/22	2.37	2.37	2.21	2.21	2068751	36818444.00
2013/01/23	2.21	2.25	2.19	2.25	951356	16667898.00
2013/01/24	2.24	2.27	2.16	2.18	1131447	19708300.00
2013/01/25	2.19	2.21	2.16	2.19	421258	7262576.00
2013/01/28	2.21	2.26	2.20	2.25	704937	12389401.00
2013/01/29	2.28	2.28	2.24	2.25	751633	13343641.00
2013/01/30	2.25	2.26	2.19	2.21	792030	13823963.00
2013/01/31	2.19	2.22	2.14	2.17	1087221	18596326.00
2013/02/01	2.16	2.20	2.16	2.18	542561	9313962.00
2013/02/04	2.19	2.19	2.15	2.16	650299	11097146.00
2013/02/05	2.16	2.23	2.15	2.23	823503	14309923.00
2013/02/06	2.25	2.25	2.21	2.22	523855	9183837.00
2013/02/07	2.21	2.26	2.21	2.26	521787	9187785.00
2013/02/08	2.24	2.31	2.24	2.28	843209	15106143.00
2013/02/18	2.28	2.33	2.26	2.30	848153	15252314.00
2013/02/19	2.29	2.30	2.23	2.24	535920	9487198.00
2013/02/20	2.27	2.30	2.23	2.30	817057	14604537.00
2013/02/21	2.28	2.35	2.27	2.32	1423999	25867194.00
2013/02/22	2.31	2.35	2.28	2.35	1191257	21752292.00
2013/02/25	2.36	2.38	2.31	2.34	703600	12886886.00
2013/02/26	2.34	2.35	2.27	2.28	668781	12142226.00
2013/02/27	2.31	2.32	2.23	2.25	548436	9748637.00
2013/02/28	2.27	2.28	2.24	2.28	505031	9014809.00
2013/03/01	2.29	2.34	2.26	2.34	790130	14360280.00
2013/03/04	2.33	2.33	2.22	2.23	827684	14797722.00
2013/03/05	2.24	2.29	2.23	2.29	569099	10157811.00
2013/03/06	2.29	2.38	2.29	2.37	1095527	20209982.00
2013/03/07	2.35	2.37	2.29	2.35	642997	11774867.00
2013/03/08	2.30	2.35	2.29	2.31	470594	8574420.00
2013/03/11	2.31	2.33	2.29	2.33	210383	3819354.00
2013/03/12	2.33	2.34	2.20	2.26	811617	14478229.00
2013/03/13	2.38	2.38	2.22	2.28	657597	11868311.00
2013/03/14	2.25	2.30	2.21	2.23	482364	8512307.00
2013/03/15	2.22	2.27	2.20	2.24	374335	6589926.50
2013/03/18	2.23	2.24	2.21	2.22	235595	4127874.25
2013/03/19	2.24	2.24	2.19	2.23	188642	3289112.50
2013/03/20	2.21	2.35	2.21	2.35	1418364	25857418.00
2013/03/21	2.33	2.37	2.32	2.34	981653	18040558.00
2013/03/22	2.34	2.42	2.33	2.38	1249951	23331862.00
2013/03/25	2.38	2.38	2.33	2.35	571905	10551910.00
2013/03/26	2.34	2.35	2.27	2.31	585983	10542959.00
2013/03/27	2.31	2.33	2.29	2.31	479234	8691041.00
2013/03/28	2.25	2.25	2.14	2.14	1276301	21932750.00
2013/03/29	2.14	2.17	2.10	2.11	508287	8508531.00
2013/04/01	2.11	2.14	2.10	2.12	373439	6238931.50
2013/04/02	2.12	2.14	2.08	2.08	497862	8296084.00
2013/04/03	2.08	2.09	2.04	2.04	403946	6583888.50
2013/04/08	2.02	2.07	1.99	2.07	378755	6099456.50
2013/04/09	2.07	2.10	2.06	2.10	250687	4122989.75
2013/04/10	2.07	2.11	2.04	2.07	195531	3194760.00
2013/04/11	2.07	2.08	2.05	2.06	168811	2752272.50
2013/04/12	2.05	2.07	2.04	2.05	156808	2542017.25
2013/04/15	2.05	2.05	2.00	2.01	138690	2215944.75
2013/04/16	2.00	2.00	1.93	1.98	827520	12857080.00
2013/04/17	1.97	2.01	1.96	1.98	436302	6831316.50
2013/04/18	1.99	2.10	1.98	2.09	1251206	20412440.00
2013/04/19	2.09	2.13	2.08	2.12	814427	13556839.00
2013/04/22	2.10	2.13	2.10	2.12	504036	8423254.00
2013/04/23	2.11	2.11	2.06	2.07	754890	12402923.00
2013/04/24	2.06	2.15	2.06	2.15	485767	8127641.00
2013/04/25	2.15	2.18	2.11	2.12	767337	13021785.00
2013/04/26	2.15	2.15	2.10	2.13	361978	6048501.50
2013/05/02	2.11	2.18	2.11	2.18	397131	6756685.50
2013/05/03	2.18	2.21	2.16	2.19	676573	11668772.00
2013/05/06	2.19	2.25	2.17	2.22	922057	16126068.00
2013/05/07	2.21	2.22	2.17	2.19	655073	11319332.00
2013/05/08	2.19	2.21	2.17	2.21	614401	10621706.00
2013/05/09	2.22	2.31	2.21	2.29	1342327	23665464.00
2013/05/10	2.30	2.35	2.24	2.27	1293410	22907492.00
2013/05/13	2.25	2.34	2.25	2.32	897517	16105848.00
2013/05/14	2.33	2.33	2.25	2.26	661651	11683755.00
2013/05/15	2.25	2.37	2.25	2.36	1080488	19420890.00
2013/05/16	2.34	2.37	2.28	2.30	1486075	26786842.00
2013/05/17	2.30	2.35	2.27	2.32	785992	14116219.00
2013/05/20	2.35	2.42	2.34	2.42	1292712	23857582.00
2013/05/21	2.42	2.47	2.39	2.46	1385373	26141758.00
2013/05/22	2.46	2.58	2.43	2.50	2316290	45019288.00
2013/05/23	2.51	2.76	2.47	2.76	3715912	77010616.00
2013/05/24	2.76	2.90	2.75	2.82	4175941	90322416.00
2013/05/27	2.80	2.83	2.72	2.77	2205718	47070192.00
2013/05/28	2.75	2.77	2.60	2.62	2422967	49726468.00
2013/05/29	2.60	2.67	2.57	2.65	2153780	43805364.00
2013/05/30	2.61	2.65	2.60	2.62	2059155	41759920.00
2013/05/31	2.62	2.68	2.57	2.57	2128591	43359156.00
2013/06/03	2.54	2.58	2.49	2.55	2002604	39214688.00
2013/06/04	2.55	2.55	2.35	2.41	3524676	66439300.00
2013/06/05	2.40	2.44	2.39	2.42	862107	16138037.00
2013/06/06	2.40	2.43	2.38	2.39	1092989	20284592.00
2013/06/07	2.38	2.48	2.38	2.45	1627627	30743596.00
2013/06/13	2.43	2.71	2.40	2.71	3610302	72114248.00
2013/06/14	2.76	2.85	2.71	2.81	5439183	116607144.00
2013/06/17	2.77	2.88	2.73	2.74	4196869	90404720.00
2013/06/18	2.71	2.92	2.70	2.91	4216478	91135568.00
2013/06/19	2.86	2.88	2.75	2.78	2473109	53387520.00
2013/06/20	2.76	2.90	2.65	2.69	2973220	63992116.00
2013/06/21	2.64	2.88	2.59	2.84	3108213	65342784.00
2013/06/24	2.82	2.91	2.66	2.77	2784651	60470204.00
2013/06/25	2.76	2.77	2.48	2.67	3332703	67305736.00
2013/06/26	2.65	2.94	2.61	2.94	3776232	81692624.00
2013/06/27	2.99	3.08	2.88	2.98	4097023	93888584.00
2013/06/28	2.91	3.03	2.77	2.85	2523062	56348688.00
2013/07/01	2.77	3.02	2.74	3.02	2809052	63055260.00
2013/07/02	3.03	3.08	2.95	3.03	3498136	80994536.00
2013/07/03	2.98	3.23	2.94	3.14	3665989	86552264.00
2013/07/04	3.09	3.16	3.06	3.07	2147955	51165136.00
2013/07/05	3.09	3.23	2.94	2.96	3082897	73031640.00
2013/07/08	2.90	2.97	2.78	2.84	2158339	47749392.00
2013/07/09	2.87	2.98	2.82	2.94	1604659	36006260.00
2013/07/10	2.94	2.99	2.81	2.84	3540590	78260736.00
2013/07/11	2.82	2.88	2.77	2.86	2016701	43985660.00
2013/07/12	2.84	3.03	2.82	2.93	3002070	68245152.00
2013/07/15	2.92	3.03	2.88	3.03	4050525	92467992.00
2013/07/16	3.00	3.13	2.94	3.03	3046246	70634320.00
2013/07/17	3.07	3.08	2.87	2.88	3074134	70312344.00
2013/07/18	2.83	2.94	2.79	2.91	2104450	46542220.00
2013/07/19	2.91	3.05	2.86	2.88	2702098	61445144.00
2013/07/22	2.82	3.00	2.79	3.00	2308395	51787136.00
2013/07/23	2.99	3.04	2.92	3.02	2578965	59234188.00
2013/07/24	3.00	3.21	2.99	3.18	3753319	89677792.00
2013/07/25	3.17	3.17	2.85	2.85	3625338	83033664.00
2013/07/26	2.83	2.92	2.80	2.90	1961861	43131964.00
2013/07/29	2.87	2.90	2.77	2.79	1080461	23595132.00
2013/07/30	2.78	2.83	2.70	2.77	1342836	28698876.00
2013/07/31	2.77	2.81	2.76	2.76	787662	16889774.00
2013/08/01	2.75	2.92	2.75	2.89	1464193	32211186.00
2013/08/02	2.89	3.13	2.86	2.92	2002471	45911308.00
2013/08/05	2.92	2.99	2.90	2.96	1709547	38903180.00
2013/08/06	2.97	2.98	2.93	2.96	1153766	26264636.00
2013/08/07	2.96	3.10	2.86	2.88	1383868	31357840.00
2013/08/08	2.89	3.06	2.86	3.00	1887525	43392796.00
2013/08/09	2.99	3.08	2.88	3.03	1819649	41956768.00
2013/08/12	3.00	3.08	2.95	3.07	1768469	41104600.00
2013/08/13	3.04	3.29	3.04	3.22	3237540	79216424.00
2013/08/14	3.17	3.21	3.10	3.21	1917125	46402580.00
2013/08/15	3.18	3.18	3.07	3.07	1076477	25831660.00
2013/08/16	3.08	3.10	2.94	2.95	1545916	35890792.00
2013/08/19	2.93	3.06	2.93	3.04	775480	17961596.00
2013/08/20	3.03	3.11	3.00	3.05	780106	18304016.00
2013/08/21	3.05	3.15	3.00	3.14	990779	23388896.00
2013/08/22	3.12	3.16	3.09	3.15	1349746	32404872.00
2013/08/23	3.12	3.13	2.94	3.01	2518382	58664796.00
2013/08/26	2.99	3.03	2.96	3.01	1510818	34873756.00
2013/08/27	3.00	3.04	2.95	3.03	1339243	30792644.00
2013/08/28	3.00	3.03	2.93	2.96	1047363	24008618.00
2013/08/29	2.95	3.10	2.94	2.96	814497	18798710.00
2013/08/30	2.95	2.98	2.77	2.77	1429463	31472620.00
2013/09/02	2.80	2.81	2.75	2.81	617051	13270414.00
2013/09/03	2.81	2.86	2.80	2.85	568928	12427658.00
2013/09/04	2.84	2.85	2.78	2.83	680375	14750181.00
2013/09/05	2.83	2.91	2.81	2.87	800588	17699940.00
2013/09/06	2.88	2.88	2.83	2.88	538690	11860501.00
2013/09/09	2.88	2.88	2.83	2.86	685807	15058671.00
2013/09/10	2.85	2.88	2.80	2.82	709152	15440714.00
2013/09/11	2.83	2.83	2.68	2.69	1069272	22471266.00
2013/09/12	2.70	2.73	2.64	2.70	618232	12862560.00
2013/09/13	2.70	2.75	2.69	2.73	345310	7246613.50
2013/09/16	2.74	2.81	2.72	2.78	629119	13447130.00
2013/09/17	2.77	2.78	2.72	2.72	358933	7606728.50
2013/09/18	2.75	2.86	2.72	2.83	1056201	22888508.00
2013/09/23	2.87	2.92	2.80	2.90	956958	21289782.00
2013/09/24	2.88	2.90	2.84	2.88	555588	12280304.00
2013/09/25	2.88	2.88	2.82	2.82	571341	12549331.00
2013/09/26	2.81	2.86	2.77	2.79	495595	10764366.00
2013/09/27	2.80	2.82	2.78	2.80	469754	10134449.00
2013/09/30	2.79	2.83	2.79	2.83	520633	11314617.00
2013/10/08	2.81	2.91	2.81	2.90	712217	15751477.00
2013/10/09	2.88	2.97	2.88	2.96	956124	21628938.00
2013/10/10	2.96	2.96	2.82	2.82	1161328	25717398.00
2013/10/11	2.85	2.89	2.83	2.88	720455	15858834.00
2013/10/14	2.89	3.01	2.87	2.98	1827235	41555512.00
2013/10/15	2.96	2.98	2.86	2.89	1255194	28205864.00
2013/10/16	2.89	2.89	2.75	2.76	852919	18344354.00
2013/10/17	2.77	2.81	2.75	2.75	463534	9920595.00
2013/10/18	2.75	2.81	2.75	2.80	381861	8196896.50
2013/10/21	2.80	2.91	2.80	2.88	849829	18776818.00
2013/10/22	2.88	2.95	2.87	2.88	973850	21762102.00
2013/10/23	2.89	2.89	2.77	2.80	493182	10733666.00
2013/10/24	2.80	2.84	2.78	2.80	272231	5883921.00
2013/10/25	2.81	2.82	2.70	2.71	476218	10086618.00
2013/10/28	2.74	3.00	2.74	3.00	1483334	33647332.00
2013/10/29	3.08	3.15	2.85	2.99	4520570	105221616.00
2013/10/30	2.95	3.30	2.93	3.30	3442332	83874608.00
2013/10/31	3.50	3.64	3.33	3.39	6251683	168169408.00
2013/11/01	3.13	3.53	3.05	3.42	3838353	96394416.00
2013/11/04	3.33	3.64	3.23	3.43	4607352	121254480.00
2013/11/05	3.35	3.50	3.30	3.38	2769945	71897112.00
2013/11/06	3.35	3.60	3.33	3.38	3509811	93245912.00
2013/11/07	3.33	3.61	3.29	3.53	3248637	86175144.00
2013/11/08	3.50	3.57	3.35	3.42	2370444	62646440.00
2013/11/11	3.39	3.75	3.33	3.63	5146062	140531408.00
2013/11/12	3.60	3.81	3.52	3.57	4231658	118085048.00
2013/11/13	3.49	3.73	3.48	3.64	3827410	105465560.00
2013/11/14	3.57	3.82	3.52	3.78	4101727	115689120.00
2013/11/15	3.77	3.92	3.70	3.77	3965603	115317328.00
2013/11/18	3.73	3.79	3.64	3.75	3059385	86888424.00
2013/11/19	3.75	3.90	3.73	3.79	2507926	72763232.00
2013/11/20	3.80	3.80	3.69	3.74	1624497	46156124.00
2013/11/21	3.73	3.88	3.71	3.76	2152770	62219824.00
2013/11/22	3.72	3.81	3.63	3.64	1988639	56326200.00
2013/11/25	3.64	4.01	3.63	3.92	4982607	148705712.00
2013/11/26	3.84	4.25	3.80	4.03	5035164	153125264.00
2013/11/27	3.95	4.20	3.92	4.08	3550543	110242592.00
2013/11/28	4.09	4.50	4.09	4.50	3696112	121703336.00
2013/11/29	4.88	4.96	4.75	4.96	6742657	251682352.00
2013/12/02	4.45	4.45	4.45	4.45	429300	14540391.00
2013/12/03	4.00	4.12	4.00	4.00	7371944	225590416.00
2013/12/04	3.89	4.06	3.65	3.72	7432929	221273872.00
2013/12/05	3.63	3.68	3.54	3.56	3948200	108309400.00
2013/12/06	3.56	3.61	3.50	3.57	2449014	66736048.00
2013/12/09	3.57	3.72	3.54	3.70	3598119	100563408.00
2013/12/10	3.66	3.68	3.41	3.45	3457792	92572592.00
2013/12/11	3.40	3.49	3.40	3.44	1516056	39951368.00
2013/12/12	3.45	3.53	3.43	3.48	1822106	48647784.00
2013/12/13	3.45	3.67	3.43	3.54	3350519	91517920.00
2013/12/16	3.53	3.68	3.52	3.61	3074824	85083208.00
2013/12/17	3.60	3.62	3.40	3.43	1946652	51683436.00
2013/12/18	3.42	3.45	3.24	3.27	2017328	50806468.00
2013/12/19	3.28	3.34	3.25	3.25	1201383	30418152.00
2013/12/20	3.26	3.34	3.26	3.30	1208964	30629766.00
2013/12/23	3.31	3.31	3.16	3.23	951152	23471630.00
2013/12/24	3.24	3.42	3.24	3.38	1830107	47139672.00
2013/12/25	3.41	3.66	3.41	3.62	3975382	108656880.00
2013/12/26	3.55	3.70	3.54	3.55	3917557	108722472.00
2013/12/27	3.53	3.66	3.48	3.66	2418780	66622252.00
2013/12/30	3.68	3.74	3.60	3.62	2337430	65435116.00
2013/12/31	3.56	3.58	3.45	3.49	1774720	47615932.00
2014/01/02	3.49	3.61	3.47	3.59	1288331	35180596.00
2014/01/03	3.57	3.65	3.56	3.60	1341344	36909076.00
2014/01/06	3.60	3.60	3.26	3.27	1720139	44892232.00
2014/01/07	3.26	3.38	3.25	3.33	896219	22767438.00
2014/01/08	3.37	3.48	3.35	3.47	1439936	37946956.00
2014/01/09	3.46	3.47	3.32	3.33	1142642	29781872.00
2014/01/10	3.32	3.44	3.28	3.38	923142	23853666.00
2014/01/13	3.38	3.48	3.34	3.46	896235	23598010.00
2014/01/14	3.46	3.64	3.42	3.62	1833019	49986216.00
2014/01/15	3.61	3.70	3.56	3.65	1984842	55196436.00
2014/01/16	3.63	3.70	3.54	3.56	1536439	42399744.00
2014/01/17	3.55	3.64	3.53	3.56	1062136	29135302.00
2014/01/20	3.53	3.58	3.37	3.43	933089	24886290.00
2014/01/21	3.44	3.54	3.42	3.54	784192	20991974.00
2014/01/22	3.55	3.61	3.53	3.59	1379424	37774020.00
2014/01/23	3.58	3.79	3.57	3.77	2805215	79502576.00
2014/01/24	3.74	3.91	3.72	3.84	2836821	83085664.00
2014/01/27	3.78	3.79	3.65	3.68	2271609	64614760.00
2014/01/28	3.66	3.73	3.57	3.64	1515790	41969572.00
2014/01/29	3.64	3.70	3.60	3.68	1347327	37649816.00
2014/01/30	3.68	3.69	3.57	3.57	1257864	34720336.00
2014/02/07	3.54	3.70	3.54	3.70	1059940	29550086.00
2014/02/10	3.72	3.84	3.67	3.80	2187810	62799332.00
2014/02/11	3.79	3.82	3.68	3.73	2058926	59020508.00
2014/02/12	3.71	3.94	3.71	3.93	3187034	93680792.00
2014/02/13	3.92	4.03	3.79	3.81	2497657	74560184.00
2014/02/14	3.79	3.95	3.75	3.95	1599648	47216552.00
2014/02/17	3.99	4.12	3.95	4.11	2212365	68388480.00
2014/02/18	4.11	4.12	4.01	4.07	1739423	53772012.00
2014/02/19	4.04	4.08	3.87	3.93	1800378	54387612.00
2014/02/20	3.90	3.95	3.79	3.80	1257600	36878820.00
2014/02/21	3.80	3.87	3.77	3.83	839045	24459620.00
2014/02/24	3.81	3.89	3.79	3.89	1065676	31289060.00
2014/02/25	3.90	3.95	3.49	3.51	2192020	62306304.00
2014/02/26	3.50	3.50	3.26	3.43	1182792	30754582.00
2014/02/27	3.42	3.49	3.32	3.33	1093130	28552040.00
2014/02/28	3.27	3.41	3.26	3.40	764589	19482944.00
2014/03/03	3.40	3.48	3.40	3.47	636794	16785056.00
2014/03/04	3.46	3.46	3.40	3.43	468086	12295380.00
2014/03/05	3.46	3.57	3.43	3.50	801445	21480986.00
2014/03/06	3.49	3.52	3.42	3.49	552589	14696996.00
2014/03/07	3.49	3.56	3.45	3.47	566551	15175084.00
2014/03/10	3.45	3.45	3.30	3.30	611845	15740641.00
2014/03/11	3.30	3.36	3.28	3.31	338008	8607869.00
2014/03/12	3.31	3.34	3.24	3.29	403277	10155619.00
2014/03/13	3.28	3.33	3.27	3.32	326626	8284414.00
2014/03/14	3.32	3.33	3.29	3.31	318446	8083015.50
2014/03/17	3.31	3.44	3.31	3.44	719093	18704134.00
2014/03/18	3.43	3.48	3.43	3.44	585230	15478552.00
2014/03/19	3.45	3.52	3.42	3.50	846171	22581618.00
2014/03/20	3.50	3.54	3.37	3.37	724103	19131902.00
2014/03/21	3.32	3.43	3.30	3.42	368643	9504363.00
2014/03/24	3.41	3.46	3.38	3.42	393443	10311944.00
2014/03/25	3.40	3.43	3.37	3.40	307867	8021619.00
2014/03/26	3.40	3.48	3.40	3.47	554677	14670765.00
2014/03/27	3.47	3.50	3.40	3.40	704136	18480734.00
2014/03/28	3.27	3.32	3.05	3.05	1802723	43098440.00
2014/03/31	3.05	3.05	2.96	2.98	589549	13581282.00
2014/04/01	3.00	3.04	2.99	3.03	288485	6699014.50
2014/04/02	3.05	3.06	2.97	2.98	322002	7412049.00
2014/04/03	2.99	3.03	2.96	3.03	372995	8631955.00
2014/04/04	3.04	3.05	2.99	3.05	218377	5097929.50
2014/04/08	3.05	3.09	3.02	3.08	298561	7021983.50
2014/04/09	3.09	3.16	3.09	3.15	503300	12080821.00
2014/04/10	3.17	3.20	3.15	3.15	519535	12619012.00
2014/04/11	3.13	3.15	3.10	3.13	287077	6863210.00
2014/04/14	3.10	3.16	3.10	3.15	403393	9717970.00
2014/04/15	3.16	3.17	3.13	3.13	319120	7703327.50
2014/04/16	3.13	3.15	3.12	3.15	199579	4800570.00
2014/04/17	3.15	3.18	3.15	3.16	284665	6919338.00
2014/04/18	3.14	3.18	3.13	3.17	186173	4524658.00
2014/04/21	3.17	3.18	3.13	3.15	314331	7604831.50
2014/04/22	3.14	3.14	3.03	3.07	402513	9536744.00
2014/04/23	3.05	3.08	3.03	3.08	171661	4043535.50
2014/04/24	3.08	3.10	3.05	3.07	169883	4002942.00
2014/04/25	3.07	3.12	3.04	3.04	264300	6249134.00
2014/04/28	3.07	3.07	2.94	2.94	337793	7771079.50
2014/04/29	2.93	2.98	2.93	2.98	159192	3622149.00
2014/04/30	2.98	3.09	2.98	3.06	265195	6208726.50
2014/05/05	3.06	3.11	3.03	3.10	207599	4921410.50
2014/05/06	3.10	3.17	3.07	3.17	495613	11942515.00
2014/05/07	3.14	3.19	3.10	3.12	298612	7165079.50
2014/05/08	3.12	3.17	3.11	3.13	364256	8750679.00
2014/05/09	3.14	3.19	3.11	3.17	653170	15704280.00
2014/05/12	3.19	3.23	3.16	3.22	486685	11908355.00
2014/05/13	3.21	3.28	3.20	3.22	516438	12794015.00
2014/05/14	3.23	3.27	3.21	3.26	360970	8970037.00
2014/05/15	3.26	3.39	3.25	3.35	1001711	25455692.00
2014/05/16	3.35	3.35	3.21	3.25	638043	15956089.00
2014/05/19	3.25	3.26	3.20	3.24	354089	8722464.00
2014/05/20	3.26	3.36	3.26	3.29	580165	14688256.00
2014/05/21	3.27	3.37	3.25	3.35	798098	20290560.00
2014/05/22	3.35	3.37	3.29	3.31	544051	13869116.00
2014/05/23	3.30	3.37	3.30	3.37	617457	15717409.00
2014/05/26	3.36	3.46	3.36	3.44	899849	23407194.00
2014/05/27	3.41	3.44	3.36	3.36	592977	15345604.00
2014/05/28	3.35	3.42	3.33	3.40	680570	17519218.00
2014/05/29	3.41	3.42	3.29	3.31	584682	14971621.00
2014/05/30	3.31	3.53	3.31	3.50	1596966	41779744.00
2014/06/03	3.52	3.62	3.48	3.52	1383833	37408592.00
2014/06/04	3.51	3.58	3.49	3.57	1114403	30006142.00
2014/06/05	3.56	3.70	3.55	3.67	1546656	42970212.00
2014/06/06	3.66	3.70	3.64	3.69	1014256	28313312.00
2014/06/09	3.68	3.68	3.58	3.62	888805	24597744.00
2014/06/10	3.60	3.65	3.55	3.63	809858	22229230.00
2014/06/11	3.64	3.64	3.54	3.55	1103107	30023046.00
2014/06/12	3.56	3.57	3.50	3.50	986592	26537028.00
2014/06/13	3.50	3.59	3.48	3.59	1064120	28886320.00
2014/06/16	3.59	3.61	3.56	3.59	757630	20717266.00
2014/06/17	3.60	3.71	3.58	3.68	1202742	33556016.00
2014/06/18	3.67	3.68	3.53	3.57	1135187	30969642.00
2014/06/19	3.52	3.56	3.29	3.35	1039959	27345774.00
2014/06/20	3.42	3.70	3.40	3.59	1476129	40105192.00
2014/06/23	3.61	3.85	3.60	3.77	2625777	75317784.00
2014/06/24	3.75	3.79	3.70	3.75	1497265	42609144.00
2014/06/25	3.75	3.85	3.72	3.80	1480972	42835452.00
2014/06/26	3.80	3.94	3.80	3.87	1752957	51864776.00
2014/06/27	3.85	3.94	3.82	3.82	1665342	49129408.00
2014/06/30	3.81	3.98	3.76	3.92	1540815	45423732.00
2014/07/01	3.92	3.94	3.86	3.91	927029	27491566.00
2014/07/02	3.91	3.93	3.77	3.87	1046486	30573460.00
2014/07/03	3.88	3.91	3.82	3.88	853386	25143444.00
2014/07/04	3.88	3.94	3.80	3.94	1314411	38717940.00
2014/07/07	3.92	3.94	3.84	3.90	771558	22766484.00
2014/07/08	3.90	4.11	3.87	4.09	2047945	62485772.00
2014/07/09	4.06	4.08	3.92	3.99	1265745	38426564.00
2014/07/10	3.96	4.00	3.89	3.93	659219	19792576.00
2014/07/11	3.92	3.97	3.91	3.92	732983	21963914.00
2014/07/14	3.91	3.94	3.84	3.92	629659	18667168.00
2014/07/15	3.87	3.87	3.64	3.69	1721541	48870744.00
2014/07/16	3.67	3.68	3.52	3.54	1876847	51017788.00
2014/07/17	3.54	3.58	3.43	3.43	2071467	54934424.00
2014/07/18	3.44	3.71	3.44	3.49	2020252	54117360.00
2015/01/05	3.85	3.85	3.85	3.85	837541	9799230.00
2015/01/06	4.24	4.24	4.24	4.24	799774	10293091.00
2015/01/07	4.67	4.67	4.67	4.67	409356	5796481.00
2015/01/08	5.15	5.15	4.48	4.48	19442552	281156928.00
2015/01/09	4.40	4.60	4.25	4.30	12347311	165287648.00
2015/01/12	4.25	4.28	4.10	4.14	5941980	75013472.00
2015/01/13	4.10	4.26	4.10	4.25	4641384	59219976.00
2015/01/14	4.22	4.27	4.16	4.22	4519669	57846892.00
2015/01/15	4.23	4.55	4.22	4.43	9035254	121011200.00
2015/01/16	4.38	4.47	4.32	4.45	6060679	81152736.00
2015/01/19	4.34	4.61	4.20	4.34	7197901	96392216.00
2015/01/20	4.33	4.51	4.33	4.49	5959968	80277328.00
2015/01/21	4.51	4.94	4.50	4.94	14936137	216948016.00
2015/01/22	4.94	5.00	4.82	4.96	11904660	176886000.00
2015/01/23	4.95	4.95	4.79	4.79	6472991	95011368.00
2015/01/26	4.76	4.88	4.70	4.83	4229205	61831084.00
2015/01/27	4.83	5.32	4.80	5.32	12471762	193922112.00
2015/01/28	5.36	5.87	5.33	5.85	21472125	371207168.00
2015/01/29	5.73	5.83	5.53	5.64	13578808	232837760.00
2015/01/30	5.81	5.81	5.23	5.23	10875424	180146608.00
2015/02/02	5.19	5.44	4.99	5.30	6601237	105040856.00
2015/02/03	5.27	5.84	5.27	5.84	11044676	191166928.00
2015/02/04	6.03	6.41	5.91	6.19	18948183	350903840.00
2015/02/05	6.13	6.82	5.97	6.68	17087190	330846176.00
2015/02/06	6.68	7.07	6.45	6.59	15094519	304811872.00
2015/02/09	6.44	6.52	6.07	6.09	9736817	183626672.00
2015/02/10	6.10	6.71	6.10	6.71	10185973	199137632.00
2015/02/11	6.91	7.31	6.72	6.84	14278714	301094976.00
2015/02/12	6.67	7.12	6.67	6.87	11743111	242096080.00
2015/02/13	6.81	7.01	6.76	6.81	8311305	171932144.00
2015/02/16	6.88	7.10	6.74	6.96	8313745	173250064.00
2015/02/17	6.98	6.98	6.67	6.73	5717368	116245648.00
2015/02/25	6.67	6.85	6.35	6.44	5538264	108695416.00
2015/02/26	6.48	6.53	6.18	6.52	5414665	104023920.00
2015/02/27	6.44	6.94	6.36	6.79	7742080	155083296.00
2015/03/02	6.73	6.92	6.61	6.76	6795060	138126576.00
2015/03/03	6.73	6.73	6.44	6.46	6932861	137386848.00
2015/03/04	6.45	6.74	6.42	6.64	5286546	105220304.00
2015/03/05	6.68	6.89	6.61	6.75	7558520	153527504.00
2015/03/06	6.67	6.80	6.25	6.40	6748703	131098344.00
2015/03/09	6.31	6.40	6.10	6.36	4370588	82139680.00
2015/03/10	6.35	6.74	6.30	6.51	5915712	116232384.00
2015/03/11	6.44	6.51	6.26	6.29	4227840	81009360.00
2015/03/12	6.31	6.40	6.07	6.13	4293504	80515648.00
2015/03/13	6.13	6.36	6.13	6.30	3115528	58843828.00
2015/03/16	6.37	6.74	6.37	6.59	6788851	134628976.00
2015/03/17	6.60	6.85	6.51	6.77	9678119	194714000.00
2015/03/18	6.82	7.27	6.64	7.20	11890340	248119808.00
2015/03/19	7.30	7.31	6.94	7.21	9388873	200497248.00
2015/03/20	7.12	7.48	7.08	7.25	8433211	184125888.00
2015/03/23	7.18	7.41	6.98	7.28	9097396	196758064.00
2015/03/24	7.30	7.98	7.24	7.94	16097425	368675136.00
2015/03/25	7.82	8.02	7.65	7.90	11674111	275499328.00
2015/03/26	7.75	7.80	7.18	7.39	8700954	196806592.00
2015/03/27	7.37	7.37	7.08	7.23	4474583	97301416.00
2015/03/30	7.15	7.38	7.13	7.22	4039971	87894560.00
2015/03/31	7.22	7.41	7.18	7.28	4787478	104886656.00
2015/04/01	7.24	7.71	7.24	7.61	6191551	138216400.00
2015/04/02	7.55	7.68	7.39	7.45	5764183	130080296.00
2015/04/03	7.41	7.43	7.24	7.41	4726571	104253248.00
2015/04/07	7.46	8.16	7.46	8.16	11953650	283180384.00
2015/04/08	8.24	8.66	8.00	8.38	13772471	346345376.00
2015/04/09	8.25	8.25	7.58	8.07	7243789	172995888.00
2015/04/10	7.92	8.15	7.85	7.97	5558067	133317416.00
2015/04/13	7.88	8.15	7.80	8.15	8332142	199953072.00
2015/04/14	8.17	8.24	7.67	7.78	4673222	111430848.00
2015/04/15	7.81	7.83	7.08	7.08	5715641	125635160.00
2015/04/16	6.87	7.20	6.71	6.96	3503557	73734504.00
2015/04/17	7.04	7.25	6.96	7.14	3885973	83247160.00
2015/04/20	7.16	7.43	6.81	7.26	3829345	82845736.00
2015/04/21	7.22	7.63	7.18	7.60	4008251	90226984.00
2015/04/22	7.53	8.10	7.53	7.71	4235326	99968048.00
2015/04/23	7.72	7.91	7.55	7.59	4016616	92203064.00
2015/04/24	7.47	7.54	7.18	7.37	3907726	86452120.00
2015/04/27	7.39	7.60	7.31	7.47	2735287	61354924.00
2015/04/28	7.45	7.55	7.28	7.34	2482286	55258056.00
2015/04/29	7.34	8.05	7.23	7.94	6759197	158179232.00
2015/04/30	7.96	8.12	7.79	7.84	5554575	132985104.00
2015/05/04	7.84	8.23	7.57	8.21	5465569	131547912.00
2015/05/05	8.22	8.30	7.72	7.92	4381899	106054552.00
2015/05/06	7.85	8.69	7.82	7.99	8011855	200601024.00
2015/05/07	8.05	8.21	7.39	7.47	6920306	159848144.00
2015/05/08	7.50	8.04	7.50	7.95	5710986	133526400.00
2015/05/11	7.98	8.76	7.97	8.76	13304792	341320992.00
2015/05/12	8.79	9.47	8.59	8.92	11696768	311100704.00
2015/05/21	9.82	9.82	9.35	9.82	5011991	147196960.00
2015/05/22	10.36	10.53	9.14	9.48	12672409	371283168.00
2015/05/25	9.18	9.78	8.82	9.52	8566086	239684224.00
2015/05/26	9.38	10.32	9.38	10.14	8176667	242434352.00
2015/05/27	10.26	11.17	9.88	11.17	8819176	280629280.00
2015/05/28	11.20	11.67	10.05	10.07	9571788	311942624.00
2015/05/29	10.09	11.03	9.41	10.88	9057525	282551040.00
2015/06/01	10.88	11.85	10.88	11.55	6953751	239174576.00
2015/06/02	11.47	12.19	11.39	12.06	6647353	236428160.00
2015/06/03	12.03	12.07	11.38	11.81	5040715	176641792.00
2015/06/04	11.81	11.88	10.63	11.47	4277902	143970272.00
2015/06/05	11.53	12.22	11.37	11.77	5272151	184945248.00
2015/06/08	11.66	11.66	10.79	11.17	4560265	151456880.00
2015/06/09	11.03	11.13	10.62	11.02	3809969	124613072.00
2015/06/10	10.97	11.20	10.67	11.05	3815139	124545568.00
2015/06/11	10.92	11.97	10.92	11.80	5085539	173977712.00
2015/06/12	11.82	12.99	11.82	12.99	10625624	406880608.00
2015/06/15	13.08	13.37	12.46	12.85	6946297	269144320.00
2015/06/16	12.14	12.90	12.05	12.37	3168162	118210952.00
2015/06/17	12.37	13.61	12.04	13.61	4333663	168358912.00
2015/06/18	13.75	14.66	13.28	13.65	5324721	222884592.00
2015/06/19	13.05	13.85	12.63	12.92	4951487	195984896.00
2015/06/23	12.78	13.23	11.62	11.97	5191205	185775360.00
2015/06/24	12.21	13.18	11.57	13.18	4437873	164347008.00
2015/06/25	13.22	14.03	12.38	12.79	4045038	162381552.00
2015/06/26	12.24	12.48	11.50	11.50	3500171	123659000.00
2015/06/29	11.89	11.97	10.34	10.34	3682151	117212824.00
2015/06/30	9.30	11.37	9.30	11.37	4292189	131160896.00
2015/07/01	11.03	11.94	10.22	11.36	3877155	130972200.00
2015/07/02	11.36	11.36	10.22	10.75	4333062	134987264.00
2015/07/03	10.21	10.96	9.67	9.85	3566293	106123680.00
2015/07/06	10.63	10.69	8.86	8.86	3972850	111889192.00
2015/07/07	7.97	7.97	7.97	7.97	163100	3898090.00
2015/07/08	7.16	7.39	7.16	7.16	16284818	350567840.00
2015/07/14	7.89	7.89	7.89	7.89	555010	13131537.00
2015/07/15	8.68	8.68	7.23	7.33	5931147	145851568.00
2015/07/16	6.69	7.60	6.59	7.56	3888045	83287256.00
2015/07/17	7.52	8.22	7.33	8.14	3240771	77500440.00
2015/07/20	8.14	8.96	8.01	8.96	3957955	101068600.00
2015/07/21	8.85	9.78	8.67	9.41	4176059	117753064.00
2015/07/22	9.35	9.62	8.94	9.32	2889205	80185872.00
2015/07/23	9.32	9.99	9.06	9.74	2709121	77278552.00
2015/07/24	9.78	10.72	9.68	10.57	8436105	262345600.00
2015/07/27	10.19	10.55	9.50	9.50	4647879	139144224.00
2015/07/28	8.54	9.67	8.54	9.15	3991967	107276328.00
2015/07/29	9.35	10.07	9.01	10.07	4850641	139936192.00
2015/07/30	10.22	11.00	10.02	10.21	4842560	153616368.00
2015/07/31	10.02	10.57	9.68	10.08	2488231	75112904.00
2015/08/03	9.69	10.08	9.37	9.92	2249099	65729596.00
2015/08/04	9.98	10.69	9.62	10.65	3184677	98977392.00
2015/08/05	10.49	10.85	10.23	10.59	4180510	132041648.00
2015/08/06	10.64	10.79	9.53	9.53	5605218	167478976.00
2015/08/07	9.35	9.83	9.35	9.48	3367689	96065936.00
2015/08/10	9.55	10.00	9.39	9.90	3215315	93683600.00
2015/08/11	9.76	10.45	9.52	10.24	4633094	138540576.00
2015/08/12	10.04	10.32	9.63	9.72	2362671	71225248.00
2015/08/13	9.65	10.00	9.41	9.86	2317729	67063148.00
2015/08/14	9.96	10.85	9.86	10.85	11267810	360699744.00
2015/08/17	10.98	11.77	10.70	11.68	10577063	353323776.00
2015/08/18	11.33	11.47	10.51	10.51	5604263	183317488.00
2015/08/19	9.65	10.59	9.45	10.35	6928988	204078688.00
2015/08/20	9.89	10.46	9.72	9.72	3412287	102957792.00
2015/08/21	9.20	9.64	8.74	8.74	3427099	92019216.00
2015/11/13	9.62	9.62	9.62	9.62	8200881	236349392.00
2015/11/16	9.61	10.00	9.23	9.90	9631811	274814400.00
2015/11/17	9.89	10.04	9.27	9.45	9683736	281566688.00
2015/11/18	9.45	9.53	8.95	9.03	4813352	133422048.00
2015/11/19	9.08	9.77	8.88	9.68	6200218	176661424.00
2015/11/20	9.68	10.66	9.63	10.66	11477830	351928288.00
2015/11/23	10.65	11.16	10.21	10.34	10162985	324218144.00
2015/11/24	10.45	10.65	10.12	10.61	5838157	181815584.00
2015/11/25	10.52	11.53	10.51	11.19	8012304	267185136.00
2015/11/26	11.17	11.47	10.96	11.06	7762282	259694656.00
2015/11/27	10.99	11.31	10.03	10.43	6739519	218947712.00
2015/11/30	10.59	10.68	9.52	10.49	5544310	169408288.00
2015/12/01	10.44	11.33	10.22	11.09	6634785	215168016.00
2015/12/02	10.88	11.48	10.37	11.00	5945558	195556416.00
2015/12/03	10.79	11.19	10.54	11.17	5685174	185938224.00
2015/12/04	11.06	11.77	10.98	11.42	8729301	300188416.00
2015/12/07	11.37	11.60	11.13	11.49	5903054	200945376.00
2015/12/08	11.49	11.49	10.88	10.89	5404364	178841552.00
2015/12/09	10.70	11.12	10.57	11.03	5096012	164925632.00
2015/12/10	11.02	11.17	10.69	10.73	3757768	123577200.00
2015/12/11	10.69	10.73	10.17	10.40	3157890	98694456.00
2015/12/14	10.34	10.69	10.19	10.69	2262752	70963992.00
2015/12/15	10.68	11.03	10.67	10.80	2236291	72711568.00
2015/12/16	10.90	11.25	10.82	10.99	3734233	123600976.00
2015/12/17	11.03	11.43	11.03	11.40	5387944	181903648.00
2015/12/18	11.40	11.53	11.03	11.15	4169837	140003856.00
2015/12/21	11.09	11.35	10.91	11.26	3276951	109212136.00
2015/12/22	11.27	11.55	11.13	11.46	3373125	114447688.00
2015/12/23	11.51	11.51	10.90	10.91	3851591	128342832.00
2015/12/24	10.83	11.03	10.63	10.93	2436292	78633424.00
2015/12/25	10.96	11.47	10.96	11.25	5108196	172484096.00
2015/12/28	11.25	12.34	11.06	11.79	9922586	347117792.00
2015/12/29	11.72	12.46	11.40	12.37	9054809	322588192.00
2015/12/30	12.24	12.53	12.19	12.24	5563054	204946048.00
2015/12/31	12.31	12.78	11.77	12.04	6231295	230189472.00
2016/01/04	12.20	12.37	10.86	10.94	4134656	145566928.00
2016/01/05	10.53	11.03	9.84	10.42	6220681	192598832.00
2016/01/06	10.52	10.74	10.02	10.70	4038186	126062080.00
2016/01/07	10.36	10.45	9.63	9.63	936600	28030532.00
2016/01/08	9.82	9.95	8.84	9.25	4774181	136601520.00
2016/01/11	9.01	9.01	8.31	8.31	4166573	106553512.00
2016/01/12	8.20	8.47	7.67	8.30	3116158	76263520.00
2016/01/13	8.23	8.34	7.54	7.72	2744509	66358728.00
2016/01/14	7.30	8.20	7.03	8.15	2835854	65966336.00
2016/01/15	8.03	8.32	7.55	7.78	2719158	65478112.00
2016/01/18	7.69	8.24	7.50	8.10	2527022	60711180.00
2016/01/19	8.10	8.49	8.01	8.43	3000034	74159904.00
2016/01/20	8.34	8.47	8.11	8.30	2431742	60493440.00
2016/01/21	8.09	8.51	7.96	7.96	2354572	58281564.00
2016/01/22	8.07	8.20	7.67	8.01	1831459	43759292.00
2016/01/25	8.16	8.33	8.00	8.20	2146294	52666884.00
2016/01/26	8.10	8.20	7.38	7.38	1904715	44963488.00
2016/01/27	7.46	7.50	6.63	6.93	3260912	67089664.00
2016/01/28	6.82	6.92	6.23	6.25	1973315	38870772.00
2016/01/29	6.13	6.75	6.11	6.62	3326259	64456932.00
2016/02/01	6.66	7.29	6.62	7.06	4663503	98480168.00
2016/02/02	6.90	7.32	6.83	7.26	3915006	84294448.00
2016/02/03	7.16	7.26	6.95	7.20	2291919	48752460.00
2016/02/04	7.21	7.45	7.20	7.37	3106936	68322328.00
2016/02/05	7.42	7.49	7.18	7.18	1913867	42030672.00
2016/02/15	6.92	7.10	6.83	7.05	1748654	36627380.00
2016/02/16	7.10	7.49	7.08	7.43	2415789	53439016.00
2016/02/17	7.43	7.86	7.34	7.85	3244690	73797176.00
2016/02/18	7.93	7.96	7.58	7.64	2611203	60517932.00
2016/02/19	7.58	7.82	7.58	7.72	2033848	46851000.00
2016/02/22	7.86	8.28	7.70	8.20	4750296	114392176.00
2016/02/23	8.12	8.66	8.12	8.41	5808458	145271424.00
2016/02/24	8.40	8.54	7.90	8.18	3629209	88730320.00
2016/02/25	8.22	8.29	7.36	7.36	4329373	98506768.00
2016/02/26	7.36	7.49	6.83	7.09	3658762	78768232.00
2016/02/29	7.06	7.06	6.37	6.37	2742205	53331716.00
2016/03/01	6.32	6.65	5.89	6.56	4054244	77325560.00
2016/03/02	6.52	6.95	6.32	6.85	3868591	77253400.00
2016/03/03	6.86	7.16	6.80	7.04	4289106	89808768.00
2016/03/04	7.02	7.28	6.39	6.51	5555493	115647144.00
2016/03/07	6.64	6.96	6.64	6.82	2891987	59008776.00
2016/03/08	6.72	6.88	6.28	6.86	3732367	73995640.00
2016/03/09	6.66	6.87	6.53	6.62	2179827	43797516.00
2016/03/10	6.64	6.72	6.38	6.43	1948407	38544864.00
2016/03/11	6.40	6.58	6.29	6.45	1735326	33447076.00
2016/03/14	6.60	6.98	6.60	6.82	3646500	74552752.00
2016/03/15	6.79	7.12	6.74	7.09	4621270	96779168.00
2016/03/16	7.09	7.15	6.66	6.85	4036560	84262912.00
2016/03/17	6.88	7.36	6.83	7.30	5681595	121192240.00
2016/03/18	7.24	7.61	7.24	7.57	5861752	131472032.00
2016/03/21	7.68	7.75	7.51	7.67	6138846	140283296.00
2016/03/22	7.57	7.66	7.50	7.58	3891104	88598736.00
2016/03/23	7.59	7.72	7.53	7.66	3445666	78810384.00
2016/03/24	7.60	7.73	7.52	7.53	3996252	91061440.00
2016/03/25	7.50	7.82	7.39	7.82	4087591	93917704.00
2016/03/28	7.83	7.96	7.51	7.55	4429324	103424616.00
2016/03/29	7.50	7.60	7.17	7.33	2661408	58929100.00
2016/03/30	7.40	7.80	7.40	7.77	3313058	75860544.00
2016/03/31	7.80	8.10	7.77	7.89	4759673	113673888.00
2016/04/01	7.84	7.91	7.50	7.91	3550743	82574328.00
2016/04/05	7.92	8.31	7.77	8.23	5401894	131371816.00
2016/04/06	8.17	8.34	8.13	8.27	4365353	107528584.00
2016/04/07	8.27	8.51	8.10	8.38	5537195	137563984.00
2016/04/08	8.25	8.53	7.94	8.40	6268094	156109008.00
2016/04/11	8.60	9.25	8.36	8.93	11015030	286740320.00
2016/04/12	8.85	8.88	8.43	8.48	5982735	154624256.00
2016/04/13	8.52	8.84	8.52	8.59	5626730	146673920.00
2016/04/14	8.67	8.83	8.60	8.69	3845104	100234760.00
2016/04/15	8.73	8.77	8.56	8.75	3695397	95955344.00
2016/04/18	8.66	8.68	8.43	8.51	3832074	97971792.00
2016/04/19	8.40	8.46	8.25	8.36	4453678	111337152.00
2016/04/20	8.37	8.43	7.51	7.53	6510338	151913920.00
2016/04/21	7.54	7.59	7.26	7.29	3814740	85692832.00
2016/04/22	7.23	7.49	7.19	7.48	3040976	67269880.00
2016/04/25	7.47	7.74	7.10	7.58	3653951	82070392.00
2016/04/26	7.58	7.93	7.58	7.93	3951534	92221720.00
2016/04/27	7.99	8.03	7.68	7.80	3999515	94690208.00
2016/04/28	7.78	7.93	7.63	7.92	2779149	65036696.00
2016/04/29	7.90	8.22	7.90	8.03	4264519	103351984.00
2016/05/03	7.93	8.46	7.93	8.43	5342730	132580488.00
2016/05/04	8.34	8.44	8.25	8.35	4319184	108082656.00
2016/05/05	8.28	8.39	8.25	8.38	2881004	71930032.00
2016/05/06	8.38	8.47	7.77	7.80	4624477	112003056.00
2016/05/09	7.71	7.79	7.40	7.61	3431941	77911928.00
2016/05/10	7.61	7.73	7.55	7.62	1868136	42791212.00
2016/05/11	7.66	7.72	7.34	7.34	2503458	56227576.00
2016/05/12	7.26	7.39	6.99	7.33	2406302	51988608.00
2016/05/13	7.29	7.44	7.22	7.26	1836934	40474956.00
2016/05/16	7.16	7.39	7.10	7.38	2269736	49417676.00
2016/05/17	7.43	7.52	7.23	7.38	2408214	53360316.00
2016/05/18	7.26	7.28	6.82	6.90	3126042	65707912.00
2016/05/19	6.92	7.16	6.91	6.94	2179505	46078716.00
2016/05/20	6.97	7.06	6.83	7.06	1935198	40526420.00
2016/05/23	7.16	7.39	7.10	7.33	2728407	59383832.00
2016/05/24	7.23	7.35	7.10	7.21	2113193	45690568.00
2016/05/25	7.29	7.39	7.09	7.19	2463625	53723060.00
2016/05/26	7.19	7.26	6.86	7.23	2418437	51352664.00
2016/05/27	7.20	7.60	7.13	7.50	5103147	113651112.00
2016/05/30	7.46	7.78	7.39	7.55	5319271	121709352.00
2016/05/31	7.59	7.99	7.55	7.99	5041527	117996808.00
2016/06/01	7.99	8.10	7.91	7.93	4731822	113494152.00
2016/06/02	7.90	8.47	7.85	8.41	6746154	167222864.00
2016/06/03	8.41	8.41	8.20	8.29	4686259	116705312.00
2016/06/06	8.34	8.46	8.15	8.28	3769876	93834224.00
2016/06/07	8.27	8.72	8.24	8.51	5731903	145515744.00
2016/06/08	8.51	8.61	8.30	8.44	4255803	107774560.00
2016/06/13	8.26	8.63	7.83	7.95	4815150	119626504.00
2016/06/14	7.93	8.09	7.87	8.05	3307142	79299576.00
2016/06/15	7.93	8.72	7.92	8.57	6450866	164111392.00
2016/06/16	8.61	8.76	8.40	8.68	6576449	168893664.00
2016/06/17	8.74	9.00	8.47	8.61	6240415	163657072.00
2016/06/20	8.54	9.24	8.53	9.07	8353604	223235776.00
2016/06/21	9.14	9.14	8.78	8.85	7159079	192782480.00
2016/06/22	8.73	9.08	8.73	9.05	5033602	134031840.00
2016/06/23	9.01	9.13	8.69	8.83	5585701	148135088.00
2016/06/24	8.79	9.21	8.34	8.83	6591414	173805264.00
2016/06/27	8.84	9.72	8.84	9.72	8332559	236765184.00
2016/06/28	9.92	10.18	9.73	9.78	15124494	451567360.00
2016/06/29	9.75	9.89	9.53	9.79	8056264	233912224.00
2016/06/30	9.68	10.07	9.59	9.62	7693026	226050064.00
2016/07/01	9.57	10.25	9.57	10.21	10542951	315913952.00
2016/07/04	10.02	10.29	9.93	10.11	7335298	221760464.00
2016/07/05	10.13	10.25	9.94	10.05	5654090	170102560.00
2016/07/06	9.98	10.24	9.88	9.98	3494488	104539512.00
2016/07/07	10.01	10.01	9.55	9.70	6787575	196569552.00
2016/07/08	9.73	10.55	9.71	10.25	10544879	322422752.00
2016/07/11	10.36	11.28	10.35	10.55	13275608	435074912.00
2016/07/12	10.64	11.23	10.49	10.90	9617374	310287168.00
2016/07/13	10.73	10.89	10.51	10.55	6537437	206517072.00
2016/07/14	10.57	10.82	10.49	10.58	4166407	132242448.00
2016/07/15	10.62	10.69	10.22	10.61	4138010	129145256.00
2016/07/18	10.60	11.01	10.59	10.67	4267255	137326544.00
2016/07/19	10.71	10.71	10.25	10.45	4151556	128613872.00
2016/07/20	10.33	10.42	10.25	10.28	3107715	95663088.00
2016/07/21	10.28	10.55	10.22	10.33	3206994	99274752.00
2016/07/22	10.30	10.68	10.30	10.49	5407830	170135888.00
2016/07/25	10.39	10.54	10.22	10.32	2881261	88821200.00
2016/07/26	10.32	10.71	10.25	10.71	3886858	123152648.00
2016/07/27	10.79	10.82	9.68	9.84	5670850	173074064.00
2016/07/28	9.75	9.98	9.22	9.55	5123216	146472784.00
2016/07/29	9.47	9.56	9.12	9.24	2992318	83048584.00
2016/08/01	9.13	9.23	8.70	9.19	2812057	75446360.00
2016/08/02	9.17	9.27	9.09	9.22	1681167	46175968.00
2016/08/03	9.30	9.80	9.14	9.67	4696937	134170328.00
2016/08/04	9.68	9.77	9.55	9.67	1689014	48772988.00
2016/08/05	9.67	9.88	9.58	9.58	2155969	62626344.00
2016/08/08	9.59	9.76	9.38	9.72	1991044	57194828.00
2016/08/09	9.72	9.91	9.72	9.84	1827448	53575696.00
2016/08/10	9.85	9.95	9.62	9.63	2209831	64014672.00
2016/08/11	9.58	9.70	9.27	9.33	2092557	59206388.00
2016/08/12	9.34	9.53	9.31	9.43	1735186	48630244.00
2016/08/15	9.50	9.84	9.38	9.80	2807163	81062360.00
2016/08/16	9.98	10.22	9.85	9.95	3597043	107968160.00
2016/08/17	9.92	10.16	9.76	9.83	2865539	84955616.00
2016/08/18	9.73	9.83	9.58	9.71	2902588	84006416.00
2016/08/19	9.75	9.87	9.56	9.82	2438293	71074440.00
2016/08/22	9.88	10.16	9.78	9.99	4262630	127620624.00
2016/08/23	9.91	10.06	9.84	9.87	2438656	72343832.00
2016/08/24	9.88	10.65	9.88	10.39	6136571	188594160.00
2016/08/25	10.32	10.69	10.26	10.66	6227264	196010704.00
2016/08/26	10.38	10.77	10.30	10.62	5957008	186459712.00
2016/08/29	10.59	10.59	10.32	10.48	3399362	105603000.00
2016/08/30	10.26	10.56	9.98	10.50	6986568	213923392.00
2016/08/31	10.42	11.32	10.39	11.12	11090914	364538688.00
2016/09/01	10.99	11.28	10.89	11.01	5091752	168574752.00
2016/09/02	11.07	11.07	10.53	10.86	4637430	148619072.00
2016/09/05	10.82	10.92	10.63	10.81	2883160	92635384.00
2016/09/06	10.75	11.39	10.55	11.36	5981959	198006224.00
2016/09/07	11.33	11.80	11.23	11.44	6654600	228743808.00
2016/09/08	11.29	11.46	10.92	10.96	4247744	140961056.00
2016/09/09	11.14	11.90	11.05	11.37	5349065	182925968.00
2016/09/12	11.06	11.43	10.91	11.04	5487503	181575808.00
2016/09/13	11.18	11.26	10.72	11.01	2752252	90510544.00
2016/09/14	10.82	12.06	10.82	10.96	3627552	120106440.00
2016/09/19	10.96	11.52	10.96	11.48	4436204	149562960.00
2016/09/20	11.52	12.16	11.49	12.06	7358349	262246160.00
2016/09/21	12.06	12.49	11.93	12.00	4110396	149829808.00
2016/09/22	12.37	12.46	11.83	12.02	2546596	91439112.00
2016/09/23	11.93	12.67	11.90	12.35	4404819	162498624.00
2016/09/26	12.25	12.35	11.62	11.68	3772925	134280032.00
2016/09/27	11.76	12.15	11.76	12.02	2966380	105670208.00
2016/09/28	12.00	12.06	11.42	11.86	3792871	132393872.00
2016/09/29	11.73	11.86	11.52	11.59	3071423	107306136.00
2016/09/30	11.69	11.70	11.21	11.21	4136083	140393760.00
2016/10/10	11.33	11.59	11.23	11.57	4152668	141926800.00
2016/10/11	11.60	11.66	11.42	11.51	2487228	85545992.00
2016/10/12	11.51	11.61	11.36	11.39	2817411	96445608.00
2016/10/13	11.39	12.01	11.34	11.99	4802852	168081504.00
2016/10/14	11.90	11.97	11.66	11.85	2354530	83011280.00
2016/10/17	12.13	12.52	11.98	12.12	6481221	235732912.00
2016/10/18	12.07	12.40	11.87	12.15	4500366	162371536.00
2016/10/19	12.12	12.12	11.71	11.82	3444675	121928336.00
2016/10/20	11.84	12.48	11.80	12.27	6480709	236527792.00
2016/10/21	12.28	12.38	11.77	12.13	2847282	102652160.00
2016/10/24	12.11	12.17	11.93	12.07	2990543	107562616.00
2016/10/25	12.07	12.15	11.73	11.77	4193720	148722176.00
2016/10/26	11.76	11.79	11.33	11.41	4467651	153142640.00
2016/10/27	11.43	11.55	11.23	11.36	2743592	93235816.00
2016/10/28	11.42	11.73	11.41	11.58	4478609	154998832.00
2016/10/31	11.48	11.79	11.48	11.78	2858362	99408496.00
2016/11/01	11.80	12.05	11.70	11.87	2728809	96990736.00
2016/11/02	11.80	11.92	11.52	11.55	2394305	83449960.00
2016/11/03	11.50	11.83	11.50	11.59	1849674	64170704.00
2016/11/04	11.60	11.66	11.23	11.29	3254580	110873416.00
2016/11/07	11.27	11.36	11.19	11.26	1925212	64798500.00
2016/11/08	11.28	11.58	11.28	11.49	2363642	80724992.00
2016/11/09	11.52	11.52	10.96	11.29	3361570	112891056.00
2016/11/10	11.31	11.44	11.26	11.33	2444260	82715088.00
2016/11/11	11.33	11.37	11.02	11.34	2878583	96059336.00
2016/11/14	11.35	11.69	11.29	11.56	3115555	107255880.00
2016/11/15	11.46	11.58	11.36	11.54	1712602	58578544.00
2016/11/16	11.72	11.98	11.63	11.67	4339672	153244816.00
2016/11/17	11.62	11.67	11.34	11.40	2140198	73006712.00
2016/11/18	11.35	11.72	11.35	11.65	3079408	106388936.00
2016/11/21	12.00	12.18	11.81	11.86	5328585	190238272.00
2016/11/22	11.97	11.98	11.70	11.93	4023756	142253264.00
2016/11/23	12.00	12.06	11.75	11.93	2959721	105111760.00
2016/11/24	11.86	12.02	11.63	11.71	2601950	91876872.00
2016/11/25	11.71	11.78	11.23	11.59	2588402	88701816.00
2016/11/28	11.67	12.03	11.49	11.89	5327995	187842400.00
2016/11/29	11.77	11.93	11.56	11.58	3883574	136184960.00
2016/11/30	11.42	12.03	11.41	11.99	4792476	169334208.00
2016/12/01	11.96	12.67	11.88	12.33	10414677	381814560.00
2016/12/02	12.27	12.73	12.14	12.57	7309043	271685248.00
2016/12/05	12.44	12.94	12.26	12.77	8474903	318896064.00
2016/12/14	12.07	12.52	11.50	12.30	10176152	367765792.00
2016/12/15	12.30	12.53	11.93	12.52	5492274	200275024.00
2016/12/16	12.44	13.78	12.31	13.78	8682666	336242816.00
2016/12/19	13.58	14.07	13.27	13.72	5948633	241980592.00
2016/12/20	13.58	13.98	13.29	13.72	4521476	183362512.00
2016/12/21	13.78	13.79	13.36	13.48	3039264	122333264.00
2016/12/22	13.43	13.64	13.28	13.30	3208081	128611584.00
2016/12/23	13.18	13.89	13.11	13.61	4543326	183535280.00
2016/12/26	13.29	13.41	12.83	13.29	3983479	156405504.00
2016/12/27	13.24	14.20	13.18	13.89	4567274	188494320.00
2016/12/28	13.86	13.95	13.51	13.60	2640348	107394776.00
2016/12/29	13.64	13.88	12.91	13.03	4475387	178831040.00
2016/12/30	13.04	13.31	12.63	13.17	4649886	181112256.00
2017/03/29	12.36	12.57	11.85	11.85	7468741	266748880.00
2017/03/30	11.15	11.37	10.66	10.75	14950911	486809248.00
2017/03/31	10.69	11.24	10.56	10.71	6343978	204484544.00
2017/04/05	10.65	10.94	10.06	10.91	6211003	196933200.00
2017/04/06	10.79	11.04	10.74	10.78	4499210	145748416.00
2017/04/07	10.78	10.87	10.43	10.49	4834856	153906320.00
2017/04/10	10.24	10.29	9.60	9.96	9492317	279364800.00
2017/04/11	9.91	10.14	9.83	10.01	4110297	122816424.00
2017/04/12	10.04	10.15	9.87	10.02	2694494	80570696.00
2017/04/13	10.03	10.43	10.02	10.36	3832964	117452520.00
2017/04/14	10.39	10.54	10.16	10.39	2865828	88580160.00
2017/04/17	10.28	10.49	9.95	10.12	2703690	82403760.00
2017/04/18	10.15	10.32	9.95	9.95	2325508	70388592.00
2017/04/19	9.90	10.01	9.64	9.80	2426640	70562744.00
2017/04/20	9.80	10.03	9.51	9.71	2866140	83852432.00
2017/04/21	9.70	9.87	9.39	9.50	2333206	66760036.00
2017/04/24	9.49	9.80	8.95	9.60	5870053	163777984.00
2017/04/25	9.60	9.82	9.41	9.69	3205944	92647728.00
2017/04/26	9.55	9.86	9.55	9.72	2327753	67752184.00
2017/04/27	9.73	10.23	9.58	10.16	3695270	109951888.00
2017/04/28	10.11	10.37	10.05	10.15	2433587	74215240.00
2017/05/02	10.15	10.15	9.86	9.93	2674158	79627400.00
2017/05/03	9.93	10.07	9.87	9.96	1327878	39529452.00
2017/05/04	9.93	10.07	9.91	9.95	1629265	48580188.00
2017/05/05	9.91	10.17	9.88	10.01	2193694	65663468.00
2017/05/08	9.93	10.30	9.93	10.01	2749036	82869312.00
2017/05/09	9.98	10.04	9.54	10.02	2260014	66591020.00
2017/05/10	9.99	10.31	9.98	10.11	3709087	112646968.00
2017/05/11	10.05	10.08	9.60	9.89	3165500	92940080.00
2017/05/12	9.93	10.13	9.67	9.76	2820117	83274336.00
2017/05/15	9.68	9.83	9.59	9.71	1573457	45570540.00
2017/05/16	9.74	10.17	9.63	10.11	3682401	109166192.00
2017/05/17	10.06	10.87	10.05	10.42	6291510	197483392.00
2017/05/18	10.35	10.65	10.27	10.60	3756655	117692840.00
2017/05/19	10.55	10.59	10.27	10.37	2548206	79017128.00
2017/05/22	10.28	10.35	9.82	9.82	2979000	89162720.00
2017/05/23	9.80	9.92	9.37	9.45	2598009	74846048.00
2017/05/24	9.33	9.63	9.29	9.57	1815441	51335620.00
2017/05/25	9.63	9.67	9.37	9.60	1846944	52597984.00
2017/05/26	9.63	10.03	9.59	9.77	2220072	65401028.00
2017/05/31	9.97	10.15	9.81	9.81	1668709	49784696.00
2017/06/01	9.73	9.85	9.51	9.51	1513691	43692004.00
2017/06/02	9.43	9.80	9.31	9.76	1961696	55800464.00
2017/06/05	9.76	10.02	9.75	9.89	1595529	47149348.00
2017/06/06	9.85	9.95	9.80	9.90	955700	28207630.00
2017/06/07	9.93	10.55	9.88	10.43	4933154	151760752.00
2017/06/08	10.45	10.61	10.39	10.54	3469683	108699016.00
2017/06/09	10.52	10.93	10.33	10.84	5186139	164932512.00
2017/06/12	10.65	10.65	10.25	10.31	4424254	137454592.00
2017/06/13	10.22	10.44	9.91	10.32	5778115	175457552.00
2017/06/14	10.35	10.35	10.05	10.12	3500792	105946760.00
2017/06/15	10.18	10.94	10.13	10.72	7077161	223605760.00
2017/06/16	10.75	10.86	10.43	10.49	6386435	201838256.00
2017/06/19	10.50	10.64	10.07	10.24	10168661	104431496.00
2017/06/20	10.30	10.50	9.89	9.96	13403584	135560848.00
2017/06/21	9.95	10.10	9.65	10.04	11241581	111142912.00
2017/06/22	10.10	10.10	9.51	9.53	9420241	92454448.00
2017/06/23	9.55	9.69	9.30	9.51	8565353	81181736.00
2017/06/26	9.40	9.45	8.92	9.18	11554102	105510760.00
2017/06/27	9.20	9.38	9.03	9.30	7940888	73089080.00
2017/06/28	9.29	9.29	8.86	8.96	11502862	103831504.00
2017/06/29	8.90	9.06	8.89	8.96	4351960	39032656.00
2017/06/30	8.90	8.94	8.60	8.73	9023202	79035616.00
2017/07/03	8.76	8.86	8.67	8.75	7086689	62045148.00
2017/07/04	8.73	8.99	8.70	8.95	8259882	73384696.00
2017/07/05	9.00	9.33	8.98	9.27	12834734	118133968.00
2017/07/06	9.19	9.30	9.04	9.16	7477807	68444968.00
2017/07/07	9.14	9.16	9.02	9.07	5282607	47967516.00
2017/07/10	9.11	9.28	8.98	8.99	6597850	60353084.00
2017/07/11	9.00	9.04	8.68	8.76	7434801	65728648.00
2017/07/12	8.71	8.83	8.20	8.60	9710378	82340528.00
2017/07/13	8.53	8.60	8.39	8.41	3977057	33653732.00
2017/07/14	8.39	8.57	8.21	8.37	5247988	44128312.00
2017/07/17	8.32	8.33	7.59	7.62	10040638	79643832.00
2017/07/18	7.60	7.75	7.56	7.66	5057714	38777880.00
2017/07/19	7.68	7.71	7.55	7.67	5343861	40743148.00
2017/07/20	7.66	7.83	7.60	7.67	5687350	43900880.00
2017/07/21	7.69	7.76	7.53	7.67	4829560	36893952.00
2017/07/24	7.68	7.98	7.56	7.94	6175665	47913824.00
2017/07/25	7.89	8.03	7.82	7.87	4774650	37749104.00
2017/07/26	7.88	7.93	7.66	7.69	3844795	29711166.00
2017/07/27	7.66	8.18	7.61	8.06	10062531	80309704.00
2017/07/28	8.10	8.10	7.80	7.96	6101000	48322176.00
2017/07/31	7.87	7.94	7.78	7.86	3586155	28214272.00
2017/08/01	7.86	7.89	7.77	7.81	3900672	30478074.00
2017/08/02	7.86	7.87	7.71	7.72	4012240	31133766.00
2017/08/03	7.72	7.84	7.54	7.68	3861062	29824322.00
2017/08/04	7.68	7.75	7.60	7.62	2973450	22793422.00
2017/08/07	7.62	7.71	7.59	7.61	3687200	28139502.00
2017/08/08	7.63	7.64	7.37	7.51	6225304	46628984.00
2017/08/09	7.52	7.86	7.47	7.77	8794481	67403176.00
2017/08/10	7.69	7.84	7.67	7.74	5912961	45774572.00
2017/08/11	7.69	7.77	7.60	7.64	3013832	23140340.00
2017/08/14	7.67	7.91	7.64	7.86	5417879	42440892.00
2017/08/15	7.88	8.32	7.87	8.21	12490428	102144832.00
2017/08/16	8.27	8.67	8.21	8.54	16542368	140520320.00
2017/08/17	8.54	8.82	8.29	8.57	13815515	118940608.00
2017/08/18	8.32	8.50	8.14	8.21	11713835	96940504.00
2017/08/21	8.19	8.36	8.12	8.29	6883266	56698276.00
2017/08/22	8.35	8.76	8.20	8.49	12982719	110503200.00
2017/08/23	8.42	8.45	8.26	8.33	5496568	45853872.00
2017/08/24	8.29	8.32	8.15	8.17	4185431	34309944.00
2017/08/25	8.23	8.42	8.18	8.29	6158221	51411328.00
2017/08/28	8.30	8.49	8.24	8.36	6920854	57913716.00
2017/08/29	8.37	8.41	8.13	8.19	7158204	58712564.00
2017/08/30	8.19	8.25	8.10	8.16	4988215	40703256.00
2017/08/31	8.17	8.21	8.14	8.19	3638304	29716274.00
2017/09/01	8.20	8.23	8.13	8.21	4493255	36670248.00
2017/09/04	8.21	8.44	8.14	8.35	7564080	62722944.00
2017/09/05	8.35	8.42	8.29	8.30	5351042	44695772.00
2017/09/06	8.29	8.52	8.16	8.46	7875613	65744140.00
2017/09/07	8.40	8.68	8.40	8.60	13439373	114749520.00
2017/09/08	8.66	8.66	8.39	8.60	9267162	78872256.00
2017/09/11	8.55	8.64	8.41	8.61	8274056	70797608.00
2017/09/12	8.60	8.60	8.36	8.43	8941793	75517720.00
2017/09/13	8.42	8.42	8.21	8.35	6361791	52743040.00
2017/09/14	8.34	8.35	8.23	8.26	3921730	32474978.00
2017/09/15	8.26	8.26	8.15	8.22	3688394	30234370.00
2017/09/18	8.24	8.38	8.20	8.38	4832121	40012004.00
2017/09/19	8.36	8.42	8.23	8.30	3608854	30040226.00
2017/09/20	8.29	8.77	8.22	8.68	15452403	131881296.00
2017/09/21	8.65	9.16	8.54	8.85	24078808	213645152.00
2017/09/22	8.73	9.36	8.69	9.22	26304675	240558896.00
2017/09/25	9.50	9.77	8.92	8.98	29789607	278788416.00
2017/09/26	8.94	9.15	8.75	8.90	12453286	110849480.00
2017/09/27	8.90	9.34	8.83	9.28	17244594	158190528.00
2017/09/28	9.21	9.42	9.13	9.17	13071643	121213368.00
2017/09/29	9.18	9.76	9.13	9.35	20242358	190783936.00
2017/10/09	9.63	9.89	9.41	9.58	21378333	206066912.00
2017/10/10	9.51	9.89	9.40	9.55	20427251	196824176.00
2017/10/11	9.50	9.52	9.03	9.08	16649188	153551664.00
2017/10/12	9.09	9.33	9.09	9.25	9232473	85096728.00
2017/10/13	9.31	9.31	9.12	9.19	6199126	57016324.00
2017/10/16	8.89	8.89	8.27	8.28	27774981	234655264.00
2017/10/17	8.28	8.28	8.06	8.11	9691144	78899896.00
2017/10/18	8.11	8.25	7.97	8.03	6172036	50172352.00
2017/10/19	8.00	8.09	7.73	7.80	8683769	68078664.00
2017/10/20	7.76	7.92	7.67	7.87	4446408	34792304.00
2017/10/23	7.82	7.99	7.78	7.93	4178543	33005802.00
2017/10/24	7.93	7.98	7.80	7.90	3853618	30420058.00
2017/10/25	7.90	7.95	7.86	7.94	3037142	24029052.00
2017/10/26	8.00	8.33	7.95	8.24	11269392	92202008.00
2017/10/27	8.22	8.29	8.05	8.16	6490953	52851728.00
2017/10/30	8.14	8.14	7.70	7.80	8075027	63042832.00
2017/10/31	7.77	7.86	7.64	7.77	4441295	34371564.00
2017/11/01	7.79	7.92	7.50	7.80	4408045	34412532.00
2017/11/02	7.80	7.88	7.62	7.81	4806392	37127588.00
2017/11/03	7.80	7.95	7.75	7.77	4951779	38853984.00
2017/11/06	7.44	7.62	7.08	7.46	11269016	83877768.00
2017/11/07	7.43	7.58	7.39	7.48	4217520	31618248.00
2017/11/08	7.48	7.53	7.33	7.46	5203633	38736348.00
2017/11/09	7.42	7.50	7.30	7.35	6003437	44232212.00
2017/11/10	7.35	7.44	7.23	7.43	9313333	68311488.00
2017/11/13	7.39	7.40	7.14	7.17	8638754	62681456.00
2017/11/14	7.20	7.24	7.06	7.13	7035735	50368932.00
2017/11/15	7.19	7.28	7.07	7.09	6931378	49457820.00
2017/11/16	7.11	7.21	7.01	7.12	4993022	35571148.00
2017/11/17	7.11	7.11	6.41	7.05	17770093	119702392.00
2017/11/20	6.79	7.00	6.56	6.92	11065168	75389680.00
2017/11/21	6.92	7.05	6.80	6.92	5126213	35320564.00
2017/11/22	6.93	6.99	6.79	6.93	4639920	31954026.00
2017/11/23	6.92	6.99	6.72	6.85	4688910	32127436.00
2017/11/24	6.84	6.87	6.70	6.85	2679663	18278972.00
2017/11/27	6.83	6.95	6.76	6.85	3317758	22756214.00
2017/11/28	6.84	6.96	6.80	6.96	3406567	23514290.00
2017/11/29	7.00	7.02	6.80	6.87	3326588	22869126.00
2017/11/30	6.77	6.89	6.76	6.85	2656203	18108834.00
2017/12/01	6.79	6.85	6.71	6.82	4731363	32105426.00
2017/12/04	6.78	6.88	6.73	6.82	3804680	25876448.00
2017/12/05	6.82	6.82	6.70	6.76	3834124	25885490.00
2017/12/06	6.75	6.76	6.53	6.75	5165161	34367008.00
2017/12/07	6.70	6.76	6.64	6.72	3415824	22875378.00
2017/12/08	6.67	6.81	6.66	6.79	4336568	29295374.00
2017/12/11	6.83	6.85	6.71	6.78	4567792	30922416.00
2017/12/12	6.78	6.78	6.66	6.73	3020895	20245676.00
2017/12/13	6.68	6.74	6.65	6.71	2686437	17974052.00
2017/12/14	6.70	6.71	6.62	6.69	3072098	20452614.00
2017/12/15	6.68	6.70	6.55	6.65	3360327	22179562.00
2017/12/18	6.64	6.64	6.44	6.58	4636782	30298288.00
2017/12/19	6.54	6.58	6.50	6.56	3614010	23649330.00
2017/12/20	6.56	6.56	6.34	6.40	4146145	26573032.00
2017/12/21	6.42	6.57	6.16	6.54	6644695	42628356.00
2017/12/22	6.48	6.63	6.46	6.59	3023740	19830952.00
2017/12/25	6.59	6.59	6.35	6.50	4491417	28949476.00
2017/12/26	6.46	6.65	6.40	6.59	4501418	29398708.00
2017/12/27	6.58	6.65	6.47	6.63	3798310	24911664.00
2017/12/28	6.60	6.65	6.54	6.60	2358670	15540764.00
2017/12/29	6.56	6.63	6.53	6.60	1910615	12578251.00
2018/01/02	6.64	6.65	6.53	6.60	1921842	12680680.00
2018/01/03	6.61	6.69	6.58	6.61	2665544	17682440.00
2018/01/04	6.59	6.63	6.56	6.61	2087911	13770773.00
2018/01/05	6.61	6.63	6.57	6.61	2164988	14298469.00
2018/01/08	6.61	6.64	6.52	6.63	2585154	17000178.00
2018/01/09	6.62	6.77	6.56	6.72	4627053	30851800.00
2018/01/10	6.70	7.33	6.70	6.99	13971218	98632424.00
2018/01/11	6.99	7.19	6.83	7.05	7134282	49884392.00
2018/01/12	7.02	7.36	6.96	7.23	11138318	80353000.00
2018/01/15	7.11	7.38	6.90	6.90	11786329	84597120.00
2018/01/16	6.93	7.10	6.87	6.90	7198124	50135376.00
2018/01/17	6.90	7.04	6.74	6.82	6489162	44581868.00
2018/01/18	6.88	6.88	6.71	6.72	6069050	41106348.00
2018/01/19	6.72	6.74	6.56	6.63	3925147	26117786.00
2018/01/22	6.60	6.78	6.50	6.72	4619832	30817032.00
2018/01/23	6.70	6.83	6.67	6.79	3231673	21911844.00
2018/01/24	6.78	6.89	6.71	6.81	3280321	22399520.00
2018/01/25	6.82	7.10	6.81	7.02	5485483	38559236.00
2018/01/26	7.15	7.19	6.97	7.02	3676332	25947800.00
2018/01/29	6.93	6.99	6.72	6.73	3739116	25548960.00
2018/01/30	6.67	6.75	6.66	6.67	1748127	11707166.00
2018/01/31	6.38	6.78	6.17	6.53	7519420	49035448.00
2018/02/01	6.61	6.63	6.40	6.54	4606629	29750190.00
2018/02/02	6.46	6.60	6.35	6.54	3454337	22412094.00
2018/02/05	6.50	6.55	6.43	6.51	1813998	11789024.00
2018/02/06	6.48	6.51	6.28	6.43	4051031	25995944.00
2018/02/07	6.47	6.53	6.14	6.43	2591015	16524114.00
2018/02/08	6.40	6.47	6.34	6.43	1527633	9824136.00
2018/02/09	6.38	6.40	6.24	6.38	2683738	16958856.00
2018/02/12	6.39	6.52	6.36	6.48	1854091	12005606.00
2018/02/13	6.52	6.55	6.42	6.42	1279683	8318464.50
2018/02/14	5.78	6.67	5.78	6.40	8262227	49171460.00
2018/02/22	6.23	6.39	6.22	6.39	2748070	17369172.00
2018/02/23	6.36	6.42	6.30	6.38	1447586	9221492.00
2018/02/26	6.59	6.59	6.41	6.47	2128650	13795583.00
2018/02/27	6.51	6.70	6.50	6.62	2409272	15893415.00
2018/02/28	6.62	6.71	6.48	6.66	2664610	17658214.00
2018/03/01	6.62	6.76	6.60	6.67	3208342	21417834.00
2018/03/02	6.66	6.77	6.62	6.63	3328434	22312434.00
2018/03/05	6.62	6.69	6.60	6.63	2433766	16156642.00
2018/03/06	6.63	6.75	6.63	6.69	4921991	32951868.00
2018/03/07	6.69	6.72	6.51	6.53	3879326	25530886.00
2018/03/08	6.52	6.58	6.48	6.53	1505422	9831949.00
2018/03/09	6.52	6.72	6.51	6.71	3478609	23135478.00
2018/03/12	6.76	7.35	6.69	7.10	9866390	70093896.00
2018/03/13	7.04	7.30	6.93	7.16	7751215	55402240.00
2018/03/14	7.18	7.22	6.96	6.99	4945580	35233284.00
2018/03/15	6.96	7.17	6.95	7.12	4290535	30472976.00
2018/03/16	7.11	7.73	7.07	7.38	9158626	68022184.00
2018/03/19	7.37	7.60	7.17	7.18	6151152	45167352.00
2018/03/20	7.15	7.19	7.03	7.09	3679515	26108074.00
2018/03/21	7.10	7.25	6.97	7.01	3419409	24346208.00
2018/03/22	6.99	7.12	6.93	6.93	3728828	26145994.00
2018/03/23	6.40	6.80	6.33	6.59	8646847	57134784.00
2018/03/26	6.55	6.92	6.41	6.89	3449408	23177814.00
2018/03/27	6.90	7.17	6.90	7.12	3609667	25533224.00
2018/03/28	7.05	7.24	6.97	7.20	3452829	24659276.00
2018/03/29	7.16	7.42	7.15	7.21	4176397	30462892.00
2018/03/30	7.22	7.36	7.16	7.29	4067694	29586412.00
2018/04/02	7.31	7.46	7.22	7.38	4509434	33101144.00
2018/04/03	7.27	7.67	7.23	7.45	6907136	51756272.00
2018/04/04	7.45	7.52	7.30	7.32	3936925	29130692.00
2018/04/09	7.29	7.37	7.15	7.19	4214038	30433988.00
2018/04/10	7.29	7.30	6.99	7.06	4212282	29852596.00
2018/04/11	7.13	7.19	7.06	7.15	2636102	18816694.00
2018/04/12	7.13	7.45	7.12	7.45	5744213	42282812.00
2018/04/13	7.46	7.53	7.36	7.48	3643844	27159626.00
2018/04/16	7.51	7.67	7.39	7.47	5311909	40031384.00
2018/04/17	7.42	7.58	7.30	7.36	3414135	25385764.00
2018/04/18	7.39	7.77	7.21	7.71	8337411	62929360.00
2018/04/19	7.76	7.85	7.58	7.74	7407365	56972092.00
2018/04/20	7.67	7.83	7.62	7.65	5640538	43548452.00
2018/04/23	7.55	7.72	7.48	7.58	3383584	25711972.00
2018/04/24	7.61	7.77	7.54	7.77	3838709	29612242.00
2018/04/25	7.63	7.76	7.56	7.60	8367194	63859112.00
2018/04/26	7.59	7.59	7.26	7.28	5472774	40516000.00
2018/04/27	7.28	7.43	7.15	7.38	3683957	26873756.00
2018/05/02	7.38	7.74	7.32	7.68	5764946	43671368.00
2018/05/03	7.61	7.86	7.46	7.79	5230248	40252008.00
2018/05/04	7.94	8.24	7.85	7.97	13271997	106853104.00
2018/05/07	7.97	8.11	7.80	8.06	17017378	135743312.00
2018/05/08	8.01	8.57	7.91	8.49	23062267	191641520.00
2018/05/09	8.36	8.46	8.25	8.35	13247554	110424280.00
2018/05/10	8.31	8.50	8.25	8.41	7110685	59534612.00
2018/05/11	8.39	8.39	8.10	8.14	6363335	52320016.00
2018/05/14	8.18	8.36	8.10	8.36	4343519	36055464.00
2018/05/15	8.39	8.55	8.23	8.28	5761416	48472876.00
2018/05/16	8.17	8.42	8.08	8.12	6111459	50401756.00
2018/05/17	8.14	8.46	8.14	8.21	7678150	63743080.00
2018/05/18	8.21	8.35	7.96	8.10	5880157	47647684.00
2018/05/21	8.25	8.28	8.07	8.15	5015023	41059168.00
2018/05/22	8.18	8.38	8.12	8.36	5983019	49386032.00
2018/05/23	8.26	8.28	8.14	8.17	5810616	47696108.00
2018/05/24	8.17	8.18	8.09	8.12	4351620	35395220.00
2018/05/25	8.08	8.13	7.90	7.92	5136162	41198740.00
2018/05/28	7.98	7.98	7.77	7.80	4211924	33109934.00
2018/05/29	7.86	8.04	7.80	7.99	3739486	29768090.00
2018/05/30	7.90	7.90	7.57	7.69	4232328	32534826.00
2018/05/31	7.71	7.79	7.34	7.58	3455896	26145904.00
2018/06/01	7.58	7.58	7.40	7.52	2196817	16386076.00
2018/06/04	7.51	7.85	7.43	7.77	2533323	19486474.00
2018/06/05	7.73	7.88	7.66	7.85	2922025	22738620.00
2018/06/06	7.88	7.89	7.54	7.71	5746422	44521632.00
2018/06/07	7.73	8.08	7.66	7.88	9275273	72048120.00
2018/06/08	7.85	7.92	7.66	7.90	3744025	29292398.00
2018/06/11	7.89	8.05	7.75	7.90	3263756	25951466.00
2018/06/12	7.90	8.16	7.90	8.09	4671613	37608860.00
2018/06/13	8.06	8.14	7.99	8.05	2691680	21759946.00
2018/06/14	8.04	8.12	7.90	7.96	2665071	21292698.00
2018/06/15	7.93	8.02	7.62	7.76	2648428	20550564.00
2018/06/19	7.50	7.75	7.20	7.49	7285528	54224164.00
2018/06/20	7.41	7.87	7.24	7.43	9817102	73399680.00
2018/06/21	7.43	7.50	7.18	7.36	2049716	14979810.00
2018/06/22	7.31	7.57	7.20	7.53	3179799	23704170.00
2018/06/25	7.59	7.65	7.51	7.53	3649272	27726830.00
2018/06/26	7.40	7.63	7.38	7.62	2199583	16581992.00
2018/06/27	7.58	7.62	7.41	7.52	2182578	16369908.00
2018/06/28	7.47	7.58	7.37	7.41	2429392	18126564.00
2018/06/29	7.41	7.69	7.41	7.57	4228869	32012244.00
2018/07/02	7.50	7.72	7.48	7.50	3901886	29684776.00
2018/07/03	7.44	7.76	7.42	7.60	3244489	24478922.00
2018/07/04	7.56	7.59	7.34	7.44	3295368	24555154.00
2018/07/05	7.48	7.58	7.23	7.31	2160163	15865492.00
2018/07/06	7.22	7.52	7.12	7.31	3603531	26401678.00
2018/07/09	7.31	7.47	7.27	7.42	3072710	22720808.00
2018/07/10	7.41	7.44	7.32	7.40	2052891	15107439.00
2018/07/11	7.14	7.33	7.05	7.29	1626388	11783454.00
2018/07/12	7.27	7.65	7.22	7.49	5516769	41356536.00
2018/07/13	7.51	7.65	7.45	7.56	3218900	24279222.00
2018/07/16	7.56	7.90	7.56	7.87	6731770	52117492.00
2018/07/17	7.80	8.05	7.77	7.83	4563871	36164932.00
2018/07/18	7.87	8.14	7.84	7.86	4137543	33001286.00
2018/07/19	7.85	7.95	7.65	7.76	3297401	25476816.00
2018/07/20	7.72	8.05	7.72	7.92	5626190	44457060.00
2018/07/23	7.94	8.11	7.85	8.06	9059560	72823208.00
2018/07/24	8.10	8.22	7.96	8.06	3904907	31518160.00
2018/07/25	8.02	8.15	7.85	7.95	3215996	25482534.00
2018/07/26	7.90	8.03	7.84	7.96	2187298	17370694.00
2018/07/27	7.90	7.94	7.75	7.84	2493056	19492734.00
2018/07/30	7.88	7.91	7.68	7.75	2579165	19980900.00
2018/07/31	7.82	8.45	7.76	8.27	10796880	87420928.00
2018/08/01	8.22	8.39	8.14	8.24	9641158	79813720.00
2018/08/02	8.16	8.24	7.89	8.10	4900450	39378060.00
2018/08/03	8.10	8.23	7.89	7.97	3713207	29890308.00
2018/08/06	7.93	8.02	7.33	7.46	7927181	60232060.00
2018/08/07	7.46	7.68	7.14	7.57	4709706	34960368.00
2018/08/08	7.56	7.56	7.34	7.40	2004664	14940065.00
2018/08/09	7.36	7.68	7.35	7.59	10377130	78308392.00
2018/08/10	7.58	7.62	7.41	7.55	3054690	22920948.00
2018/08/13	7.54	7.56	7.32	7.40	4203207	31274152.00
2018/08/14	7.45	7.48	7.36	7.39	4723227	34918388.00
2018/08/15	7.46	7.46	7.11	7.18	2875182	20872624.00
2018/08/16	7.09	7.14	6.46	6.46	7976221	53624148.00
2018/08/17	6.46	6.59	5.81	6.12	16076746	97201120.00
2018/08/20	5.85	6.11	5.78	5.97	11017006	65417312.00
2018/08/21	6.06	6.08	5.88	5.93	5400860	32184502.00
2018/08/22	5.91	5.94	5.83	5.86	10231282	60013932.00
2018/08/23	5.88	6.05	5.83	6.00	11110214	65570884.00
2018/08/24	5.98	5.98	5.83	5.86	3926900	23092822.00
2018/08/27	5.85	6.09	5.84	6.00	11371961	67904688.00
2018/08/28	6.05	6.18	5.97	5.99	13839168	84035576.00
2018/08/29	5.90	5.99	5.65	5.72	12452520	71665456.00
2018/08/30	5.72	6.18	5.48	5.94	15466342	88931352.00
2018/08/31	5.86	6.03	5.72	5.86	11949614	70062168.00
2018/09/03	5.82	5.86	5.55	5.69	7476771	42336144.00
2018/09/04	5.68	5.76	5.62	5.71	4664023	26640010.00
2018/09/05	5.71	5.73	5.59	5.60	4066846	22996786.00
2018/09/06	5.61	5.72	5.55	5.58	4203189	23632994.00
2018/09/07	5.60	5.72	5.53	5.59	3056368	17226740.00
2018/09/10	5.55	5.65	5.27	5.29	5131719	27915552.00
2018/09/11	5.27	5.42	5.27	5.39	5144014	27615306.00
2018/09/12	5.36	5.49	5.32	5.42	2808800	15229508.00
2018/09/13	5.49	5.59	5.38	5.44	4243613	23246796.00
2018/09/14	5.45	5.54	5.33	5.33	3825600	20808620.00
2018/09/17	5.32	5.32	5.05	5.11	4152462	21387624.00
2018/09/18	5.11	5.23	4.96	5.13	6613816	33744988.00
2018/09/19	5.10	5.24	5.10	5.18	5811058	30027300.00
2018/09/20	5.18	5.24	5.11	5.17	5344994	27685628.00
2018/09/21	5.17	5.69	5.13	5.50	15081478	82371288.00
2018/09/25	5.47	5.66	5.42	5.54	10448773	58110668.00
2018/09/26	5.56	5.64	5.46	5.53	8406868	46759340.00
2018/09/27	5.57	5.77	5.53	5.70	13017676	73648824.00
2018/09/28	5.66	5.86	5.59	5.72	7204887	40941320.00
2018/10/08	5.59	5.76	5.47	5.56	8690620	48589608.00
2018/10/09	5.56	5.66	5.50	5.54	4488938	25054618.00
2018/10/10	5.53	5.64	5.48	5.58	4291528	23867712.00
2018/10/11	5.42	5.42	5.02	5.02	5294518	27293606.00
2018/10/12	4.95	5.06	4.64	4.94	7260980	35115788.00
2018/10/15	5.18	5.18	4.88	5.07	7137139	35942852.00
2018/10/16	5.58	5.58	4.89	5.01	27901315	150406864.00
2018/10/17	4.91	5.05	4.58	4.70	20759804	99320528.00
2018/10/18	4.66	4.66	4.23	4.23	21862223	94227152.00
2018/10/19	4.01	4.49	3.95	4.39	17921612	76948448.00
2018/10/22	4.40	4.77	4.40	4.56	18327854	84383112.00
2018/10/23	4.59	4.74	4.52	4.54	13048470	60411664.00
2018/10/24	4.56	4.76	4.48	4.60	9842412	45244124.00
2018/10/25	4.42	4.52	4.34	4.46	8023946	35614856.00
2018/10/26	4.50	4.58	4.43	4.45	6125496	27552674.00
2018/10/29	4.39	4.53	4.34	4.46	5176002	22984056.00
2018/10/30	4.47	4.55	4.30	4.52	8960073	39860192.00
2018/10/31	4.57	4.64	4.51	4.62	11010362	50463764.00
2018/11/01	4.65	4.82	4.60	4.71	14227473	66700388.00
2018/11/02	4.80	5.09	4.72	5.01	18811841	91724832.00
2018/11/05	4.99	5.04	4.76	4.88	19252048	94287344.00
2018/11/06	4.79	4.84	4.72	4.82	9329465	44522948.00
2018/11/07	4.81	5.18	4.81	5.02	20450605	102061240.00
2018/11/08	5.07	5.10	4.93	4.95	10451100	52085320.00
2018/11/09	4.91	5.18	4.88	4.99	14329555	72442088.00
2018/11/12	5.08	5.39	5.05	5.34	21175406	111107672.00
2018/11/13	5.24	5.67	5.24	5.53	23474089	129640952.00
2018/11/14	5.49	5.63	5.38	5.43	16320498	89687024.00
2018/11/15	5.49	5.63	5.35	5.61	13523524	74296016.00
2018/11/16	5.56	5.67	5.47	5.64	16172969	90125096.00
2018/11/19	5.58	5.86	5.55	5.70	19477563	111448880.00
2018/11/20	5.65	5.84	5.61	5.63	14685574	83776688.00
2018/11/21	5.52	5.95	5.46	5.88	16533946	95102448.00
2018/11/22	5.88	6.13	5.77	5.82	14206741	84343968.00
2018/11/23	5.82	5.87	5.56	5.65	16629690	94124280.00
2018/11/26	5.65	5.80	5.51	5.78	12449850	70706072.00
2018/11/27	5.82	6.13	5.67	5.94	17801125	104422944.00
2018/11/28	5.90	5.96	5.77	5.82	11993270	70298880.00
2018/11/29	5.84	5.94	5.71	5.73	13713503	79928512.00
2018/11/30	5.71	5.88	5.50	5.82	12011181	68471760.00
2018/12/10	6.36	6.36	5.82	5.93	35247053	213034528.00
2018/12/11	5.86	6.52	5.86	6.52	49243414	314248096.00
2018/12/12	6.45	6.67	6.18	6.21	40474943	258963632.00
2018/12/13	6.20	6.65	6.09	6.37	35159427	224623504.00
2018/12/14	6.30	6.44	6.14	6.14	19542372	123312600.00
2018/12/17	6.06	6.20	5.91	6.08	17775136	107129400.00
2018/12/18	6.01	6.09	5.66	5.81	19313393	113191096.00
2018/12/19	5.92	5.97	5.67	5.76	17783771	103600800.00
2018/12/20	5.77	6.33	5.71	6.00	22371971	133592648.00
2018/12/21	6.01	6.08	5.76	5.81	19359579	114868696.00
2018/12/24	5.85	6.38	5.85	6.19	32506548	199021696.00
2018/12/25	6.10	6.44	5.97	6.36	43537004	270161600.00
2018/12/26	6.31	6.49	6.12	6.12	31262913	196098448.00
2018/12/27	6.24	6.32	6.06	6.07	22874577	141682624.00
2018/12/28	6.06	6.11	5.75	5.78	22879626	135650496.00
2019/01/02	5.80	6.02	5.75	5.95	16173079	95694488.00
2019/01/03	5.88	5.96	5.48	5.58	24787906	141068832.00
2019/01/04	5.46	5.82	5.40	5.79	17131860	97686552.00
2019/01/07	5.89	6.17	5.80	6.09	19187911	115563744.00
2019/01/08	6.15	6.25	6.03	6.20	20801986	128197472.00
2019/01/09	6.32	6.47	6.17	6.19	28750684	181747776.00
2019/01/10	6.23	6.81	6.21	6.81	49310588	329413376.00
2019/01/11	6.99	7.49	6.88	7.49	33834450	247305984.00
2019/01/14	7.51	7.87	7.05	7.33	57527670	428839936.00
2019/01/15	7.22	7.30	7.03	7.19	30763339	220355840.00
2019/01/16	7.70	7.91	7.23	7.48	58837902	451335264.00
2019/01/17	6.89	7.11	6.75	6.85	47610828	328776992.00
2019/01/18	6.94	7.04	6.59	6.62	30815935	209040592.00
2019/01/21	6.83	7.13	6.74	6.86	32133983	222245280.00
2019/01/22	7.01	7.15	6.74	6.75	26075228	181116656.00
2019/01/23	6.85	6.96	6.67	6.93	22670113	154582560.00
2019/01/24	6.90	7.03	6.72	6.92	24328045	167532320.00
2019/01/25	6.97	7.12	6.84	6.88	20816518	145000336.00
2019/01/28	6.85	6.91	6.55	6.60	19524042	131031208.00
2019/01/29	6.59	6.71	6.20	6.47	15630183	101132952.00
2019/01/30	6.46	6.62	6.21	6.21	16963256	108353776.00
2019/01/31	6.22	6.65	6.22	6.46	22280450	143613616.00
2019/02/01	6.51	6.69	6.50	6.68	16500988	108950192.00
2019/02/11	6.70	6.97	6.65	6.93	19662906	134813600.00
2019/02/12	6.85	7.08	6.82	6.93	19819875	137577344.00
2019/02/13	6.86	7.25	6.86	7.24	29087562	207180128.00
2019/02/14	7.25	7.27	7.12	7.17	21995300	158096912.00
2019/02/15	7.15	7.44	7.06	7.21	23758994	172095728.00
2019/02/18	7.21	7.58	7.18	7.47	22814007	168595152.00
2019/02/19	7.59	7.59	7.12	7.28	28487189	208357616.00
2019/02/20	7.29	7.56	7.12	7.49	25923717	189694304.00
2019/02/21	7.40	8.24	7.38	7.97	58391014	467702912.00
2019/02/22	7.84	8.35	7.75	8.24	44230944	357555872.00
2019/02/25	8.54	8.67	8.20	8.40	50669617	426832832.00
2019/02/26	8.38	8.38	8.07	8.09	38277101	312726752.00
2019/02/27	7.99	8.05	7.83	7.90	25284319	200753760.00
2019/02/28	7.86	8.35	7.85	8.13	28463941	232938960.00
2019/03/01	8.31	8.48	8.04	8.35	27960574	230933008.00
2019/03/04	8.40	8.54	8.20	8.31	35369231	296754688.00
2019/03/05	8.21	8.53	8.10	8.53	33865740	281844704.00
2019/03/06	8.58	8.85	8.33	8.51	34882254	297216672.00
2019/03/07	8.38	8.42	8.11	8.27	36583405	301855200.00
2019/03/08	7.98	8.31	7.80	7.92	27651568	222996960.00
2019/03/11	7.87	8.32	7.87	8.32	26013723	213130016.00
2019/03/12	8.36	8.56	8.15	8.31	32872748	275004768.00
2019/03/13	8.35	8.88	8.26	8.38	45617160	392100160.00
2019/03/14	8.21	8.37	7.82	7.98	24938788	202060704.00
2019/03/15	7.90	8.15	7.85	8.03	14308681	114572024.00
2019/03/18	8.04	8.15	7.78	8.14	22893053	181521984.00
2019/03/19	8.09	8.34	8.01	8.14	16426724	133907360.00
2019/03/20	8.13	8.13	7.88	7.96	16184245	128783592.00
2019/03/21	7.89	8.05	7.89	8.01	14360745	114846472.00
2019/03/22	8.00	8.01	7.85	7.94	11915241	94223744.00
2019/03/25	7.77	7.89	7.66	7.69	15115133	117525208.00
2019/03/26	7.73	7.80	7.33	7.38	15443270	115972704.00
2019/03/27	7.45	7.62	7.23	7.55	11993575	89237672.00
2019/03/28	7.48	7.88	7.41	7.55	18036940	138421232.00
2019/03/29	7.57	7.80	7.35	7.74	15184834	115525816.00
2019/04/01	7.90	7.96	7.79	7.91	22389519	176363120.00
2019/04/02	7.95	7.98	7.78	7.87	16900165	132884976.00
2019/04/03	7.87	7.95	7.75	7.91	15599177	122181488.00
2019/04/04	7.93	7.95	7.69	7.79	16387779	127944688.00
2019/04/08	7.88	7.91	7.52	7.58	12209352	93927408.00
2019/04/09	7.58	7.79	7.52	7.73	12585763	97108984.00
2019/04/10	7.26	7.42	6.96	7.08	39832050	285853824.00
2019/04/11	7.04	7.09	6.91	6.97	14478404	101057360.00
2019/04/12	7.00	7.07	6.92	7.02	9308311	64977432.00
2019/04/15	7.10	7.28	7.04	7.07	13593149	97401808.00
2019/04/16	7.01	7.42	6.87	7.42	23329166	169075600.00
2019/04/17	7.36	7.75	7.32	7.44	23012445	173422336.00
2019/04/18	7.25	7.58	7.17	7.47	20055303	148106384.00
2019/04/19	7.41	7.50	7.21	7.46	15912271	117286024.00
2019/04/22	7.46	8.21	7.36	8.04	58156205	468279264.00
2019/04/23	7.80	7.88	7.57	7.59	37198297	287827552.00
2019/04/24	7.59	8.05	7.51	8.04	28294096	220551040.00
2019/04/25	7.88	8.38	7.80	7.83	40772709	330536288.00
2019/04/26	7.74	8.59	7.70	8.11	37358569	305402496.00
2019/04/29	7.98	7.99	7.30	7.30	34631469	261304944.00
2019/04/30	7.07	7.38	6.97	7.11	17580176	125641792.00
2019/05/06	6.57	6.77	6.40	6.40	14748800	96173464.00
2019/05/07	6.35	6.47	6.08	6.23	16810136	104711600.00
2019/05/08	6.10	6.27	5.91	6.12	13034550	79708176.00
2019/05/09	6.01	6.18	6.01	6.07	7593613	46452160.00
2019/05/10	6.17	6.40	6.06	6.37	15394822	96652896.00
2019/05/13	6.25	6.56	6.24	6.45	12985852	83654960.00
2019/05/14	6.35	6.61	6.35	6.51	11182543	72792272.00
2019/05/15	6.58	6.76	6.52	6.69	12897321	85941224.00
2019/05/16	6.69	6.72	6.50	6.57	9018540	59285016.00
2019/05/17	6.60	6.85	6.41	6.45	14727454	97838784.00
2019/05/20	6.78	6.98	6.62	6.81	22126419	150988528.00
2019/05/21	6.68	6.85	6.50	6.75	15543256	103973368.00
2019/05/22	6.77	7.06	6.66	6.77	14659097	100701824.00
2019/05/23	6.75	6.76	6.37	6.38	14489280	94945544.00
2019/05/24	6.37	6.60	6.37	6.45	10819649	70260912.00
2019/05/27	6.45	6.95	6.37	6.84	17274955	115862128.00
2019/05/28	6.84	6.95	6.69	6.75	13560174	92725800.00
2019/05/29	6.80	7.06	6.74	6.76	14302916	98444984.00
2019/05/30	6.70	7.00	6.65	6.99	15791339	107666224.00
2019/05/31	6.90	7.05	6.80	6.83	15745235	109176696.00
2019/06/03	6.88	6.93	6.46	6.73	16603689	111174504.00
2019/06/04	6.77	6.94	6.61	6.72	13863477	93999744.00
2019/06/05	6.78	7.01	6.65	6.92	19531029	134226112.00
2019/06/06	6.88	6.88	6.41	6.50	15924154	105217448.00
2019/06/10	6.52	6.73	6.46	6.65	10060367	66912632.00
2019/06/11	6.65	6.98	6.65	6.95	18844079	128954120.00
2019/06/12	6.94	7.65	6.86	7.30	41826627	307142560.00
2019/06/13	7.20	7.38	7.05	7.23	25526973	184456528.00
2019/06/14	7.18	7.27	6.87	6.90	15254641	107673024.00
2019/06/17	6.90	7.00	6.70	6.78	10699266	73078832.00
2019/06/18	6.75	6.84	6.56	6.61	10279008	68738344.00
2019/06/19	6.84	6.93	6.74	6.75	12806852	87571048.00
2019/06/20	6.77	6.85	6.55	6.76	10355280	69630080.00
2019/06/21	6.89	6.99	6.79	6.92	12856583	88578608.00
2019/06/24	7.01	7.03	6.77	6.85	9074850	62374504.00
2019/06/25	6.80	6.85	6.61	6.72	8486094	56756312.00
2019/06/26	6.86	7.39	6.86	7.15	55836345	407321248.00
2019/06/27	7.03	7.60	7.03	7.40	47916717	351304960.00
2019/06/28	7.33	7.36	7.05	7.14	25250694	180919088.00
2019/07/01	7.46	7.56	7.28	7.35	30047307	222235568.00
2019/07/02	7.27	7.36	7.12	7.22	16639022	119949496.00
2019/07/03	7.16	7.18	7.00	7.12	12266676	86783528.00
2019/07/04	7.13	7.15	7.00	7.04	8696967	61285488.00
2019/07/05	7.04	7.13	7.04	7.07	7868429	55804924.00
2019/07/08	7.03	7.03	6.50	6.58	15512000	104006216.00
2019/07/09	6.63	6.64	6.35	6.48	9591056	62014828.00
2019/07/10	6.47	6.57	6.37	6.39	5961249	38584860.00
2019/07/11	6.45	6.50	6.28	6.33	6247800	39858228.00
2019/07/12	6.35	6.37	6.20	6.31	5377920	33796004.00
2019/07/15	6.21	6.41	6.14	6.36	6843291	43048388.00
2019/07/16	6.35	6.46	6.30	6.39	5201819	33259526.00
2019/07/17	6.36	6.46	6.32	6.34	5379396	34434884.00
2019/07/18	6.31	6.31	6.13	6.13	6697390	41420200.00
2019/07/19	6.20	6.28	6.16	6.17	3750000	23254330.00
2019/07/22	6.18	6.21	5.96	5.97	5292534	31847210.00
2019/07/23	5.95	6.08	5.92	6.08	4795181	28872868.00
2019/07/24	6.09	6.31	6.08	6.23	6703310	41875076.00
2019/07/25	6.23	6.43	6.17	6.42	10940403	69567296.00
2019/07/26	6.38	6.50	6.34	6.37	5530838	35371296.00
2019/07/29	6.41	6.85	6.38	6.68	15657933	103881344.00
2019/07/30	6.68	6.68	6.53	6.62	9517205	62861084.00
2019/07/31	6.57	6.69	6.50	6.56	6528188	43037076.00
2019/08/01	6.47	6.77	6.44	6.63	8422894	55904220.00
2019/08/02	6.48	6.67	6.41	6.59	7741073	50782924.00
2019/08/05	6.56	6.78	6.47	6.49	10185400	67644960.00
2019/08/06	6.36	6.54	6.03	6.41	12692335	80249448.00
2019/08/07	6.50	6.55	6.30	6.30	6972804	44802808.00
2019/08/08	6.31	6.55	6.28	6.39	6877600	43920600.00
2019/08/09	6.45	6.46	6.13	6.14	7595829	47538636.00
2019/08/12	6.20	6.45	6.14	6.45	9319355	58976976.00
2019/08/13	6.38	6.63	6.37	6.51	11583544	75043992.00
2019/08/14	6.61	6.75	6.47	6.51	11831803	78067496.00
2019/08/15	6.36	6.54	6.24	6.51	9835663	62611892.00
2019/08/16	6.62	7.16	6.62	6.90	43908251	308952000.00
2019/08/19	7.10	7.36	7.03	7.22	49179830	354948960.00
2019/08/20	7.19	7.55	7.13	7.28	39055662	286587552.00
2019/08/21	7.23	7.32	7.11	7.18	21333078	153864192.00
2019/08/22	7.38	7.48	7.15	7.32	20651936	150558240.00
2019/08/23	7.45	7.45	7.04	7.09	20330841	145611984.00
2019/08/26	6.91	7.17	6.87	7.02	17752390	124795856.00
2019/08/27	7.09	7.19	6.91	7.01	21329012	150341136.00
2019/08/28	6.91	6.97	6.80	6.85	17770066	122458472.00
2019/08/29	6.89	7.10	6.86	6.96	18193554	126954376.00
2019/08/30	6.96	7.04	6.60	6.71	20074540	137278816.00
2019/09/02	6.73	6.97	6.66	6.93	13984940	95617400.00
2019/09/03	6.93	7.15	6.90	7.11	18158771	128096536.00
2019/09/04	7.05	7.40	6.98	7.24	25818139	185417120.00
2019/09/05	7.24	7.61	7.13	7.32	33191841	244387536.00
2019/09/06	7.36	7.52	7.26	7.39	18722896	138430656.00
2019/09/09	7.47	7.75	7.39	7.69	28491056	217284688.00
2019/09/10	7.65	7.77	7.46	7.56	20876293	158122448.00
2019/09/11	7.59	7.90	7.51	7.68	34159081	265089216.00
2019/09/12	7.71	7.77	7.54	7.63	16834218	128831504.00
2019/09/16	7.69	7.78	7.58	7.69	17255586	132610456.00
2019/09/17	7.70	7.70	7.10	7.34	27404292	201823504.00
2019/09/18	7.37	7.56	7.27	7.40	16466807	121952808.00
2019/09/19	7.41	7.86	7.36	7.84	32998733	253378736.00
2019/09/20	7.82	8.14	7.70	7.98	30050990	239124672.00
2019/09/23	7.97	7.98	7.79	7.95	20284387	159901504.00
2019/09/24	7.95	8.02	7.78	7.87	23429445	184771856.00
2019/09/25	7.79	7.80	7.50	7.52	17324672	131895576.00
2019/09/26	7.53	7.57	7.00	7.01	23092633	166368896.00
2019/09/27	7.07	7.20	6.98	7.02	13263385	93955424.00
2019/09/30	7.01	7.09	6.80	6.80	11430593	79083224.00
2019/10/08	6.82	6.93	6.67	6.76	9356300	63638044.00
2019/10/09	6.75	6.83	6.63	6.82	8544070	57668612.00
2019/10/10	6.79	6.95	6.76	6.94	10980635	75535448.00
2019/10/11	6.98	7.01	6.77	6.95	11836612	81838320.00
2019/10/14	7.02	7.19	6.97	7.16	10459251	74553648.00
2019/10/15	7.88	7.88	7.63	7.88	59712287	469668512.00
2019/10/16	8.21	8.38	7.88	7.92	73187281	595337408.00
2019/10/17	8.19	8.52	8.01	8.26	55565153	459770720.00
2019/10/18	8.55	9.09	8.55	9.09	63217768	565737344.00
2019/10/21	9.38	9.80	8.70	8.75	89511221	827315968.00
2019/10/22	8.91	9.63	8.91	9.63	74622752	688463168.00
2019/10/23	9.40	9.49	8.98	9.11	56938858	524578208.00
2019/10/24	9.10	9.49	8.88	9.27	41838487	384927648.00
2019/10/25	9.09	9.17	8.76	9.05	38345641	344108704.00
2019/10/28	8.99	9.34	8.99	9.19	37953846	348093792.00
2019/10/29	9.09	9.10	8.65	8.71	42945960	378394752.00
2019/10/30	8.73	9.05	8.63	8.81	31076909	275981440.00
2019/10/31	8.70	9.69	8.70	9.34	66571632	631157760.00
2019/11/01	9.29	10.17	9.29	10.15	67788416	669530624.00
2019/11/04	10.04	10.19	9.78	9.92	48772019	485372640.00
2019/11/05	10.05	10.11	9.73	9.95	30831970	305613632.00
2019/11/06	10.00	10.58	9.87	10.15	48894131	500947360.00
2019/11/07	10.20	10.79	10.02	10.55	39230130	411476736.00
2019/11/08	10.48	10.66	10.21	10.31	31442196	326304832.00
2019/11/11	10.14	10.18	9.83	10.01	28475312	283628736.00
2019/11/12	10.00	10.08	9.64	9.87	28936924	283160448.00
2019/11/13	9.76	10.04	9.75	9.85	19849629	196240688.00
2019/11/14	10.20	10.84	10.12	10.84	35108436	371784256.00
2019/11/15	11.27	11.39	10.63	10.80	52091292	572506880.00
2019/11/18	10.66	10.95	10.53	10.66	30113546	322944736.00
2019/11/19	10.61	11.28	10.55	11.10	35725692	391067616.00
2019/11/20	11.08	11.21	10.88	10.91	24983548	275159616.00
2019/11/21	10.71	11.00	10.60	11.00	20072005	216890352.00
2019/11/22	11.10	11.68	10.63	11.04	49971403	556502208.00
2019/11/25	10.85	10.99	9.94	9.98	37968759	392764416.00
2019/11/26	10.00	10.21	9.82	9.92	24646767	246211808.00
2019/11/27	9.80	10.91	9.72	10.90	63092640	672510720.00
2019/11/28	11.18	11.58	10.93	11.45	58998348	665284736.00
2019/11/29	11.30	11.80	11.22	11.36	44552732	510795872.00
2019/12/02	11.53	12.30	11.36	12.02	55047133	658180544.00
2019/12/03	11.91	12.47	11.72	12.15	46572975	563156160.00
2019/12/04	11.96	12.11	11.78	12.04	32389135	386842368.00
2019/12/05	12.09	12.38	11.81	12.04	41525638	502643808.00
2019/12/06	12.03	12.56	11.96	12.17	37890245	462601184.00
2019/12/09	12.16	13.00	12.16	12.60	46007267	580381248.00
2019/12/10	12.38	12.64	12.16	12.58	42568771	527585312.00
2019/12/11	12.51	12.71	12.03	12.10	33833732	415352640.00
2019/12/12	12.01	13.16	12.01	12.75	55289004	697664448.00
2019/12/13	12.75	12.86	12.35	12.60	36518828	457034976.00
2019/12/16	12.65	13.01	12.42	13.01	44762092	568159808.00
2019/12/17	12.87	13.40	12.81	12.86	45387446	593028160.00
2019/12/18	12.70	12.92	12.36	12.47	47637752	600136704.00
2019/12/19	12.41	13.00	12.09	12.71	42994185	542235072.00
2019/12/20	12.65	12.84	12.16	12.20	29333097	364997376.00
2019/12/23	11.97	12.04	11.64	11.78	30070761	355921664.00
2019/12/24	11.94	12.18	11.76	12.12	18421936	220770576.00
2019/12/25	12.30	13.33	12.30	13.33	54370070	711775232.00
2019/12/26	13.28	13.33	12.95	13.26	44154090	580962432.00
2019/12/27	13.45	13.70	12.70	12.70	45932463	607288256.00
2019/12/30	12.75	12.90	12.24	12.58	26647580	335276192.00
2019/12/31	12.55	12.82	12.39	12.65	20713993	260316880.00
2020/01/02	12.68	13.16	12.50	12.81	31597682	405994368.00
2020/01/03	12.90	13.12	12.63	12.63	29347066	377652480.00
2020/01/06	12.45	13.08	12.23	12.92	37652492	477554592.00
2020/01/07	12.86	12.98	12.40	12.72	28180548	357473248.00
2020/01/08	12.50	12.58	12.00	12.01	35602087	436878624.00
2020/01/09	12.15	12.32	11.92	12.24	22909856	278355776.00
2020/01/10	12.25	12.70	12.18	12.47	27609145	343915232.00
2020/01/13	12.31	12.80	12.31	12.72	26111363	329109024.00
2020/01/14	12.78	13.32	12.75	12.89	32268573	419332320.00
2020/01/15	13.01	13.39	12.71	13.39	39830712	521851136.00
2020/01/16	13.20	13.30	12.91	13.14	29722346	388263424.00
2020/01/17	13.14	13.29	12.84	12.94	17073971	222042368.00
2020/01/20	12.80	13.50	12.80	13.30	30007732	396351136.00
2020/01/21	13.21	13.85	13.09	13.65	29476150	395873856.00
2020/01/22	13.36	13.78	13.07	13.70	26354536	354097024.00
2020/01/23	13.14	13.32	12.33	12.33	50330034	641919744.00
2020/02/03	11.10	11.10	11.10	11.10	1222700	13571970.00
2020/02/04	9.99	10.82	9.99	10.48	47468313	493269696.00
2020/02/05	10.65	11.30	10.55	10.95	40201561	439923104.00
2020/02/06	10.83	11.18	10.66	11.17	38012641	417089888.00
2020/02/07	10.98	11.27	10.82	11.20	35286337	390073920.00
2020/02/10	10.90	11.03	10.60	11.00	38238232	413860096.00
2020/02/11	11.08	11.83	10.86	11.38	38702348	436984224.00
2020/02/12	11.26	11.55	11.21	11.44	29843863	340173824.00
2020/02/13	11.33	11.88	11.32	11.51	32856434	381953152.00
2020/02/14	11.45	11.96	11.44	11.79	31757461	372278080.00
2020/02/17	12.01	12.85	11.95	12.69	52178688	644039616.00
2020/02/18	12.70	13.80	12.70	13.38	57332423	766529856.00
2020/02/19	13.28	14.05	13.20	13.50	58340658	793575168.00
2020/02/20	13.59	13.89	12.99	13.76	58583346	790270144.00
2020/02/21	14.00	15.00	13.79	14.98	76484250	1092858112.00
2020/02/24	15.33	16.31	14.51	15.59	72584733	1117180928.00
2020/02/25	15.01	16.20	14.10	15.90	80926204	1225575168.00
2020/02/26	15.56	15.84	14.32	14.35	55297160	838187968.00
2020/02/27	14.54	15.10	14.20	14.65	39350415	577693056.00
2020/02/28	13.61	14.36	13.38	13.44	43919195	606179136.00
2020/03/02	13.92	14.64	13.58	14.24	40892811	577476736.00
2020/03/03	14.85	15.20	14.06	14.30	43901769	643985856.00
2020/03/04	14.19	14.89	13.88	14.31	37958725	545403200.00
2020/03/05	14.79	14.83	14.17	14.38	31136494	450287936.00
2020/03/06	13.79	14.14	13.77	13.97	28339214	395590272.00
2020/03/09	13.56	13.76	12.57	12.57	43093337	565980672.00
2020/03/10	12.63	13.43	12.47	13.40	35531754	462164288.00
2020/03/11	13.61	13.75	12.96	12.97	26878653	358444288.00
2020/03/12	12.59	13.16	12.52	12.77	19445563	249272928.00
2020/03/13	11.93	12.89	11.93	12.60	26280244	324560640.00
2020/03/16	12.69	12.80	11.34	11.44	32582546	389542848.00
2020/03/17	11.74	11.83	10.72	11.37	23361842	263113536.00
2020/03/18	11.55	11.78	10.99	11.02	26156422	298502176.00
2020/03/19	11.12	11.58	10.93	11.42	24703790	276437472.00
2020/03/20	11.55	11.64	11.22	11.49	24092922	276347264.00
2020/03/23	11.00	11.30	10.36	10.60	23574544	256810192.00
2020/03/24	10.87	10.96	10.08	10.63	24781236	260664560.00
2020/03/25	10.99	11.05	10.75	10.89	22586052	246305968.00
2020/03/26	10.76	10.95	10.50	10.61	13649339	146468192.00
2020/03/27	10.75	10.95	10.44	10.45	14345421	153212928.00
2020/03/30	10.20	10.20	9.70	9.96	19762329	196739008.00
2020/03/31	10.15	10.22	9.77	9.81	13523400	134930976.00
2020/04/01	9.88	10.18	9.77	9.88	15984497	159746352.00
2020/04/02	9.88	10.39	9.78	10.37	26378131	268251776.00
2020/04/03	10.35	10.44	10.08	10.16	16177304	165214832.00
2020/04/07	10.49	10.83	10.38	10.72	24913193	264466560.00
2020/04/08	10.70	11.09	10.61	10.96	24346765	265599152.00
2020/04/09	11.11	11.33	10.89	10.98	22826687	252626848.00
2020/04/10	10.93	11.11	10.47	10.61	21871037	234466528.00
2020/04/13	10.55	10.64	10.21	10.43	10173716	106288848.00
2020/04/14	10.58	10.88	10.44	10.84	14227780	152134960.00
2020/04/15	10.86	10.98	10.60	10.65	15855979	171096032.00
2020/04/16	10.46	10.74	10.42	10.63	13538249	143209680.00
2020/04/17	10.80	10.92	10.49	10.54	17254208	184876016.00
2020/04/20	10.57	10.64	10.45	10.61	12931220	136698416.00
2020/04/21	10.52	10.55	10.10	10.35	16029210	164978256.00
2020/04/22	9.67	10.49	9.65	10.25	25153404	254533232.00
2020/04/23	10.38	10.43	9.82	9.83	20639164	206207344.00
2020/04/24	9.83	9.98	9.45	9.50	16578532	159946192.00
2020/04/27	9.52	9.59	9.25	9.38	10704931	100936432.00
2020/04/28	9.46	9.47	8.60	9.05	24399068	219832304.00
2020/04/29	9.07	9.78	9.05	9.52	24337701	231023472.00
2020/04/30	9.58	10.12	9.58	10.10	24286631	240742928.00
2020/05/06	10.00	11.11	9.93	11.11	35151775	378569376.00
2020/05/07	12.15	12.22	11.22	11.62	90829041	1078966912.00
2020/05/08	11.57	11.78	11.36	11.45	57667693	667241792.00
2020/05/11	11.53	11.65	11.23	11.34	28723188	328081472.00
2020/05/12	11.49	11.68	11.13	11.53	32147752	367340000.00
2020/05/13	11.46	11.53	11.30	11.38	21343237	243420224.00
2020/05/14	11.40	11.46	11.06	11.10	25873746	290699904.00
2020/05/15	11.20	11.31	11.06	11.17	23304586	260445488.00
2020/05/18	11.20	11.23	10.65	10.67	27852461	302223584.00
2020/05/19	10.88	11.20	10.79	11.06	22117110	243777616.00
2020/05/20	11.00	11.03	10.73	10.88	16439783	178305136.00
2020/05/21	10.94	10.94	10.16	10.26	25043600	262165056.00
2020/05/22	10.24	10.33	9.82	9.91	16777403	168227920.00
2020/05/25	9.92	9.92	9.52	9.60	14701900	142422464.00
2020/05/26	9.65	10.14	9.65	10.02	19872119	197410928.00
2020/05/27	10.00	10.03	9.79	9.84	11412390	112923352.00
2020/05/28	9.86	9.90	9.43	9.71	17204265	165527936.00
2020/05/29	9.66	10.08	9.56	9.72	14590656	143655968.00
2020/06/01	9.94	10.44	9.85	10.37	28112621	288014240.00
2020/06/02	10.41	10.49	10.20	10.41	22527006	233879632.00
2020/06/03	10.49	10.67	10.29	10.41	28417708	298017184.00
2020/06/04	10.40	10.55	10.28	10.41	14469863	150666752.00
2020/06/05	10.41	10.67	10.32	10.65	18936229	199228112.00
2020/06/08	10.74	11.00	10.55	10.60	20813600	223724720.00
2020/06/09	10.63	10.67	10.33	10.39	15884320	166207408.00
2020/06/10	10.39	10.50	10.23	10.49	14503124	150928752.00
2020/06/11	10.50	11.37	10.38	11.08	58352590	642396480.00
2020/06/12	10.81	11.16	10.81	11.02	38791227	425921888.00
2020/06/15	10.85	10.88	10.49	10.60	30856333	327806304.00
2020/06/16	10.85	11.06	10.72	10.86	26298299	286100224.00
2020/06/17	10.87	11.05	10.65	10.90	28501188	308395488.00
2020/06/18	10.90	11.36	10.81	11.22	43500882	484900768.00
2020/06/19	11.21	11.40	10.93	11.30	32876431	367467744.00
2020/06/22	11.28	11.58	11.18	11.43	33418507	380247776.00
2020/06/23	11.43	11.54	11.14	11.27	20963714	236628192.00
2020/06/24	11.28	11.31	10.90	10.93	24593060	271524384.00
2020/06/29	10.85	11.05	10.74	10.88	16512895	180217184.00
2020/06/30	10.89	11.24	10.89	11.11	23711748	263044672.00
2020/07/01	11.12	11.22	10.71	10.92	23477621	257546032.00
2020/07/02	10.97	11.47	10.89	11.28	36950456	416632928.00
2020/07/03	11.43	11.43	11.19	11.26	23335887	263467872.00
2020/07/06	11.35	12.39	11.33	12.39	57270619	687870720.00
2020/07/07	13.62	13.63	12.80	13.63	81665900	1096853888.00
2020/07/08	14.00	14.18	13.06	13.88	93523522	1277214976.00
2020/07/09	13.75	14.49	13.28	14.49	100416786	1389234816.00
2020/07/10	14.10	14.10	13.46	13.52	70570662	971995136.00
2020/07/13	13.33	13.81	13.03	13.74	46139100	626803008.00
2020/07/14	13.77	14.09	13.42	13.87	59196123	813243904.00
2020/07/15	13.67	13.70	12.50	12.61	55457710	726227648.00
2020/07/16	12.65	12.92	11.80	11.87	31647385	391884096.00
2020/07/17	11.97	12.09	11.66	11.87	19531645	232135888.00
2020/07/20	11.98	12.33	11.82	12.28	20675890	249553408.00
2020/07/21	12.23	12.41	12.06	12.23	15782824	192688192.00
2020/07/22	12.22	12.47	12.07	12.25	20384215	250644400.00
2020/07/23	12.12	12.17	11.38	11.88	26870608	316494304.00
2020/07/24	11.81	12.03	10.99	11.05	23044273	263940112.00
2020/07/27	11.25	11.26	10.81	11.00	12694911	140100672.00
2020/07/28	11.08	11.28	11.07	11.17	11786390	131682416.00
2020/07/29	11.06	11.59	11.04	11.57	17050866	194170944.00
2020/07/30	11.59	11.66	11.35	11.40	13798722	158163792.00
2020/07/31	11.49	11.90	11.42	11.79	21859200	255778720.00
2020/08/03	11.89	12.16	11.80	12.14	22159900	266296800.00
2020/08/04	12.20	12.21	11.90	11.94	19160046	229958512.00
2020/08/05	12.10	12.19	11.85	11.92	17507804	209292688.00
2020/08/06	11.92	11.95	11.52	11.82	18515944	217386576.00
2020/08/07	11.79	11.84	11.32	11.35	16892218	194117568.00
2020/08/10	11.48	11.64	11.10	11.35	15403351	174714832.00
2020/08/11	11.45	11.45	11.01	11.01	12503918	140589152.00
2020/08/12	11.01	11.21	10.80	11.21	13260227	145400080.00
2020/08/13	11.26	11.29	11.09	11.16	8257652	92394008.00
2020/08/14	11.13	11.44	11.11	11.38	10731099	121165712.00
2020/08/17	11.39	11.80	11.26	11.80	15168077	175559760.00
2020/08/18	11.72	11.79	11.61	11.74	11460267	134031000.00
2020/08/19	11.68	11.68	11.18	11.20	13065413	148833136.00
2020/08/20	11.07	11.20	11.01	11.07	7798260	86545112.00
2020/08/21	11.13	11.27	10.82	10.94	12302599	135565808.00
2020/08/24	10.99	11.40	10.69	11.22	14460107	159917072.00
2020/08/25	11.25	11.47	11.16	11.39	13886945	157694128.00
2020/08/26	11.39	11.45	11.00	11.10	11046904	123993304.00
2020/08/27	11.25	11.56	10.94	11.55	23020381	260257808.00
2020/08/28	11.45	11.74	11.33	11.67	19106900	220716336.00
2020/08/31	11.68	11.80	11.31	11.33	21412900	247905584.00
2020/09/01	11.29	11.33	11.07	11.26	14096256	157582016.00
2020/09/02	11.27	11.81	11.18	11.80	30733853	356590048.00
2020/09/03	11.89	12.10	11.39	11.54	30415426	355367584.00
2020/09/04	11.19	12.00	11.16	11.86	29574339	346226752.00
2020/09/07	11.88	12.50	11.80	12.13	45908530	558259584.00
2020/09/08	12.11	13.16	12.04	12.90	51471210	647692032.00
2020/09/09	12.62	12.91	12.04	12.17	44194411	550622720.00
2020/09/10	12.28	12.33	10.63	10.76	38045825	432705792.00
2020/09/11	10.66	11.04	10.56	10.91	14786511	159917648.00
2020/09/14	10.92	11.39	10.92	11.27	15453467	173215792.00
2020/09/15	11.21	11.27	11.00	11.15	12817266	142559920.00
2020/09/16	11.10	11.13	10.67	10.74	15275895	165729600.00
2020/09/17	10.78	11.03	10.68	10.88	11675817	126669344.00
2020/09/18	10.86	11.00	10.70	10.96	11756261	127880656.00
2020/09/21	10.92	11.03	10.69	10.79	12537883	136520400.00
2020/09/22	10.65	10.80	10.43	10.49	11004253	116822304.00
2020/09/23	10.56	10.62	10.43	10.54	7796052	82133920.00
2020/09/24	10.44	10.49	9.99	10.04	15106324	153558512.00
2020/09/25	10.10	10.19	9.92	9.96	7253930	72871400.00
2020/09/28	10.01	10.07	9.75	9.76	6265540	61735572.00
2020/09/29	9.84	10.03	9.77	9.86	6828223	67679016.00
2020/09/30	9.96	9.97	9.74	9.78	4733600	46516356.00
2020/10/09	9.95	10.17	9.95	10.10	6960912	70213272.00
2020/10/12	10.24	10.45	10.24	10.43	12971176	134483776.00
2020/10/13	10.42	10.50	10.28	10.49	9357120	97410272.00
2020/10/14	10.49	10.50	10.18	10.18	9355267	96119648.00
2020/10/15	10.18	10.28	10.05	10.06	7176573	72778896.00
2020/10/16	10.06	10.11	9.92	10.00	5434728	54270248.00
2020/10/19	10.07	10.28	10.03	10.05	5934786	60195808.00
2020/10/20	10.11	10.53	9.97	10.48	14573132	150793568.00
2020/10/21	10.51	10.55	10.22	10.38	8215069	84856448.00
2020/10/22	10.31	10.63	10.22	10.54	11422812	119950232.00
2020/10/23	10.49	10.58	10.26	10.28	8705100	90412040.00
2020/10/26	10.23	10.33	10.09	10.19	7004157	71452440.00
2020/10/27	10.08	10.18	9.99	10.13	6265345	63183032.00
2020/10/28	10.05	10.12	9.59	9.81	12351326	120947864.00
2020/10/29	9.60	9.79	9.52	9.65	7073022	68373064.00
2020/10/30	9.78	9.86	9.35	9.36	8769605	84225840.00
2020/11/02	9.36	9.48	9.09	9.14	8760596	80737648.00
2020/11/03	9.20	9.61	9.17	9.51	8473539	80252336.00
2020/11/04	9.52	9.60	9.30	9.43	6162892	57997832.00
2020/11/05	9.50	9.90	9.40	9.86	13916102	134921952.00
2020/11/06	9.90	9.93	9.68	9.79	9864000	96644296.00
2020/11/09	9.95	10.21	9.85	10.08	14035218	141140624.00
2020/11/10	10.10	10.22	9.98	10.03	9474389	95590208.00
2020/11/11	10.04	10.06	9.74	9.74	7996481	78599576.00
2020/11/12	9.88	9.90	9.62	9.66	5984064	58090912.00
2020/11/13	9.60	9.77	9.52	9.69	4442200	42929656.00
数据来源:通达信
