300181 佐力药业 日线 前复权
      日期	    开盘	    最高	    最低	    收盘	    成交量	    成交额
2015/09/14	8.23	8.23	8.23	8.23	3167504	26670384.00
2015/09/15	8.79	9.06	8.49	8.68	79245587	710646656.00
2015/09/16	7.94	9.57	7.94	9.36	65938241	580146240.00
2015/09/17	8.90	9.14	8.41	8.41	56797253	513338912.00
2015/09/18	8.23	8.46	7.82	7.97	33733798	278217536.00
2015/09/21	8.01	8.48	7.93	8.46	27639058	234078128.00
2015/09/22	8.41	8.68	8.27	8.43	27904146	241935440.00
2015/09/23	8.31	8.51	8.20	8.29	16907320	144149136.00
2015/09/24	8.40	8.88	8.39	8.71	29115656	257899584.00
2015/09/25	8.66	8.78	8.07	8.22	21718752	186780816.00
2015/09/28	8.33	8.49	8.07	8.49	14333135	121905664.00
2015/09/29	8.29	8.36	8.14	8.26	13412411	113249576.00
2015/09/30	8.31	8.62	8.27	8.41	17526086	151848960.00
2015/10/08	8.99	9.14	8.61	8.92	28917051	262718448.00
2015/10/09	8.95	9.00	8.69	8.93	24600089	223166736.00
2015/10/12	9.04	9.64	8.96	9.42	32034346	305230624.00
2015/10/13	9.40	9.74	9.27	9.62	27602404	269981536.00
2015/10/14	9.52	9.68	9.32	9.32	21047941	203027152.00
2015/10/15	9.22	9.65	9.07	9.65	25576709	245538752.00
2015/10/16	9.71	10.08	9.62	9.95	29088236	291266912.00
2015/10/19	9.90	9.91	9.46	9.59	26638560	263093664.00
2015/10/20	9.62	9.78	9.52	9.78	20476464	202416336.00
2015/10/21	9.81	10.07	8.82	8.88	40633389	394416128.00
2015/10/22	8.94	9.71	8.93	9.70	34678525	328363488.00
2015/10/23	9.91	10.61	9.83	10.52	51033705	530254336.00
2015/10/26	10.78	10.81	10.16	10.41	42326005	454006272.00
2015/10/27	10.21	10.66	9.74	10.51	30286687	314457184.00
2015/10/28	10.43	10.63	9.96	10.01	21759468	227963712.00
2015/10/29	10.14	10.24	9.95	10.07	13987074	143878368.00
2015/10/30	10.13	10.18	9.86	10.01	14534165	148685744.00
2015/11/02	9.87	10.10	9.73	9.77	14106271	142275216.00
2015/11/03	9.71	9.86	9.62	9.73	9929935	98623760.00
2015/11/04	9.80	10.26	9.78	10.21	18766862	192832192.00
2015/11/05	10.26	10.39	10.04	10.33	24542225	256161584.00
2015/11/06	10.28	10.61	10.27	10.50	21648538	231315056.00
2015/11/09	10.31	10.58	10.12	10.47	23531968	248774256.00
2015/11/10	10.31	11.28	10.24	11.06	35055513	383443744.00
2015/11/11	11.08	11.16	10.80	11.05	23111267	258136384.00
2015/11/12	11.11	11.50	11.07	11.21	25840413	296072512.00
2015/11/13	11.03	11.07	10.53	10.69	22494860	247223824.00
2015/11/16	10.31	10.89	10.26	10.89	13486336	146454912.00
2015/11/17	11.02	11.13	10.64	10.69	21287734	236526288.00
2015/11/18	10.69	10.78	10.51	10.56	11981741	129734176.00
2015/11/19	10.57	10.88	10.56	10.87	11238176	122487584.00
2015/11/20	10.89	11.09	10.75	11.02	18514943	206241552.00
2015/11/23	10.99	12.14	10.99	12.00	57146814	688876800.00
2015/11/24	11.71	11.91	11.39	11.79	32426575	383607584.00
2015/11/25	11.78	12.56	11.66	12.27	31129408	387127488.00
2015/11/26	12.28	12.39	12.06	12.19	19281040	238952320.00
2015/11/27	12.15	12.37	11.11	11.26	23997072	288531392.00
2015/11/30	11.21	11.76	10.77	11.61	23338719	270870944.00
2015/12/01	11.60	11.76	11.16	11.37	20653482	239854048.00
2015/12/02	11.25	11.42	10.61	11.04	14463664	162339136.00
2015/12/03	11.13	11.41	11.06	11.41	10596587	121606568.00
2015/12/04	11.41	11.58	11.21	11.35	13584422	157367136.00
2015/12/07	11.36	11.91	11.29	11.76	17947260	211580272.00
2015/12/08	11.67	11.67	11.23	11.27	14437541	168042160.00
2015/12/09	11.19	11.26	10.86	10.96	12311112	138002864.00
2015/12/10	10.98	11.15	10.81	10.84	8395124	93807112.00
2015/12/11	10.81	10.89	10.57	10.85	9577019	104345056.00
2015/12/14	10.63	11.14	10.61	11.11	7151806	79044944.00
2015/12/15	11.04	11.25	11.03	11.09	7494530	84754728.00
2015/12/16	11.10	11.44	11.10	11.30	10988579	126000304.00
2015/12/17	11.36	11.73	11.36	11.63	15529040	182591968.00
2015/12/18	11.59	11.80	11.34	11.63	14050527	165187888.00
2015/12/21	11.53	11.84	11.51	11.71	15281726	181824992.00
2015/12/22	11.89	11.90	11.52	11.66	10798825	127893400.00
2015/12/23	11.82	12.85	11.81	12.33	50854379	650081984.00
2015/12/24	12.01	12.18	11.56	11.87	29201821	350492192.00
2015/12/25	11.87	12.22	11.75	12.18	17404120	213034768.00
2015/12/28	12.18	12.31	11.71	11.71	16735619	204112416.00
2015/12/29	11.66	11.95	11.49	11.94	12589361	149889264.00
2015/12/30	11.95	12.05	11.74	11.98	10089108	122111048.00
2015/12/31	11.99	12.03	11.65	11.70	9970312	119653696.00
2016/01/04	11.65	11.70	10.51	10.51	11075382	124581944.00
2016/01/05	9.99	10.68	9.78	10.15	13348767	138443312.00
2016/01/06	10.31	10.47	10.01	10.40	9690265	101507496.00
2016/01/07	10.17	10.18	9.34	9.35	2771900	27597758.00
2016/01/08	9.65	9.79	8.82	9.47	11615809	112226816.00
2016/01/11	9.37	9.37	8.50	8.54	9059019	82794376.00
2016/01/12	8.44	8.97	8.41	8.84	10644435	94622152.00
2016/01/13	8.77	9.07	8.56	8.61	7345667	66697972.00
2016/01/14	8.31	9.16	8.11	9.10	8002214	72281976.00
2016/01/15	9.10	9.28	8.71	8.86	7502004	68910392.00
2016/01/18	8.85	9.16	8.72	9.02	7082180	65250900.00
2016/01/19	9.02	9.28	8.91	9.26	8721612	81180128.00
2016/01/20	9.17	9.29	8.95	9.01	8377511	77995592.00
2016/01/21	8.90	9.13	8.69	8.69	8162782	74255600.00
2016/01/22	8.81	8.88	8.46	8.71	6040083	53540788.00
2016/01/25	8.77	8.82	8.64	8.71	4753273	42492640.00
2016/01/26	9.51	9.60	9.17	9.60	61277053	597023360.00
2016/01/27	9.20	9.44	8.62	9.05	43713035	395877216.00
2016/01/28	8.66	8.88	8.13	8.13	22437229	195836448.00
2016/01/29	7.96	8.55	7.85	8.34	13694881	115883856.00
2016/02/01	8.36	8.50	7.96	8.15	8415032	71206096.00
2016/02/02	8.13	8.59	8.13	8.43	10003364	85962848.00
2016/02/03	8.31	8.47	8.14	8.42	7462522	63383628.00
2016/02/04	8.46	8.83	8.46	8.70	11306255	100079216.00
2016/02/05	8.70	8.79	8.50	8.63	6621271	58427288.00
2016/02/15	8.36	8.88	8.31	8.80	9306369	82314224.00
2016/02/16	8.89	9.29	8.83	9.13	11884548	110765072.00
2016/02/17	9.11	9.21	8.91	9.18	9334660	86580776.00
2016/02/18	9.17	9.35	9.11	9.14	10986963	103286080.00
2016/02/19	9.12	9.41	9.05	9.41	12120074	114374600.00
2016/02/22	9.56	9.67	9.42	9.60	12857662	125011160.00
2016/02/23	9.57	9.63	9.21	9.34	9916876	94855856.00
2016/02/24	9.34	9.40	9.05	9.28	8117850	76275552.00
2016/02/25	9.28	9.28	8.33	8.36	10707936	96231472.00
2016/02/26	8.49	8.58	8.10	8.31	9299398	79520048.00
2016/02/29	8.31	8.33	7.47	7.48	11268370	88957720.00
2016/03/01	7.64	7.90	7.51	7.84	11664392	92233912.00
2016/03/02	7.81	8.28	7.81	8.28	7242233	59668040.00
2016/03/03	8.18	8.44	8.16	8.37	9086486	77481024.00
2016/03/04	8.34	8.44	7.87	7.99	6947044	58000088.00
2016/03/07	8.06	8.28	8.03	8.13	6243961	52111240.00
2016/03/08	8.13	8.28	7.75	8.27	8156768	66833356.00
2016/03/09	8.11	8.40	7.99	8.20	7785853	65558604.00
2016/03/10	8.24	8.28	8.01	8.04	4645768	38734680.00
2016/03/11	8.01	8.05	7.83	7.98	3762550	30635030.00
2016/03/14	8.11	8.41	8.07	8.28	8193287	69651112.00
2016/03/15	8.21	8.53	8.20	8.34	7431727	63781708.00
2016/03/16	8.50	8.59	8.21	8.26	5344924	45793592.00
2016/03/17	8.30	8.66	8.27	8.60	11688753	101292632.00
2016/03/18	8.64	8.97	8.57	8.91	14053572	126261064.00
2016/03/21	9.01	9.09	8.89	9.05	12472754	114427272.00
2016/03/22	8.96	9.01	8.78	8.86	14208117	129229664.00
2016/03/23	8.81	8.89	8.74	8.86	7984328	71948792.00
2016/03/24	8.75	8.83	8.59	8.65	14327196	127632000.00
2016/03/25	8.67	8.88	8.60	8.75	10991756	98126944.00
2016/03/28	8.80	8.93	8.67	8.74	8835553	79470712.00
2016/03/29	8.76	8.79	8.39	8.46	6763819	58958112.00
2016/03/30	8.54	8.78	8.50	8.77	8503234	75039408.00
2016/03/31	8.80	8.86	8.68	8.77	9575396	85758184.00
2016/04/01	8.67	8.73	8.51	8.65	6007903	52854928.00
2016/04/05	8.65	9.00	8.59	8.96	14181653	128723160.00
2016/04/06	8.93	9.03	8.86	8.96	9801373	89417632.00
2016/04/07	9.01	9.01	8.73	8.76	9533015	86011328.00
2016/04/08	8.73	8.74	8.50	8.64	8392520	73918664.00
2016/04/11	8.76	9.52	8.74	9.52	27593886	260372256.00
2016/04/12	9.84	10.31	9.58	9.70	65167251	659975168.00
2016/04/13	9.56	10.01	9.56	9.84	35824710	358938592.00
2016/04/14	9.91	9.99	9.67	9.80	18643995	185907040.00
2016/04/15	9.82	9.88	9.63	9.71	15409537	152919952.00
2016/04/18	9.69	9.69	9.32	9.38	14348814	137874080.00
2016/04/19	9.46	9.60	9.33	9.47	9880903	95134112.00
2016/04/20	9.53	9.56	8.60	8.80	18837703	172993312.00
2016/04/21	8.80	8.89	8.59	8.62	9636368	86404920.00
2016/04/22	8.66	8.94	8.66	8.86	10143971	91479096.00
2016/04/25	8.82	8.83	8.62	8.78	6770569	60292232.00
2016/04/26	8.81	9.05	8.79	9.05	10077864	91823688.00
2016/04/27	9.01	9.07	8.88	8.93	8377766	76903576.00
2016/04/28	8.94	9.01	8.75	9.01	6880117	62457964.00
2016/04/29	8.95	9.33	8.89	9.24	12017428	111926520.00
2016/05/03	9.12	9.55	8.94	9.48	23251636	220306144.00
2016/05/04	9.35	9.48	9.27	9.35	15220979	145736992.00
2016/05/05	9.21	9.28	9.06	9.25	14164067	132764376.00
2016/05/06	9.27	9.30	8.74	8.80	13593151	124842960.00
2016/05/09	8.65	8.69	8.31	8.33	9206342	79898720.00
2016/05/10	8.33	8.43	8.26	8.31	5167400	44077016.00
2016/05/11	8.41	8.55	8.28	8.34	6291243	54029796.00
2016/05/12	8.21	8.31	8.01	8.27	7921016	66287900.00
2016/05/13	8.24	8.43	8.14	8.22	5745259	48664048.00
2016/05/16	8.21	8.36	8.13	8.33	4783410	40457996.00
2016/05/17	8.38	8.49	8.19	8.37	7527442	64323800.00
2016/05/18	8.35	8.35	7.90	7.98	7212457	59652304.00
2016/05/19	8.00	8.18	8.00	8.02	4627968	38375664.00
2016/05/20	7.99	8.14	7.89	8.14	5009503	41250600.00
2016/05/23	8.19	8.25	8.11	8.22	4287001	35962732.00
2016/05/24	8.22	8.22	8.07	8.12	3727528	31005448.00
2016/05/25	8.17	8.24	8.06	8.11	4023814	33613640.00
2016/05/26	8.06	8.14	7.89	8.10	4339432	35576888.00
2016/05/27	8.07	8.13	8.01	8.08	3400455	28090198.00
2016/05/30	8.06	8.11	7.94	8.02	3344046	27471970.00
2016/05/31	8.05	8.37	7.98	8.36	8435978	71425640.00
2016/06/01	8.51	9.22	8.51	8.93	42429581	393013856.00
2016/06/02	8.78	8.86	8.63	8.84	26527458	236859488.00
2016/06/03	8.76	8.90	8.71	8.85	13809043	124577584.00
2016/06/06	8.89	8.91	8.64	8.74	9790416	87566304.00
2016/06/07	8.74	8.75	8.61	8.74	8165032	72430632.00
2016/06/08	8.77	8.92	8.68	8.87	11235683	101336488.00
2016/06/13	8.72	8.76	8.57	8.57	10536007	93525456.00
2016/06/14	8.58	8.66	8.36	8.55	7693028	66837848.00
2016/06/15	8.49	8.86	8.41	8.85	10814597	96536552.00
2016/06/16	8.87	9.00	8.70	8.98	11450827	102385936.00
2016/06/17	8.92	9.43	8.92	9.06	20787980	193931152.00
2016/06/20	8.97	9.06	8.76	8.86	10362554	93082792.00
2016/06/21	8.87	8.96	8.73	8.76	7228467	64834480.00
2016/06/22	8.74	8.95	8.69	8.94	7049950	63386472.00
2016/06/23	8.96	8.99	8.78	8.91	6331031	57039936.00
2016/06/24	8.92	8.97	8.51	8.91	10514823	94028528.00
2016/06/27	8.77	9.11	8.69	9.09	12062525	109780464.00
2016/06/28	9.03	9.24	8.98	9.21	13618635	126333656.00
2016/06/29	9.27	9.30	9.11	9.17	10314207	96032056.00
2016/06/30	9.18	9.22	9.07	9.12	6826460	63082008.00
2016/07/01	9.12	9.18	9.00	9.08	6075119	55991900.00
2016/07/04	8.93	9.22	8.93	9.16	9415602	87172816.00
2016/07/05	9.19	9.33	9.09	9.24	12327854	114923784.00
2016/07/06	9.24	9.24	9.10	9.19	10616305	98587112.00
2016/07/07	9.20	9.43	9.18	9.35	16076935	151856784.00
2016/07/08	9.36	9.40	9.22	9.29	8643822	81345392.00
2016/07/11	9.30	9.41	9.19	9.22	9897164	93380888.00
2016/07/12	9.23	9.40	9.14	9.37	11349513	106893408.00
2016/07/13	9.40	9.73	9.35	9.53	17207978	165966768.00
2016/07/14	9.56	9.56	9.34	9.47	11109463	106007808.00
2016/07/15	9.47	9.56	9.32	9.51	8921726	85248984.00
2016/07/18	9.48	9.67	9.43	9.52	9258906	89732120.00
2016/07/19	9.49	9.55	9.31	9.46	8539061	81459880.00
2016/07/20	9.42	9.57	9.35	9.47	6980595	66811364.00
2016/07/21	9.47	9.52	9.38	9.40	6357648	60843436.00
2016/07/22	9.40	9.43	9.27	9.27	6886190	65123624.00
2016/07/25	9.24	9.39	9.24	9.31	4511819	42539420.00
2016/07/26	9.31	9.68	9.29	9.62	9684424	92874560.00
2016/07/27	9.69	9.87	9.06	9.16	20292511	196004320.00
2016/07/28	9.04	9.18	8.98	9.13	9171828	84418336.00
2016/07/29	9.10	9.17	9.00	9.03	5377920	49366088.00
2016/08/01	8.89	8.97	8.64	8.84	6704277	59935424.00
2016/08/02	8.91	8.94	8.80	8.93	3101450	27865040.00
2016/08/03	8.92	8.96	8.84	8.88	3107556	27987798.00
2016/08/04	8.88	8.95	8.82	8.92	3257585	29357748.00
2016/08/05	8.93	8.98	8.80	8.84	5425414	48996396.00
2016/08/08	8.84	8.98	8.78	8.97	3077398	27804312.00
2016/08/09	8.97	9.08	8.97	9.07	5046419	46159088.00
2016/08/10	9.06	9.07	8.97	8.98	3552580	32441646.00
2016/08/11	8.98	9.03	8.86	8.88	3748116	34015448.00
2016/08/12	8.85	8.98	8.84	8.97	2877055	25988106.00
2016/08/15	9.02	9.16	8.95	9.13	6417804	59091756.00
2016/08/16	9.13	9.25	9.09	9.17	5292882	49152804.00
2016/08/17	9.17	9.21	9.13	9.17	4489735	41679100.00
2016/08/18	9.18	9.31	9.15	9.22	5155718	48223368.00
2016/08/19	9.26	9.26	9.09	9.16	3858460	35815632.00
2016/08/22	9.19	9.23	9.11	9.15	5271402	48975348.00
2016/08/23	9.17	9.30	9.13	9.22	5704165	53266644.00
2016/08/24	9.21	9.35	9.20	9.28	7090025	66773452.00
2016/08/25	9.19	9.44	9.12	9.44	14395160	136234720.00
2016/08/26	9.38	10.06	9.30	9.57	35424975	347959552.00
2016/08/29	9.63	9.74	9.43	9.68	18895146	183181728.00
2016/08/30	9.66	10.18	9.66	9.87	25236928	253951872.00
2016/08/31	9.88	10.08	9.74	9.93	17980670	180203568.00
2016/09/01	9.93	9.93	9.67	9.67	10546230	104731808.00
2016/09/02	9.66	9.81	9.56	9.63	8259317	80682280.00
2016/09/05	9.65	9.78	9.55	9.63	7832653	76792592.00
2016/09/06	9.69	10.03	9.45	10.00	12616898	124645112.00
2016/09/07	9.95	10.21	9.87	10.08	15536064	157858752.00
2016/09/08	10.00	10.18	9.90	10.06	9554654	97094120.00
2016/09/09	10.00	10.07	9.86	9.92	7032331	70703976.00
2016/09/12	9.69	9.83	9.59	9.73	9284377	91256952.00
2016/09/13	9.74	9.83	9.63	9.74	5969270	58822744.00
2016/09/14	9.70	10.03	9.62	9.97	10237392	102277368.00
2016/09/19	9.99	10.15	9.89	10.02	7236859	73128656.00
2016/09/20	10.03	10.09	9.58	9.63	12393599	123304232.00
2016/09/21	9.63	9.73	9.54	9.68	7482903	73030944.00
2016/09/22	9.71	10.04	9.58	9.94	11091210	110379376.00
2016/09/23	9.93	10.16	9.89	10.04	19144588	194663312.00
2016/09/26	10.05	10.15	9.89	10.10	15107893	153844464.00
2016/09/27	10.06	10.45	9.78	10.33	27365283	281815552.00
2016/09/28	10.36	10.55	10.13	10.41	23841855	249520112.00
2016/09/29	10.29	10.36	10.16	10.26	14054847	145518528.00
2016/09/30	10.13	10.20	9.90	10.12	20225574	205360592.00
2016/10/10	10.12	10.44	10.08	10.33	15735931	163622944.00
2016/10/11	10.28	10.53	10.19	10.48	14906590	156183040.00
2016/10/12	10.39	10.56	10.33	10.40	11111924	117257528.00
2016/10/13	10.38	10.47	10.16	10.23	11211744	116400624.00
2016/10/14	10.18	10.23	9.97	10.19	15127814	154165504.00
2016/10/17	10.14	10.20	9.98	10.17	12441318	127214328.00
2016/10/18	10.09	10.26	10.08	10.22	10427733	107253016.00
2016/10/19	10.22	10.25	10.03	10.11	14628407	149669504.00
2016/10/20	10.07	10.10	9.98	10.00	6790129	68943088.00
2016/10/21	10.00	10.03	9.73	9.94	14920783	149372880.00
2016/10/24	9.93	10.21	9.85	10.17	13144319	133341192.00
2016/10/25	10.15	10.15	10.04	10.12	6191209	63221444.00
2016/10/26	10.12	10.43	10.04	10.31	14358564	148180048.00
2016/10/27	10.52	10.55	10.23	10.37	11943335	124552392.00
2016/10/28	10.56	10.56	9.95	10.12	28805486	294090400.00
2016/10/31	9.98	10.21	9.88	10.12	10575610	107745816.00
2016/11/01	10.20	10.35	10.04	10.25	14000154	144156400.00
2016/11/02	10.25	10.48	10.19	10.25	26275131	274307360.00
2016/11/03	10.21	10.44	10.17	10.32	16382538	170801760.00
2016/11/04	10.27	10.78	10.26	10.47	37839948	403444064.00
2016/11/07	10.42	11.08	10.37	10.82	47394260	513819072.00
2016/11/08	10.78	10.98	10.68	10.83	26679420	292153760.00
2016/11/09	10.79	11.23	10.73	10.95	35321955	392420832.00
2016/11/10	11.00	11.18	10.84	11.05	23770746	264302800.00
2016/11/11	11.04	11.32	10.85	10.93	26768868	299439488.00
2016/11/14	10.93	11.01	10.73	10.84	17357045	189763232.00
2016/11/15	10.89	11.19	10.80	11.15	21828798	243183472.00
2016/11/16	11.17	11.28	10.98	10.99	19897038	223538032.00
2016/11/17	11.02	11.48	10.93	11.33	28139140	319594752.00
2016/11/18	11.28	11.53	11.10	11.13	18732171	212624720.00
2016/11/21	11.18	11.30	10.93	11.25	19524072	220488144.00
2016/11/22	11.21	11.39	11.11	11.24	18425349	209340416.00
2016/11/23	11.25	11.34	11.06	11.18	14362270	162246752.00
2016/11/24	11.38	11.43	10.37	10.65	46605005	503882848.00
2016/11/25	10.65	10.65	10.30	10.46	11614673	122583904.00
2016/11/28	10.47	10.55	10.31	10.44	13772337	144874928.00
2016/11/29	10.48	10.63	10.04	10.09	26903440	280525856.00
2016/11/30	10.12	10.28	9.86	9.88	22569252	226515152.00
2016/12/01	9.86	9.97	9.86	9.92	10199125	102374112.00
2016/12/02	9.92	9.97	9.74	9.78	8048951	80281504.00
2016/12/05	9.77	9.87	9.72	9.78	5612074	55710320.00
2016/12/06	9.80	10.01	9.80	9.85	8459017	84641960.00
2016/12/07	9.83	9.97	9.82	9.97	6323477	63466204.00
2016/12/08	10.00	10.03	9.80	9.81	6263320	62807348.00
2016/12/09	9.81	9.85	9.72	9.73	6868901	68014368.00
2016/12/12	9.73	9.74	9.11	9.12	12847214	121334304.00
2016/12/13	9.00	9.11	8.90	9.05	6894384	62945788.00
2016/12/14	9.06	9.07	8.92	8.94	5384152	49030488.00
2016/12/15	8.94	9.11	8.91	9.05	5898766	54003120.00
2016/12/16	9.06	9.22	9.02	9.16	5424105	50251668.00
2016/12/19	9.16	9.16	9.02	9.05	3966918	36461160.00
2016/12/20	9.06	9.12	9.01	9.11	3792820	34828868.00
2016/12/21	9.11	9.20	9.09	9.15	3739250	34653804.00
2016/12/22	9.14	9.26	9.12	9.21	4355327	40601048.00
2016/12/23	9.24	9.26	9.03	9.04	3961192	36530356.00
2016/12/26	9.04	9.09	8.91	9.09	5144215	46803960.00
2016/12/27	9.08	9.17	9.06	9.09	3449702	31837614.00
2016/12/28	9.10	9.12	8.95	8.97	4123614	37629252.00
2016/12/29	8.95	9.04	8.94	8.98	2926040	26670006.00
2016/12/30	8.99	9.03	8.98	9.01	2380824	21729156.00
2017/01/03	9.03	9.14	9.01	9.14	4382234	40410604.00
2017/01/04	9.14	9.23	9.06	9.20	4606063	42747316.00
2017/01/05	9.20	9.22	9.12	9.17	4564276	42366932.00
2017/01/06	9.17	9.18	9.06	9.08	3547530	32697128.00
2017/01/09	9.04	9.10	9.00	9.10	3042943	27919040.00
2017/01/10	9.06	9.11	9.02	9.04	3057656	28074700.00
2017/01/11	9.05	9.05	8.77	8.78	6289844	56824152.00
2017/01/12	8.77	8.87	8.74	8.76	3252406	29048984.00
2017/01/13	8.77	8.82	8.55	8.58	3599182	31777240.00
2017/01/16	8.59	8.61	7.88	8.18	6953376	58452576.00
2017/01/17	8.19	8.35	8.06	8.30	4241284	35386612.00
2017/01/18	8.31	8.32	8.16	8.20	2617309	21867602.00
2017/01/19	8.20	8.23	8.11	8.16	2325234	19260516.00
2017/01/20	8.13	8.35	8.12	8.29	3966028	33335186.00
2017/01/23	8.33	8.48	8.29	8.39	4427591	37742120.00
2017/01/24	8.42	8.49	8.39	8.46	3988789	34128212.00
2017/01/25	8.40	8.55	8.39	8.50	2296923	19749502.00
2017/01/26	8.53	8.54	8.44	8.48	3231766	27828610.00
2017/02/03	8.48	8.50	8.37	8.41	1642550	14024776.00
2017/02/06	8.44	8.61	8.42	8.59	3553427	30810238.00
2017/02/07	8.59	8.72	8.53	8.72	3457093	30180072.00
2017/02/08	8.86	9.12	8.79	8.96	10772789	97633408.00
2017/02/09	8.86	8.94	8.80	8.92	4822663	43463516.00
2017/02/10	8.98	8.98	8.82	8.88	4326115	38992232.00
2017/02/13	8.88	8.90	8.80	8.89	3861624	34648244.00
2017/02/14	8.90	8.93	8.71	8.81	3991592	35633944.00
2017/02/15	8.81	8.84	8.70	8.70	3334096	29709408.00
2017/02/16	8.64	8.73	8.64	8.68	3411196	30014198.00
2017/02/17	8.68	8.73	8.50	8.60	4149674	36253660.00
2017/02/20	8.60	8.66	8.55	8.65	2883070	25172100.00
2017/02/21	8.69	8.76	8.68	8.75	4223233	37381108.00
2017/02/22	8.75	8.80	8.67	8.71	4850149	42866532.00
2017/02/23	8.71	8.98	8.60	8.96	12826504	114263712.00
2017/02/24	8.93	8.93	8.81	8.86	6969498	62624116.00
2017/02/27	8.82	8.97	8.78	8.79	5531636	49753800.00
2017/02/28	8.79	8.83	8.65	8.75	4716963	41689592.00
2017/03/01	8.71	8.81	8.71	8.74	4170537	37031192.00
2017/03/02	8.76	8.77	8.63	8.64	3836187	33751868.00
2017/03/03	8.63	8.76	8.57	8.71	5151416	45283668.00
2017/03/06	8.70	8.79	8.68	8.78	4033852	35827828.00
2017/03/07	8.78	8.84	8.73	8.84	4578801	40793912.00
2017/03/08	8.86	8.86	8.74	8.81	2946260	26256288.00
2017/03/09	8.81	8.81	8.63	8.67	3289326	29000338.00
2017/03/10	8.65	8.68	8.58	8.60	2988327	26150564.00
2017/03/13	8.58	8.66	8.52	8.66	3327761	29047446.00
2017/03/14	8.64	8.69	8.57	8.60	3381991	29592398.00
2017/03/15	8.59	8.65	8.54	8.57	2146557	18693304.00
2017/03/16	8.62	8.70	8.59	8.68	4114134	36142376.00
2017/03/17	8.68	8.74	8.63	8.64	3870150	34131532.00
2017/03/20	8.64	8.71	8.57	8.63	4187446	36603392.00
2017/03/21	8.59	8.63	8.53	8.59	4126514	35903012.00
2017/03/22	8.53	8.53	8.29	8.31	9395958	79676208.00
2017/03/23	8.31	8.35	8.20	8.23	6840605	57418004.00
2017/03/24	8.23	8.34	8.21	8.34	3978989	33351246.00
2017/03/27	8.30	8.41	8.29	8.34	4080829	34592944.00
2017/03/28	8.30	8.48	8.27	8.46	5031821	42800368.00
2017/03/29	8.43	8.43	8.31	8.32	3040164	25798408.00
2017/03/30	8.29	8.35	8.14	8.14	4379505	36469768.00
2017/03/31	8.15	8.22	8.08	8.15	2443021	20193564.00
2017/04/05	8.15	8.38	8.14	8.32	3997164	33541036.00
2017/04/06	8.38	8.40	8.29	8.33	3949585	33461688.00
2017/04/07	8.30	8.33	8.22	8.25	3517899	29468958.00
2017/04/10	8.23	8.26	8.09	8.12	4462525	36802596.00
2017/04/11	8.09	8.12	7.98	8.10	4727136	38629740.00
2017/04/12	8.09	8.14	8.03	8.03	4054511	33221590.00
2017/04/13	8.08	8.12	8.04	8.07	2586541	21220854.00
2017/04/14	8.08	8.10	7.98	8.00	2864721	23332512.00
2017/04/17	8.02	8.05	7.93	7.98	2659692	21567122.00
2017/04/18	7.99	8.03	7.89	7.89	2267784	18332218.00
2017/04/19	7.90	7.91	7.66	7.72	4019972	31608348.00
2017/04/20	7.68	7.80	7.63	7.70	2960884	23199100.00
2017/04/21	7.74	7.92	7.69	7.74	5021892	39833524.00
2017/04/24	7.73	7.79	7.53	7.53	3026090	23495440.00
2017/04/25	7.55	7.75	7.49	7.65	2642801	20458378.00
2017/04/26	7.58	7.67	7.58	7.63	1451050	11233680.00
2017/04/27	7.59	7.71	7.48	7.69	3323080	25588940.00
2017/04/28	7.70	7.89	7.65	7.85	3375892	26632526.00
2017/05/02	7.82	7.84	7.73	7.76	2913533	22998110.00
2017/05/03	7.76	7.78	7.61	7.65	2266898	17677952.00
2017/05/04	7.63	7.72	7.53	7.69	2426800	18883992.00
2017/05/05	7.68	7.68	7.33	7.38	4933857	37399124.00
2017/05/08	7.38	7.39	7.06	7.08	4236638	30847076.00
2017/05/09	7.05	7.13	6.87	6.96	5736745	40689064.00
2017/05/10	6.96	7.03	6.84	6.86	4514742	31750356.00
2017/05/11	6.80	6.80	6.45	6.70	5204562	35103976.00
2017/05/12	6.67	6.78	6.64	6.75	2765659	18852492.00
2017/05/15	6.75	6.86	6.74	6.77	2053699	14190796.00
2017/05/16	6.76	6.99	6.68	6.98	2900095	20099384.00
2017/05/17	6.96	7.03	6.91	6.94	2922611	20676046.00
2017/05/18	6.86	6.99	6.81	6.92	2358300	16564296.00
2017/05/19	6.93	7.00	6.89	7.00	1972668	13879436.00
2017/05/22	7.00	7.07	6.85	6.90	2290800	16126685.00
2017/05/23	6.90	6.90	6.61	6.61	2181442	14881060.00
2017/05/24	6.61	6.78	6.52	6.70	2267780	15333058.00
2017/05/25	6.70	6.79	6.61	6.78	1984526	13518140.00
2017/05/26	6.78	6.90	6.75	6.80	2173032	15026473.00
2017/05/31	6.89	6.95	6.73	6.76	1742070	12081234.00
2017/06/01	6.77	6.78	6.58	6.60	2062800	13963160.00
2017/06/02	6.56	6.69	6.53	6.68	1817626	12208031.00
2017/06/05	6.70	6.75	6.67	6.68	1564915	10648659.00
2017/06/06	6.68	6.77	6.60	6.75	3122120	21239194.00
2017/06/07	6.73	6.90	6.70	6.88	3367161	23355270.00
2017/06/08	6.89	6.99	6.83	6.87	1969186	13731318.00
2017/06/09	6.86	6.86	6.78	6.85	1920852	13280565.00
2017/06/12	6.81	6.83	6.62	6.65	1813500	12382929.00
2017/06/13	6.65	6.78	6.61	6.77	1314676	8971538.00
2017/06/14	6.77	6.81	6.74	6.81	1361443	9375587.00
2017/06/15	6.78	6.94	6.76	6.94	3022921	21153592.00
2017/06/16	6.94	6.95	6.86	6.89	2004627	14032279.00
2017/06/19	6.85	6.96	6.85	6.94	2300141	16153285.00
2017/06/20	6.94	6.99	6.91	6.94	2270700	16040164.00
2017/06/21	6.93	6.97	6.89	6.96	1845173	12984072.00
2017/06/22	6.95	6.96	6.73	6.74	2294373	15985237.00
2017/06/23	6.82	6.82	6.65	6.77	2586257	17650484.00
2017/06/26	6.82	6.90	6.72	6.90	2689957	18634262.00
2017/06/27	6.93	6.98	6.87	6.92	3004381	21145472.00
2017/06/28	6.90	6.90	6.75	6.81	1867477	12933557.00
2017/06/29	6.81	6.89	6.80	6.82	1342150	9315520.00
2017/06/30	6.81	6.85	6.75	6.84	1240790	8560798.00
2017/07/03	6.84	6.88	6.79	6.88	2049748	14238815.00
2017/07/04	6.88	6.93	6.87	6.90	2571854	18015118.00
2017/07/05	6.90	7.05	6.89	7.01	5685490	40284116.00
2017/07/06	7.01	7.04	6.94	6.99	2092700	14823033.00
2017/07/07	6.97	7.08	6.92	7.03	2472973	17543432.00
2017/07/10	7.13	7.13	6.94	7.02	3055842	21724546.00
2017/07/11	7.01	7.02	6.93	6.95	1693000	11952929.00
2017/07/12	6.94	6.96	6.81	6.89	2142000	14935621.00
2017/07/13	6.95	6.97	6.86	6.97	2463358	17296350.00
2017/07/14	6.97	6.97	6.83	6.88	2735972	19120916.00
2017/07/17	6.83	6.83	6.42	6.43	4395100	29573244.00
2017/07/18	6.43	6.46	6.34	6.43	3554740	23132748.00
2017/07/19	6.43	6.45	6.32	6.44	4118739	26752320.00
2017/07/20	6.44	6.51	6.42	6.44	3623982	23764728.00
2017/07/21	6.44	6.46	6.34	6.36	3630172	23567056.00
2017/07/24	6.36	6.36	6.14	6.25	5885618	37199660.00
2017/07/25	6.23	6.26	6.15	6.18	2872379	18099578.00
2017/07/26	6.18	6.45	6.16	6.32	6536486	41894884.00
2017/07/27	6.32	6.55	6.26	6.49	6356613	41518932.00
2017/07/28	6.45	6.49	6.38	6.41	3193762	20838122.00
2017/07/31	6.42	6.47	6.35	6.44	3422660	22304860.00
2017/08/01	6.42	6.46	6.34	6.39	3082421	20058190.00
2017/08/02	6.38	6.41	6.32	6.32	2437604	15758512.00
2017/08/03	6.28	6.41	6.28	6.35	2563570	16573703.00
2017/08/04	6.35	6.38	6.30	6.31	2888460	18599402.00
2017/08/07	6.31	6.41	6.30	6.41	2710100	17582394.00
2017/08/08	6.38	6.46	6.35	6.44	3186380	20756804.00
2017/08/09	6.48	6.51	6.43	6.50	3583728	23586938.00
2017/08/10	6.49	6.52	6.30	6.41	3389509	22161820.00
2017/08/11	6.40	6.45	6.31	6.37	2452300	15909436.00
2017/08/14	6.41	6.69	6.37	6.61	5702456	37917168.00
2017/08/15	6.60	6.78	6.56	6.61	3969343	26844270.00
2017/08/16	6.60	6.72	6.54	6.68	4011766	27020930.00
2017/08/17	6.68	6.72	6.63	6.70	2847568	19302146.00
2017/08/18	6.68	6.68	6.61	6.64	1870198	12590094.00
2017/08/21	6.63	6.70	6.61	6.66	1670012	11246176.00
2017/08/22	6.68	6.68	6.52	6.55	2338774	15634654.00
2017/08/23	6.57	6.58	6.49	6.54	2037714	13524964.00
2017/08/24	6.53	6.56	6.47	6.47	1716100	11356861.00
2017/08/25	6.48	6.55	6.47	6.54	2189333	14499403.00
2017/08/28	6.57	6.64	6.54	6.62	2851975	19126568.00
2017/08/29	6.63	6.84	6.59	6.78	8836008	60148544.00
2017/08/30	6.67	6.73	6.65	6.66	5607759	38028700.00
2017/08/31	6.83	7.02	6.78	6.87	18192787	127366488.00
2017/09/01	6.81	6.87	6.78	6.81	7159776	49508008.00
2017/09/04	6.78	7.02	6.73	7.02	8279122	57596372.00
2017/09/05	7.20	7.58	7.20	7.43	30773022	229408224.00
2017/09/06	7.25	7.38	7.24	7.28	14576464	107882136.00
2017/09/07	7.28	7.89	7.28	7.58	29753346	229647808.00
2017/09/08	7.50	7.74	7.41	7.64	16341196	125511184.00
2017/09/11	7.60	7.64	7.43	7.49	10994631	83557128.00
2017/09/12	7.45	7.58	7.33	7.40	12092623	90899896.00
2017/09/13	7.42	7.48	7.31	7.43	6871734	51484896.00
2017/09/14	7.40	7.46	7.34	7.39	6195988	46378056.00
2017/09/15	7.37	7.43	7.13	7.16	8617400	63258292.00
2017/09/18	7.16	7.24	7.14	7.21	5087329	37031676.00
2017/09/19	7.23	7.24	7.05	7.17	5644268	40905356.00
2017/09/20	7.15	7.23	7.13	7.23	4041443	29453602.00
2017/09/21	7.24	7.26	7.10	7.10	4960952	36040872.00
2017/09/22	7.10	7.15	6.97	7.03	3925362	27998454.00
2017/09/25	7.04	7.08	7.00	7.04	2744901	19590910.00
2017/09/26	7.05	7.16	7.04	7.10	4089203	29452416.00
2017/09/27	7.15	7.23	7.04	7.22	5283697	38296108.00
2017/09/28	7.18	7.26	7.15	7.16	3739070	27367926.00
2017/09/29	7.13	7.35	7.13	7.33	5838686	43071084.00
2017/10/09	7.37	7.44	7.21	7.41	5907273	43923248.00
2017/10/10	7.42	7.50	7.31	7.47	7645251	57677428.00
2017/10/11	7.50	7.58	7.27	7.30	8367545	63078020.00
2017/10/12	7.23	7.29	7.16	7.25	4678527	34290720.00
2017/10/13	7.15	7.28	7.10	7.20	5698490	41466016.00
2017/10/16	7.17	7.18	6.85	6.93	8673720	61476232.00
2017/10/17	6.90	6.97	6.86	6.93	2299520	16141007.00
2017/10/18	6.97	6.97	6.77	6.78	4791099	33427910.00
2017/10/19	6.80	6.80	6.60	6.68	4384819	29764414.00
2017/10/20	6.65	6.76	6.63	6.75	1737263	11824466.00
2017/10/23	6.76	6.83	6.73	6.82	1688156	11602373.00
2017/10/24	6.81	6.81	6.67	6.71	2200921	14999826.00
2017/10/25	6.73	6.77	6.68	6.77	1335741	9147814.00
2017/10/26	6.74	6.81	6.70	6.78	2643972	18145740.00
2017/10/27	6.78	6.79	6.65	6.69	2355002	16051609.00
2017/10/30	6.70	6.70	6.43	6.48	3211018	21228454.00
2017/10/31	6.50	6.54	6.34	6.43	5023983	32674138.00
2017/11/01	6.43	6.47	6.39	6.45	1903670	12435367.00
2017/11/02	6.44	6.44	6.29	6.32	3372874	21708024.00
2017/11/03	6.34	6.34	6.26	6.29	1848688	11827568.00
2017/11/06	6.29	6.36	6.27	6.35	2236876	14342308.00
2017/11/07	6.41	6.75	6.41	6.75	8598593	57365364.00
2017/11/08	6.69	6.74	6.62	6.64	4196750	28386352.00
2017/11/09	6.58	6.68	6.55	6.61	2239589	15005802.00
2017/11/10	6.61	6.70	6.52	6.66	3784000	25382384.00
2017/11/13	6.70	6.72	6.50	6.52	5107927	34155608.00
2017/11/14	6.48	6.57	6.42	6.45	3520940	23249944.00
2017/11/15	6.47	6.47	6.34	6.38	2588001	16777146.00
2017/11/16	6.38	6.66	6.38	6.62	5799803	38531792.00
2017/11/17	6.67	6.80	6.33	6.42	9281813	62413744.00
2017/11/20	6.34	6.34	6.06	6.18	6788579	42577736.00
2017/11/21	6.14	6.20	6.03	6.10	4178347	25977548.00
2017/11/22	6.10	6.16	6.06	6.16	2691233	16697948.00
2017/11/23	6.18	6.20	5.99	5.99	2575374	15925519.00
2017/11/24	5.97	6.06	5.93	5.99	1615033	9836293.00
2017/11/27	6.02	6.03	5.95	5.96	1389910	8446942.00
2017/11/28	5.98	6.07	5.93	6.07	2193892	13361423.00
2017/11/29	6.05	6.05	5.95	5.97	3047414	18534962.00
2017/11/30	5.95	6.00	5.95	5.95	2858459	17346800.00
2017/12/01	6.00	6.19	5.98	6.11	4613129	28682342.00
2017/12/04	6.01	6.05	5.96	5.97	2770937	16884924.00
2017/12/05	5.96	6.02	5.70	5.74	3400048	20283534.00
2017/12/06	5.71	5.79	5.68	5.79	2547529	14827349.00
2017/12/07	5.78	5.79	5.71	5.76	1756500	10269690.00
2017/12/08	5.76	5.81	5.72	5.78	2425802	14234853.00
2017/12/11	5.79	6.37	5.77	6.37	11148111	70171688.00
2017/12/12	6.40	6.62	6.21	6.23	20581249	134644112.00
2017/12/13	6.30	6.51	6.23	6.35	10636887	68870104.00
2017/12/14	6.58	6.94	6.50	6.53	20584371	139121168.00
2017/12/15	6.70	7.19	6.70	7.19	33865920	243013536.00
2017/12/18	7.24	7.31	6.85	7.12	37316216	266592624.00
2017/12/19	7.00	7.17	6.86	7.02	26783154	190647904.00
2017/12/20	6.98	6.99	6.77	6.85	19364706	134550224.00
2017/12/21	6.81	7.10	6.80	6.91	24827123	175600672.00
2017/12/22	6.86	7.58	6.85	7.32	35803282	263772768.00
2017/12/25	7.32	8.06	7.18	8.06	51907870	407192288.00
2017/12/26	8.30	8.39	7.83	8.11	62940433	516955008.00
2017/12/27	7.96	8.05	7.67	7.74	49411346	392831680.00
2017/12/28	7.80	7.80	7.44	7.55	35618818	272547584.00
2017/12/29	7.48	7.69	7.40	7.56	29156394	223113104.00
2018/01/02	7.40	7.46	7.01	7.27	31983047	233872448.00
2018/01/03	7.30	7.88	7.18	7.67	44027027	335439776.00
2018/01/04	7.48	7.66	7.42	7.52	31760504	242064688.00
2018/01/05	7.45	7.71	7.25	7.57	33069875	251244976.00
2018/01/08	7.52	7.66	7.41	7.66	25156509	192095984.00
2018/01/09	7.60	8.06	7.54	7.79	39304640	311082912.00
2018/01/10	7.65	7.66	7.30	7.42	28300836	213726080.00
2018/01/11	7.35	7.37	7.10	7.25	19541049	143491776.00
2018/01/12	7.20	7.44	7.18	7.19	14302498	105847560.00
2018/01/15	7.07	7.07	6.73	6.77	19035698	133599824.00
2018/01/16	6.75	6.86	6.61	6.72	11738433	80221152.00
2018/01/17	6.79	6.87	6.56	6.84	13829964	94420376.00
2018/01/18	6.86	6.97	6.73	6.77	10831850	75295360.00
2018/01/19	6.68	6.73	6.45	6.57	11094702	74300680.00
2018/01/22	6.58	6.71	6.49	6.66	8280005	55545872.00
2018/01/23	6.66	6.72	6.45	6.63	11339459	75702224.00
2018/01/24	6.57	6.96	6.54	6.90	20568878	141701968.00
2018/01/25	6.85	6.98	6.78	6.79	12240007	85168592.00
2018/01/26	6.70	6.89	6.62	6.64	8904378	60774116.00
2018/01/29	6.60	6.68	6.21	6.34	12139953	79354920.00
2018/01/30	6.36	6.38	6.27	6.32	4899142	31499526.00
2018/01/31	6.36	6.49	6.16	6.21	6248542	40181844.00
2018/02/01	6.20	6.26	5.85	5.91	8241951	50389852.00
2018/02/02	5.87	6.01	5.75	5.91	5859187	35092240.00
2018/02/05	5.80	6.06	5.78	5.99	4193851	25436788.00
2018/02/06	5.92	6.00	5.53	5.55	7105220	42016816.00
2018/02/07	5.69	5.73	5.30	5.51	7738003	43628468.00
2018/02/08	5.54	5.71	5.48	5.63	4360326	24989616.00
2018/02/09	5.53	5.59	5.41	5.48	4932011	27530086.00
2018/02/12	5.50	5.70	5.50	5.62	4862067	27768676.00
2018/02/13	5.63	5.75	5.57	5.66	4302600	24790172.00
2018/02/14	5.66	5.78	5.64	5.69	3065053	17775408.00
2018/02/22	5.77	5.95	5.72	5.93	6686874	39839108.00
2018/02/23	5.89	5.95	5.84	5.91	3695800	22175240.00
2018/02/26	5.98	6.02	5.88	5.98	4987424	30206410.00
2018/02/27	5.98	6.01	5.89	5.90	4573171	27539834.00
2018/02/28	5.83	5.92	5.77	5.89	4591076	27348234.00
2018/03/01	5.91	6.49	5.90	6.49	11449518	73643416.00
2018/03/02	6.86	7.15	6.60	6.91	54681689	386305728.00
2018/03/05	6.72	6.84	6.65	6.84	32427100	221639200.00
2018/03/06	6.80	6.99	6.68	6.77	25245946	174417200.00
2018/03/07	6.73	6.88	6.56	6.83	21085756	143368416.00
2018/03/08	6.72	7.09	6.68	6.93	26299993	184064272.00
2018/03/09	6.91	7.02	6.75	6.95	23566810	164994016.00
2018/03/12	6.95	7.38	6.92	7.05	28712015	206372480.00
2018/03/13	7.03	7.33	6.96	7.08	30540602	221275072.00
2018/03/14	7.22	7.48	6.98	7.00	30362530	222408144.00
2018/03/15	6.80	6.82	6.49	6.70	23404497	158565792.00
2018/03/16	6.60	6.77	6.58	6.58	12356600	83773136.00
2018/03/19	6.58	6.70	6.44	6.60	10297664	68938296.00
2018/03/20	6.52	6.88	6.46	6.85	19499968	133559024.00
2018/03/21	7.11	7.33	6.72	6.80	23387742	166441056.00
2018/03/22	6.71	7.10	6.71	6.99	19607730	138293328.00
2018/03/23	6.86	6.90	6.28	6.28	20698400	137611696.00
2018/03/26	6.06	6.38	5.96	6.36	11672918	73738904.00
2018/03/27	6.45	6.75	6.40	6.56	12806949	85243416.00
2018/03/28	6.43	7.23	6.42	7.00	37701781	269054528.00
2018/03/29	6.88	7.00	6.79	6.97	20671243	144673216.00
2018/03/30	7.12	7.40	6.98	7.20	34259687	249392576.00
2018/04/02	7.28	7.93	7.05	7.62	48320301	367383136.00
2018/04/03	7.32	7.58	7.22	7.38	27903314	208921536.00
2018/04/04	7.52	7.65	7.11	7.13	24828942	185746864.00
2018/04/09	7.13	7.33	7.08	7.18	14745301	107623672.00
2018/04/10	7.12	7.40	7.04	7.34	18438125	134778208.00
2018/04/11	7.29	7.31	7.11	7.14	13759967	100574688.00
2018/04/12	7.10	7.18	7.02	7.06	10128020	72811832.00
2018/04/13	7.13	7.25	7.01	7.06	9373535	67536656.00
2018/04/16	7.08	7.11	6.95	7.07	8284300	59117360.00
2018/04/17	7.07	7.11	6.66	6.68	14790560	102760176.00
2018/04/18	6.71	6.84	6.55	6.81	11126106	75620272.00
2018/04/19	6.70	6.78	6.61	6.67	10733446	72746696.00
2018/04/20	6.66	6.66	6.27	6.29	12971366	84898272.00
2018/04/23	6.29	6.40	6.11	6.26	5945057	37895932.00
2018/04/24	6.28	6.47	6.26	6.45	6233137	40526856.00
2018/04/25	6.38	6.66	6.38	6.64	9521268	63058324.00
2018/04/26	6.58	6.58	6.37	6.38	6900969	45310188.00
2018/04/27	6.42	6.68	6.31	6.53	9486229	62942256.00
2018/05/02	6.53	6.77	6.53	6.74	12194030	82575688.00
2018/05/03	6.67	6.73	6.50	6.69	7926270	53233620.00
2018/05/04	6.65	6.65	6.47	6.55	6211960	41411336.00
2018/05/07	6.51	6.73	6.51	6.71	7767970	52558264.00
2018/05/08	6.66	7.05	6.65	6.84	14878531	103806888.00
2018/05/09	6.79	6.87	6.70	6.75	9482400	65242052.00
2018/05/10	6.73	7.10	6.71	7.06	21101087	148889104.00
2018/05/11	7.03	7.12	6.87	6.89	14006987	99162928.00
2018/05/14	6.82	6.92	6.71	6.75	7841645	54036220.00
2018/05/15	6.72	6.88	6.71	6.88	8286244	57159096.00
2018/05/16	6.89	7.04	6.85	6.85	15065146	106244808.00
2018/05/17	6.80	6.93	6.61	6.64	11734214	79871960.00
2018/05/18	6.60	6.74	6.55	6.70	7148358	48118996.00
2018/05/21	6.70	6.76	6.68	6.73	6194052	42235916.00
2018/05/22	6.73	6.95	6.68	6.95	15190752	105740656.00
2018/05/23	6.91	6.99	6.81	6.87	11400906	79932688.00
2018/05/24	6.88	7.25	6.88	7.14	28858593	208067168.00
2018/05/25	7.07	7.09	6.97	6.99	16285941	115818992.00
2018/05/28	6.95	6.98	6.71	6.92	13937482	96803872.00
2018/05/29	6.94	7.15	6.89	6.90	21368698	152378192.00
2018/05/30	6.62	6.71	6.29	6.34	20936110	137552320.00
2018/05/31	6.44	6.61	6.35	6.58	9186300	60217184.00
2018/06/01	6.51	6.51	6.29	6.38	6636119	43074628.00
2018/06/04	6.38	6.43	6.30	6.31	4135700	26624526.00
2018/06/05	6.33	6.41	6.30	6.40	5644306	36347724.00
2018/06/06	6.39	6.47	6.34	6.45	5012976	32502852.00
2018/06/07	6.47	6.47	6.25	6.25	4638799	29847634.00
2018/06/08	6.26	6.31	5.97	6.08	7199890	44696236.00
2018/06/11	6.07	6.13	5.99	6.11	3560096	21867360.00
2018/06/12	6.11	6.18	6.01	6.15	3075520	19004754.00
2018/06/13	6.10	6.12	5.89	5.90	3693200	22511092.00
2018/06/14	5.88	6.01	5.87	5.89	3437900	20685004.00
2018/06/15	5.88	5.94	5.66	5.70	4468700	26045908.00
2018/06/19	5.62	5.63	5.12	5.12	8103425	43871280.00
2018/06/20	5.12	5.30	5.11	5.19	5534017	29259722.00
2018/06/21	5.19	5.27	4.98	4.99	5106300	26598170.00
2018/06/22	4.95	5.16	4.87	5.15	4942698	25491512.00
2018/06/25	5.18	5.31	5.18	5.23	4361620	23182844.00
2018/06/26	5.19	5.76	5.10	5.51	11238942	63135960.00
2018/06/27	5.44	5.50	5.31	5.32	6683468	36635356.00
2018/06/28	5.32	5.39	5.25	5.25	3025854	16335316.00
2018/06/29	5.27	5.52	5.25	5.42	4157671	22812234.00
2018/07/02	5.42	5.46	5.25	5.28	4665899	25291540.00
2018/07/03	5.28	5.36	5.15	5.36	4042288	21712310.00
2018/07/04	5.32	5.34	5.15	5.19	3242600	17243568.00
2018/07/05	5.11	5.17	4.88	4.88	7329183	37093716.00
2018/07/06	4.92	4.98	4.80	4.90	4873031	24350272.00
2018/07/09	4.81	5.05	4.79	5.03	4903122	24726894.00
2018/07/10	5.00	5.10	4.97	5.07	4093387	20947830.00
2018/07/11	5.00	5.06	4.88	4.95	3959337	19955272.00
2018/07/12	4.94	5.08	4.93	5.06	4847709	24851050.00
2018/07/13	5.03	5.30	5.01	5.08	8001440	41857788.00
2018/07/16	5.03	5.04	4.94	5.00	4456914	22620840.00
2018/07/17	5.00	5.08	4.95	5.08	4310254	21934570.00
2018/07/18	5.10	5.13	5.01	5.02	4239923	21793700.00
2018/07/19	5.00	5.05	4.92	4.94	3322259	16777138.00
2018/07/20	4.95	5.01	4.88	4.97	2502419	12603685.00
2018/07/23	4.90	4.92	4.83	4.90	5148402	25525822.00
2018/07/24	4.92	5.06	4.87	5.02	5053700	25564252.00
2018/07/25	5.03	5.37	4.98	5.11	8415117	43971956.00
2018/07/26	5.07	5.18	5.05	5.15	5789888	30087082.00
2018/07/27	5.14	5.20	5.09	5.15	4025000	21050876.00
2018/07/30	5.17	5.20	5.01	5.06	4296330	22077580.00
2018/07/31	5.02	5.06	4.97	5.03	2166453	11050743.00
2018/08/01	5.03	5.07	4.98	5.00	2612700	13326188.00
2018/08/02	4.98	4.99	4.69	4.82	4459445	21862412.00
2018/08/03	4.83	4.85	4.77	4.77	1841334	9004049.00
2018/08/06	4.77	4.80	4.57	4.61	2672800	12705049.00
2018/08/07	4.61	4.76	4.55	4.72	3043722	14448158.00
2018/08/08	4.71	4.72	4.60	4.61	2160319	10236940.00
2018/08/09	4.61	4.77	4.55	4.72	3108034	14887330.00
2018/08/10	4.72	4.86	4.71	4.78	2870934	13970974.00
2018/08/13	4.70	4.85	4.66	4.84	2770176	13384167.00
2018/08/14	4.82	4.86	4.74	4.84	2353600	11538924.00
2018/08/15	4.84	4.84	4.72	4.73	2423200	11721687.00
2018/08/16	4.71	4.77	4.63	4.73	1688030	8096477.50
2018/08/17	4.76	4.79	4.58	4.58	2337694	11071657.00
2018/08/20	4.58	4.63	4.41	4.54	3277030	15015574.00
2018/08/21	4.53	4.63	4.49	4.60	2206060	10291216.00
2018/08/22	4.61	4.64	4.54	4.54	1753900	8198020.00
2018/08/23	4.54	4.63	4.50	4.57	2317700	10804870.00
2018/08/24	4.58	4.61	4.53	4.57	1515600	7042080.00
2018/08/27	4.59	4.68	4.54	4.66	2417048	11391426.00
2018/08/28	4.63	4.71	4.57	4.61	3006883	14173853.00
2018/08/29	4.61	4.61	4.55	4.58	1790591	8338304.00
2018/08/30	4.58	4.60	4.45	4.48	2178810	10017555.00
2018/08/31	4.47	4.52	4.32	4.34	2692198	12081974.00
2018/09/03	4.34	4.41	4.17	4.33	2545100	11170711.00
2018/09/04	4.32	4.40	4.26	4.38	1989710	8847608.00
2018/09/05	4.39	4.50	4.37	4.40	3601212	16267238.00
2018/09/06	4.39	4.47	4.33	4.35	2117800	9457783.00
2018/09/07	4.36	4.44	4.32	4.42	2583200	11589101.00
2018/09/10	4.42	4.51	4.40	4.40	3707800	16799444.00
2018/09/11	4.41	4.57	4.39	4.54	4076317	18614170.00
2018/09/12	4.56	4.58	4.46	4.48	2861623	13117800.00
2018/09/13	4.50	4.53	4.40	4.51	3002316	13673265.00
2018/09/14	4.52	4.53	4.43	4.47	1315500	5990248.00
2018/09/17	4.46	4.54	4.36	4.52	2587536	11761313.00
2018/09/18	4.52	4.58	4.47	4.56	2368709	10940383.00
2018/09/19	4.61	4.63	4.56	4.57	2780160	12981950.00
2018/09/20	4.54	4.63	4.54	4.55	1668565	7766105.00
2018/09/21	4.57	4.60	4.51	4.57	2223495	10327793.00
2018/09/25	4.56	4.61	4.54	4.59	1685403	7851894.00
2018/09/26	4.65	4.69	4.59	4.60	2783370	13123941.00
2018/09/27	4.55	4.63	4.53	4.54	2229350	10382640.00
2018/09/28	4.55	4.64	4.52	4.63	2294150	10737752.00
2018/10/08	4.63	4.63	4.35	4.36	3489703	15892800.00
2018/10/09	4.38	4.44	4.32	4.36	2048774	9098470.00
2018/10/10	4.40	4.40	4.33	4.38	1913300	8508151.00
2018/10/11	4.22	4.30	3.93	3.93	5297739	21851022.00
2018/10/12	3.92	3.94	3.57	3.74	4740830	18185092.00
2018/10/15	3.73	3.84	3.59	3.62	2788740	10572581.00
2018/10/16	3.62	3.66	3.41	3.53	3455700	12550125.00
2018/10/17	3.62	3.62	3.44	3.49	2969925	10728425.00
2018/10/18	3.48	3.48	3.32	3.39	4636803	16078420.00
2018/10/19	3.35	3.48	3.25	3.46	4676436	16326154.00
2018/10/22	3.50	3.73	3.47	3.62	5227866	19417604.00
2018/10/23	3.68	3.69	3.55	3.59	3905787	14508748.00
2018/10/24	3.59	3.90	3.54	3.78	6937540	26574110.00
2018/10/25	3.67	3.72	3.58	3.68	4239252	15775037.00
2018/10/26	3.75	3.76	3.65	3.68	3136986	11882517.00
2018/10/29	3.77	3.77	3.62	3.64	2281940	8547077.00
2018/10/30	3.63	3.70	3.57	3.68	2155008	8061706.00
2018/10/31	3.68	3.77	3.67	3.73	2650800	10110023.00
2018/11/01	3.73	3.85	3.72	3.75	3811940	14761040.00
2018/11/02	3.83	3.86	3.79	3.84	4087100	15971856.00
2018/11/05	3.84	3.92	3.81	3.89	5058586	19947438.00
2018/11/06	3.86	4.06	3.77	4.04	7752178	31039804.00
2018/11/07	4.01	4.09	3.93	3.95	8435194	34450844.00
2018/11/08	3.98	4.01	3.91	3.93	4814196	19412516.00
2018/11/09	3.90	3.99	3.85	3.95	3216535	12969646.00
2018/11/12	3.96	4.09	3.89	4.08	5685997	23377830.00
2018/11/13	4.02	4.26	3.99	4.15	8136540	34543288.00
2018/11/14	4.17	4.49	4.17	4.26	11704441	51541400.00
2018/11/15	4.67	4.69	4.49	4.69	8755651	41724040.00
2018/11/16	5.17	5.17	5.02	5.17	15735120	82587648.00
2018/11/19	5.70	5.70	5.69	5.70	17736040	102513832.00
2018/11/20	5.62	5.69	5.12	5.23	47717456	257747392.00
2018/11/21	5.72	5.76	5.31	5.76	48446821	277295968.00
2018/11/22	5.76	6.34	5.62	6.34	57083553	352480160.00
2018/11/23	6.08	6.28	5.70	5.70	56592671	338469760.00
2018/11/26	5.58	6.23	5.58	5.85	50704289	304613344.00
2018/11/27	5.95	6.44	5.77	6.44	71770403	448515264.00
2018/11/28	6.29	6.30	5.79	5.79	68366114	408825120.00
2018/11/29	5.42	5.83	5.31	5.32	34920340	196434144.00
2018/11/30	5.36	5.77	5.17	5.59	40664382	226269792.00
2018/12/03	5.68	6.16	5.65	6.16	65946103	406364128.00
2018/12/04	6.34	6.78	6.03	6.05	97043233	628214464.00
2018/12/05	5.44	5.72	5.44	5.45	67187676	374311360.00
2018/12/06	5.44	5.71	5.37	5.56	39952225	226741488.00
2018/12/07	5.61	5.61	5.19	5.30	33507992	182015520.00
2018/12/10	5.30	5.34	5.08	5.20	17429486	91901336.00
2018/12/11	5.20	5.30	5.11	5.16	15676506	82664600.00
2018/12/12	5.22	5.27	5.08	5.19	16709100	87924984.00
2018/12/13	5.16	5.23	5.05	5.07	18482000	95798016.00
2018/12/14	5.08	5.08	4.83	4.83	16033100	80707608.00
2018/12/17	4.79	4.95	4.78	4.83	11447401	56600044.00
2018/12/18	4.83	5.08	4.72	4.97	19085949	95179584.00
2018/12/19	4.91	5.04	4.85	4.92	13856281	69641984.00
2018/12/20	4.89	5.22	4.88	5.08	22520360	115803096.00
2018/12/21	5.04	5.19	4.92	4.98	17428979	89068144.00
2018/12/24	4.83	4.91	4.80	4.90	11201680	55336704.00
2018/12/25	4.82	5.12	4.72	5.08	23138105	116686024.00
2018/12/26	5.02	5.32	5.02	5.20	24591695	128313408.00
2018/12/27	5.13	5.17	4.84	4.87	19489103	99882816.00
2018/12/28	4.97	5.29	4.92	5.09	27738344	144107568.00
2019/01/02	5.09	5.27	4.94	5.06	21016097	108631912.00
2019/01/03	5.07	5.10	4.85	4.86	18441149	92574048.00
2019/01/04	4.81	5.17	4.77	5.15	22407350	115418528.00
2019/01/07	5.11	5.27	5.05	5.18	27309050	142820416.00
2019/01/08	5.22	5.29	5.05	5.17	21162360	111162736.00
2019/01/09	5.14	5.58	5.08	5.34	35115823	192057360.00
2019/01/10	5.29	5.57	5.22	5.26	25371323	137710848.00
2019/01/11	5.18	5.25	5.10	5.16	15747348	82333528.00
2019/01/14	5.19	5.36	5.15	5.26	17130403	91604328.00
2019/01/15	5.20	5.51	5.17	5.42	21595847	117150096.00
2019/01/16	5.45	5.53	5.28	5.37	19562839	107453640.00
2019/01/17	5.46	5.68	5.40	5.55	28861194	162656576.00
2019/01/18	5.49	5.49	5.23	5.43	20358436	111149704.00
2019/01/21	5.34	5.48	5.33	5.39	7921430	43356840.00
2019/01/22	5.37	5.60	5.36	5.43	14944154	82890192.00
2019/01/23	5.35	5.55	5.28	5.51	16092014	88716712.00
2019/01/24	5.62	6.06	5.50	5.70	33470741	195242432.00
2019/01/25	5.65	6.04	5.60	5.63	33855482	199255888.00
2019/01/28	5.78	5.98	5.62	5.92	32512841	191360400.00
2019/01/29	5.98	5.99	5.38	5.44	31717343	184107632.00
2019/01/30	5.14	5.30	4.89	4.89	27848848	142836816.00
2019/01/31	4.97	5.01	4.49	4.63	18505597	90204376.00
2019/02/01	4.73	4.85	4.67	4.83	9127475	44270920.00
2019/02/11	4.84	4.96	4.72	4.96	10886611	53938300.00
2019/02/12	4.99	5.16	4.94	5.16	15888706	82245864.00
2019/02/13	5.11	5.17	5.02	5.15	15031810	77948792.00
2019/02/14	5.12	5.36	5.08	5.17	18329109	97474312.00
2019/02/15	5.10	5.17	5.05	5.09	12010560	62376540.00
2019/02/18	5.14	5.30	5.10	5.30	17501394	92491216.00
2019/02/19	5.30	5.48	5.23	5.39	20485817	111354856.00
2019/02/20	5.40	5.40	5.28	5.38	10741400	58189148.00
2019/02/21	5.37	5.57	5.33	5.38	21203559	117143192.00
2019/02/22	5.33	5.59	5.31	5.57	21683530	121014816.00
2019/02/25	5.67	5.82	5.58	5.78	30477200	176650368.00
2019/02/26	5.85	6.37	5.81	6.37	25114065	157526896.00
2019/02/27	6.62	7.02	5.95	6.11	62011686	406001536.00
2019/02/28	6.38	6.73	6.36	6.65	79089251	531809248.00
2019/03/01	6.44	6.55	6.12	6.39	52372607	335486688.00
2019/03/04	6.62	6.92	6.45	6.77	58040100	393371488.00
2019/03/05	6.62	7.30	6.55	7.07	58748430	416691520.00
2019/03/06	7.02	7.11	6.80	7.05	45457708	319108352.00
2019/03/07	6.87	7.02	6.73	6.91	38108581	265368112.00
2019/03/08	6.80	6.82	6.50	6.50	30472549	205297824.00
2019/03/11	6.51	7.00	6.51	6.93	29384907	201321664.00
2019/03/12	6.89	7.22	6.84	7.04	44124093	312913344.00
2019/03/13	7.14	7.67	7.08	7.21	53207987	395860096.00
2019/03/14	7.01	7.46	6.62	6.86	33982964	239392752.00
2019/03/15	6.92	7.29	6.92	7.14	34906448	251171136.00
2019/03/18	7.35	7.44	6.96	7.17	30741608	222520752.00
2019/03/19	7.10	7.42	6.95	7.37	34966983	251333408.00
2019/03/20	7.21	7.65	7.10	7.29	35090885	260297312.00
2019/03/21	7.16	7.67	7.10	7.47	47199150	351975936.00
2019/03/22	7.37	8.10	7.31	8.03	58578741	458279264.00
2019/03/25	7.82	8.49	7.70	8.03	58664045	483836128.00
2019/03/26	8.24	8.24	7.42	7.58	38021548	299109216.00
2019/03/27	7.59	7.89	7.40	7.68	29520659	228690528.00
2019/03/28	7.42	7.53	7.01	7.02	30369787	224364176.00
2019/03/29	6.92	7.12	6.78	7.08	22624500	159937856.00
2019/04/01	7.01	7.25	7.00	7.15	31727952	228814800.00
2019/04/02	7.20	7.37	7.07	7.12	30765851	223752832.00
2019/04/03	7.01	7.14	6.98	7.10	17945546	127915128.00
2019/04/04	7.14	7.16	6.98	7.01	16938318	120469840.00
2019/04/08	7.01	7.06	6.63	6.74	23809980	164250832.00
2019/04/09	6.79	6.89	6.75	6.85	11292101	78077512.00
2019/04/10	6.82	7.17	6.81	7.08	24958702	178240800.00
2019/04/11	7.16	7.21	6.79	6.84	17880660	126111744.00
2019/04/12	6.82	6.83	6.63	6.70	10036800	68183272.00
2019/04/15	6.76	6.82	6.59	6.62	7862246	53577688.00
2019/04/16	6.58	6.76	6.55	6.76	7337791	49723864.00
2019/04/17	6.82	6.84	6.71	6.78	9110990	62407304.00
2019/04/18	6.81	7.06	6.78	6.92	14687793	103102184.00
2019/04/19	7.07	7.15	6.92	6.98	16110059	114666408.00
2019/04/22	6.88	6.88	6.69	6.71	13503101	92354448.00
2019/04/23	6.71	6.80	6.60	6.60	8259174	55986144.00
2019/04/24	6.65	6.74	6.58	6.70	7732375	52123232.00
2019/04/25	6.71	6.75	6.22	6.25	12666734	83028944.00
2019/04/26	6.22	6.30	6.14	6.17	7955891	50157944.00
2019/04/29	6.19	6.24	5.67	5.79	11114654	66607944.00
2019/04/30	5.76	6.14	5.76	6.07	9585766	58416452.00
2019/05/06	5.90	5.96	5.46	5.48	11509848	66407672.00
2019/05/07	5.50	5.82	5.50	5.78	10885502	63049420.00
2019/05/08	5.66	5.90	5.60	5.77	8026003	47128944.00
2019/05/09	5.80	5.86	5.64	5.66	5741200	33492608.00
2019/05/10	5.79	5.89	5.60	5.89	10337601	61028400.00
2019/05/13	5.96	5.96	5.84	5.90	6432700	38488128.00
2019/05/14	5.89	5.93	5.77	5.80	5937943	35178076.00
2019/05/15	5.87	6.03	5.82	5.98	7932093	47539276.00
2019/05/16	6.01	6.02	5.92	5.98	7111502	42445676.00
2019/05/17	5.98	6.01	5.68	5.71	7374900	42960448.00
2019/05/20	5.72	5.72	5.50	5.64	4914659	27506284.00
2019/05/21	5.64	5.80	5.60	5.78	5252800	30135080.00
2019/05/22	5.80	5.86	5.66	5.74	4984000	28748252.00
2019/05/23	5.73	5.78	5.63	5.65	4291752	24367312.00
2019/05/24	5.63	5.72	5.50	5.54	4314800	24060290.00
2019/05/27	6.09	6.09	6.09	6.09	3460200	21072618.00
2019/05/28	6.59	6.59	6.19	6.40	36579774	235664416.00
2019/05/29	6.25	6.39	6.11	6.29	19267252	120686528.00
2019/05/30	6.19	6.21	5.71	5.88	19498356	116614072.00
2019/05/31	6.03	6.40	5.93	6.23	23270261	145014864.00
2019/06/03	6.13	6.47	6.01	6.26	21669010	136087728.00
2019/06/04	6.18	6.24	6.05	6.12	10058900	61746896.00
2019/06/05	6.22	6.24	6.00	6.02	7826008	47642684.00
2019/06/06	5.97	6.07	5.83	5.86	6274200	37261520.00
2019/06/10	5.86	5.93	5.68	5.78	5682873	32871658.00
2019/06/11	5.81	6.10	5.76	6.09	10173981	60839996.00
2019/06/12	6.05	6.12	5.96	5.99	6942169	41841492.00
2019/06/13	5.98	6.04	5.90	5.99	4554500	27214712.00
2019/06/14	5.99	6.07	5.81	5.84	4832352	28641152.00
2019/06/17	5.84	6.12	5.84	5.97	6391460	38449168.00
2019/06/18	5.92	5.97	5.83	5.86	4232157	24871904.00
2019/06/19	5.97	6.02	5.91	5.91	4679594	27849370.00
2019/06/20	6.05	6.14	5.99	6.10	10417173	63289304.00
2019/06/21	6.15	6.37	6.10	6.23	12703489	79256816.00
2019/06/24	6.19	6.21	6.05	6.09	8095993	49544580.00
2019/06/25	6.08	6.10	5.93	6.01	6097268	36563544.00
2019/06/26	6.02	6.10	5.95	6.06	4467400	26995034.00
2019/06/27	6.00	6.05	5.93	5.95	6660787	39779380.00
2019/06/28	5.92	5.95	5.79	5.85	4216707	24695474.00
2019/07/01	5.96	5.99	5.89	5.97	4929553	29311740.00
2019/07/02	5.93	5.98	5.90	5.94	2981865	17708708.00
2019/07/03	5.92	5.93	5.85	5.87	2585700	15188489.00
2019/07/04	5.83	5.99	5.83	5.91	2572108	15215560.00
2019/07/05	5.93	5.94	5.88	5.93	2061100	12192670.00
2019/07/08	5.93	5.93	5.71	5.74	3559000	20622824.00
2019/07/09	5.73	5.79	5.71	5.76	1767501	10166919.00
2019/07/10	5.78	5.80	5.60	5.60	3247003	18460184.00
2019/07/11	5.63	5.75	5.62	5.65	2479200	14073330.00
2019/07/12	5.66	5.71	5.63	5.69	2093200	11871133.00
2019/07/15	5.58	5.71	5.50	5.70	3983412	22431116.00
2019/07/16	5.73	5.83	5.72	5.73	3379912	19493194.00
2019/07/17	5.76	5.79	5.70	5.72	2567725	14756176.00
2019/07/18	5.68	5.69	5.57	5.61	3139409	17619280.00
2019/07/19	5.53	5.68	5.53	5.60	2536815	14256368.00
2019/07/22	5.65	5.65	5.34	5.37	5948715	32528956.00
2019/07/23	5.42	5.46	5.37	5.43	1806337	9788241.00
2019/07/24	5.43	5.54	5.42	5.45	3768182	20596558.00
2019/07/25	5.43	5.50	5.42	5.47	1998500	10900432.00
2019/07/26	5.46	5.47	5.40	5.46	2279000	12392411.00
2019/07/29	5.44	5.45	5.35	5.39	2545400	13733926.00
2019/07/30	5.41	5.47	5.39	5.40	2753000	14960217.00
2019/07/31	5.40	5.68	5.40	5.50	6488722	36056064.00
2019/08/01	5.47	5.50	5.40	5.42	2912799	15815478.00
2019/08/02	5.36	5.36	5.15	5.20	4941205	25860524.00
2019/08/05	5.25	5.25	5.15	5.15	1822700	9440993.00
2019/08/06	5.12	5.12	4.70	4.84	6155112	29790160.00
2019/08/07	4.88	4.91	4.80	4.80	2202009	10669994.00
2019/08/08	4.82	4.89	4.82	4.86	2343273	11392126.00
2019/08/09	4.90	4.93	4.75	4.81	2443100	11852688.00
2019/08/12	4.84	5.29	4.78	5.15	4885051	24507254.00
2019/08/13	5.03	5.12	4.96	4.97	3336800	16692072.00
2019/08/14	5.03	5.05	4.96	4.97	2263700	11332033.00
2019/08/15	4.88	5.05	4.80	5.04	3500437	17361448.00
2019/08/16	5.00	5.10	4.99	5.04	4240391	21345814.00
2019/08/19	5.04	5.20	5.04	5.20	4859531	24990908.00
2019/08/20	5.21	5.35	5.19	5.24	5674003	29835050.00
2019/08/21	5.24	5.31	5.22	5.22	2697502	14157280.00
2019/08/22	5.27	5.28	5.23	5.27	2717180	14264734.00
2019/08/23	5.34	5.53	5.25	5.39	9357693	50606104.00
2019/08/26	5.22	5.46	5.22	5.34	6511171	34731088.00
2019/08/27	5.41	5.58	5.36	5.55	8896012	49104368.00
2019/08/28	5.55	5.56	5.40	5.42	5581412	30417390.00
2019/08/29	5.42	5.45	5.33	5.38	3849178	20684526.00
2019/08/30	5.40	5.42	5.20	5.25	4618427	24548646.00
2019/09/02	5.25	5.42	5.25	5.41	3954976	21212256.00
2019/09/03	5.41	5.45	5.38	5.43	3418900	18501056.00
2019/09/04	5.40	5.46	5.34	5.42	3231223	17443110.00
2019/09/05	5.46	5.52	5.41	5.44	5724043	31332410.00
2019/09/06	5.44	5.48	5.41	5.48	3562682	19420924.00
2019/09/09	5.49	5.60	5.46	5.59	6565707	36334200.00
2019/09/10	5.57	5.85	5.52	5.74	12061493	68581360.00
2019/09/11	5.68	5.73	5.55	5.58	8627970	48611064.00
2019/09/12	5.59	5.63	5.50	5.62	5043540	28109456.00
2019/09/16	5.65	5.74	5.64	5.68	8491792	48287512.00
2019/09/17	5.68	5.71	5.48	5.53	6449566	36062356.00
2019/09/18	5.53	5.59	5.50	5.57	2853100	15832290.00
2019/09/19	5.57	5.59	5.46	5.58	3295647	18226534.00
2019/09/20	5.57	5.64	5.55	5.63	3871088	21676082.00
2019/09/23	5.58	5.59	5.42	5.48	4525378	24813768.00
2019/09/24	5.50	5.59	5.48	5.54	5090001	28218776.00
2019/09/25	5.50	5.50	5.37	5.41	4984274	27068130.00
2019/09/26	5.39	5.43	5.10	5.14	6048655	31491238.00
2019/09/27	5.12	5.19	5.07	5.13	3243500	16715453.00
2019/09/30	5.14	5.19	5.10	5.10	2273200	11689357.00
2019/10/08	5.14	5.25	5.11	5.16	2664761	13830553.00
2019/10/09	5.14	5.20	5.10	5.17	2052500	10556530.00
2019/10/10	5.20	5.24	5.15	5.22	2593820	13516735.00
2019/10/11	5.23	5.24	5.16	5.21	2357900	12278580.00
2019/10/14	5.23	5.33	5.21	5.26	3718538	19599932.00
2019/10/15	5.31	5.31	5.23	5.27	3387204	17851532.00
2019/10/16	5.32	5.32	5.23	5.23	2936590	15503827.00
2019/10/17	5.23	5.28	5.19	5.26	2416741	12637929.00
2019/10/18	5.26	5.26	5.00	5.04	5993129	30553958.00
2019/10/21	4.87	5.01	4.80	4.94	8649072	42334804.00
2019/10/22	4.89	5.09	4.89	5.08	4548900	22855996.00
2019/10/23	5.10	5.23	5.07	5.14	5385952	27754674.00
2019/10/24	5.13	5.17	5.06	5.10	3461124	17622996.00
2019/10/25	5.09	5.19	5.06	5.16	3321020	17012004.00
2019/10/28	5.23	5.37	5.13	5.32	8850330	46373736.00
2019/10/29	5.29	5.35	5.24	5.25	4541100	23967948.00
2019/10/30	5.23	5.26	5.14	5.16	3443208	17813726.00
2019/10/31	5.22	5.25	5.15	5.15	3451682	17941592.00
2019/11/01	5.13	5.31	5.10	5.30	5038066	26402848.00
2019/11/04	5.33	5.34	5.20	5.22	4379301	23055632.00
2019/11/05	5.25	5.40	5.21	5.29	7800500	41565780.00
2019/11/06	5.28	5.33	5.20	5.22	4284809	22552502.00
2019/11/07	5.23	5.28	5.18	5.22	3108902	16237009.00
2019/11/08	5.23	5.27	5.17	5.18	2976600	15536617.00
2019/11/11	5.19	5.20	4.99	4.99	4132310	20970884.00
2019/11/12	5.02	5.09	4.99	5.08	3731568	18774904.00
2019/11/13	5.04	5.13	5.03	5.09	2419868	12311007.00
2019/11/14	5.08	5.12	4.99	5.09	4035852	20405396.00
2019/11/15	5.05	5.09	4.89	4.89	4327900	21513462.00
2019/11/18	4.95	5.02	4.90	4.99	2581585	12854795.00
2019/11/19	5.01	5.08	4.99	5.06	2217071	11206555.00
2019/11/20	5.08	5.22	5.05	5.15	5431582	28023578.00
2019/11/21	5.08	5.15	5.08	5.09	2588266	13217770.00
2019/11/22	5.14	5.18	4.99	5.02	2932837	14823984.00
2019/11/25	5.05	5.05	4.90	4.93	4867685	24005814.00
2019/11/26	4.92	4.95	4.87	4.87	2997189	14684857.00
2019/11/27	4.88	4.97	4.82	4.89	4936000	24154736.00
2019/11/28	4.93	4.93	4.82	4.83	2623700	12732867.00
2019/11/29	4.83	4.88	4.79	4.84	1980800	9544968.00
2019/12/02	4.82	4.86	4.70	4.78	3122196	14946777.00
2019/12/03	4.82	4.84	4.70	4.84	2920713	13913857.00
2019/12/04	4.84	4.87	4.79	4.84	2227412	10779735.00
2019/12/05	4.93	5.10	4.85	4.92	8174584	40708472.00
2019/12/06	4.86	4.93	4.80	4.89	4405637	21440422.00
2019/12/09	4.85	4.89	4.85	4.86	2731825	13285161.00
2019/12/10	4.81	4.87	4.81	4.85	2176505	10538062.00
2019/12/11	4.86	4.94	4.82	4.90	3891658	18998150.00
2019/12/12	4.90	4.93	4.85	4.87	2581500	12601493.00
2019/12/13	4.91	4.92	4.87	4.91	2462981	12065293.00
2019/12/16	4.91	4.97	4.89	4.96	3996703	19712392.00
2019/12/17	4.97	5.05	4.94	5.04	5481638	27465338.00
2019/12/18	5.04	5.06	5.00	5.02	3864900	19441336.00
2019/12/19	5.01	5.09	5.01	5.08	4579959	23154890.00
2019/12/20	5.09	5.09	5.01	5.01	3429590	17276614.00
2019/12/23	5.02	5.07	4.93	4.96	4982400	24891862.00
2019/12/24	4.97	5.01	4.93	5.00	3290800	16333222.00
2019/12/25	5.00	5.05	4.98	5.00	2743077	13736169.00
2019/12/26	5.01	5.01	4.92	5.00	3767147	18754552.00
2019/12/27	5.02	5.04	4.95	4.96	3269940	16349827.00
2019/12/30	4.95	4.98	4.86	4.96	4110232	20260978.00
2019/12/31	4.96	5.06	4.94	5.05	6836596	34368668.00
2020/01/02	5.06	5.10	5.02	5.09	6331728	32084180.00
2020/01/03	5.08	5.09	5.03	5.07	4358299	22059034.00
2020/01/06	5.06	5.12	5.02	5.09	5085032	25831490.00
2020/01/07	5.11	5.16	5.09	5.16	5302770	27151206.00
2020/01/08	5.13	5.14	5.03	5.04	5521314	28034912.00
2020/01/09	5.10	5.13	5.07	5.12	4824088	24645356.00
2020/01/10	5.13	5.14	5.09	5.14	4579500	23455058.00
2020/01/13	5.12	5.15	5.06	5.11	4532700	23075672.00
2020/01/14	5.14	5.20	5.11	5.18	6740003	34789940.00
2020/01/15	5.15	5.16	5.10	5.14	5161124	26466918.00
2020/01/16	5.12	5.16	5.04	5.05	5262011	26751170.00
2020/01/17	5.07	5.09	5.03	5.05	2808293	14202180.00
2020/01/20	5.08	5.17	5.08	5.17	7666092	39358780.00
2020/01/21	5.19	5.45	5.18	5.30	18691358	99689664.00
2020/01/22	5.28	5.33	5.05	5.18	12033855	62123304.00
2020/01/23	5.20	5.28	5.08	5.16	9199445	47670220.00
2020/02/03	5.15	5.16	4.64	4.72	14806606	72136976.00
2020/02/04	4.71	5.06	4.71	4.96	15032228	73860848.00
2020/02/05	4.96	5.46	4.93	5.46	27244073	143677568.00
2020/02/06	5.46	6.01	5.46	5.81	51286418	296763296.00
2020/02/07	5.70	5.86	5.46	5.56	32365814	182755792.00
2020/02/10	5.60	5.60	5.30	5.38	16879369	90736336.00
2020/02/11	5.32	5.59	5.25	5.58	16840858	90737376.00
2020/02/12	5.50	5.55	5.38	5.46	12701826	69397120.00
2020/02/13	5.48	5.48	5.26	5.33	12211645	65130068.00
2020/02/14	5.34	5.41	5.23	5.27	7622800	40460604.00
2020/02/17	5.29	5.38	5.29	5.37	9945983	53118292.00
2020/02/18	5.40	5.45	5.31	5.39	11793295	63360184.00
2020/02/19	5.39	5.39	5.25	5.26	10110383	53622036.00
2020/02/20	5.29	5.32	5.24	5.31	7212872	38117076.00
2020/02/21	5.30	5.40	5.25	5.39	12686393	67570832.00
2020/02/24	5.40	5.54	5.36	5.42	14118978	76844912.00
2020/02/25	5.33	5.55	5.27	5.51	19338675	105171584.00
2020/02/26	5.46	5.46	5.30	5.32	13080255	70384592.00
2020/02/27	5.31	5.36	5.29	5.33	6139552	32672410.00
2020/02/28	5.28	5.40	5.12	5.18	12278281	64894064.00
2020/03/02	5.20	5.41	5.20	5.34	10063359	53412712.00
2020/03/03	5.38	5.41	5.28	5.32	9854011	52822364.00
2020/03/04	5.29	5.32	5.21	5.26	6761466	35516492.00
2020/03/05	5.32	5.52	5.27	5.42	15838906	85900480.00
2020/03/06	5.36	5.88	5.33	5.68	39500963	225280320.00
2020/03/09	5.72	5.73	5.36	5.45	26428869	146775584.00
2020/03/10	5.37	5.45	5.22	5.44	15972174	85175752.00
2020/03/11	5.44	5.88	5.40	5.60	23407148	131287832.00
2020/03/12	5.48	5.66	5.37	5.56	17474685	96265224.00
2020/03/13	5.28	5.63	5.27	5.63	17761758	95834672.00
2020/03/16	5.64	5.98	5.56	5.69	37617299	217071024.00
2020/03/17	5.57	5.72	5.31	5.72	22069315	121620216.00
2020/03/18	5.78	5.95	5.50	5.50	22379535	128877248.00
2020/03/19	5.44	5.56	5.31	5.43	16057043	87046952.00
2020/03/20	5.48	5.77	5.40	5.77	22536790	126528304.00
2020/03/23	5.73	6.08	5.61	5.85	39318907	230090192.00
2020/03/24	5.90	5.90	5.68	5.85	23608707	136293584.00
2020/03/25	5.90	6.04	5.75	5.99	31701683	187742560.00
2020/03/26	6.59	6.59	6.59	6.59	7842455	51681780.00
2020/03/27	6.63	6.68	6.10	6.15	53981397	343415392.00
2020/03/30	5.90	6.08	5.67	5.67	27317248	159466880.00
2020/03/31	5.72	5.78	5.47	5.53	17451163	97846952.00
2020/04/01	5.50	5.57	5.36	5.38	12422121	68042424.00
2020/04/02	5.34	5.46	5.28	5.46	11707253	62616784.00
2020/04/03	5.44	5.64	5.40	5.59	13034100	72358240.00
2020/04/07	5.68	5.73	5.56	5.65	15456177	87215112.00
2020/04/08	5.62	5.68	5.52	5.60	11843650	66240060.00
2020/04/09	5.61	5.66	5.56	5.65	11237650	63088024.00
2020/04/10	5.61	5.95	5.56	5.86	28333053	164222624.00
2020/04/13	5.81	6.06	5.77	5.87	23269303	137889824.00
2020/04/14	5.85	5.95	5.68	5.93	19780863	115118632.00
2020/04/15	5.86	6.20	5.85	6.09	36250511	219776992.00
2020/04/16	6.00	6.27	5.98	6.16	32339556	197568112.00
2020/04/17	6.08	6.16	5.85	5.91	23187271	138201280.00
2020/04/20	5.90	6.01	5.88	5.97	14027756	83646264.00
2020/04/21	5.93	6.04	5.78	5.86	17623200	103823872.00
2020/04/22	5.81	5.95	5.75	5.94	11515889	67398632.00
2020/04/23	5.93	6.05	5.81	5.83	17745050	105101200.00
2020/04/24	5.81	5.88	5.58	5.60	14085211	80198552.00
2020/04/27	5.64	5.68	5.54	5.58	6477032	36354828.00
2020/04/28	5.58	5.64	5.25	5.42	8978289	48633456.00
2020/04/29	5.46	5.46	5.35	5.38	4930541	26611822.00
2020/04/30	5.41	5.55	5.38	5.51	5712993	31310006.00
数据来源:通达信
