300561 汇金科技 日线 前复权
      日期	    开盘	    最高	    最低	    收盘	    成交量	    成交额
2016/11/17	6.56	7.95	6.56	7.95	3600	130028.00
2016/11/18	8.79	8.79	8.79	8.79	2200	90992.00
2016/11/21	9.71	9.71	9.71	9.71	1600	72800.00
2016/11/22	10.72	10.72	10.72	10.72	1700	85085.00
2016/11/23	11.84	11.84	11.84	11.84	1286	70807.16
2016/11/24	13.06	13.06	13.06	13.06	2200	133254.00
2016/11/25	14.41	14.41	14.41	14.41	6200	413106.00
2016/11/28	15.89	15.89	15.89	15.89	4100	300489.00
2016/11/29	17.52	17.52	17.52	17.52	8341	672451.44
2016/11/30	19.32	19.32	19.32	19.32	11400	1010952.00
2016/12/01	21.29	21.29	21.29	21.29	14900	1453495.00
2016/12/02	23.46	23.46	23.46	23.46	45007	4829701.00
2016/12/05	25.85	25.85	25.85	25.85	25767	3041536.75
2016/12/06	28.47	28.47	28.47	28.47	30600	3973104.00
2016/12/07	31.36	31.36	30.04	31.36	9075030	1273678336.00
2016/12/08	30.44	32.62	30.34	30.90	7240934	1038773248.00
2016/12/09	30.07	30.11	28.19	28.29	5596997	742096512.00
2016/12/12	28.29	28.80	26.53	26.84	3682389	466335744.00
2016/12/13	26.63	28.37	26.59	27.39	3064399	383522144.00
2016/12/14	27.06	27.97	26.66	26.82	3096540	385007712.00
2016/12/15	26.51	27.62	26.28	27.16	2091045	258605200.00
2016/12/16	26.95	27.16	25.62	26.17	2889019	348280640.00
2016/12/19	25.89	26.95	25.33	26.81	2392565	286281632.00
2016/12/20	26.73	27.02	25.97	26.25	1685740	203747440.00
2016/12/21	26.32	26.46	25.39	25.89	1706515	200907296.00
2016/12/22	25.68	26.29	25.64	25.73	1190347	141062912.00
2016/12/23	25.45	25.94	24.26	24.26	1713078	196010400.00
2016/12/26	24.06	24.68	23.57	24.59	1287413	142262848.00
2016/12/27	24.50	24.71	24.12	24.45	980608	109468864.00
2016/12/28	24.39	26.73	24.34	25.81	2133226	249898160.00
2016/12/29	25.54	26.68	25.36	25.62	1800822	213722992.00
2016/12/30	25.51	25.99	25.06	25.66	1491105	173665024.00
2017/01/03	28.26	28.26	27.82	28.26	2388591	307598592.00
2017/01/04	28.84	29.83	28.32	28.76	4123310	547049152.00
2017/01/05	28.51	30.29	28.27	29.15	3193552	426610496.00
2017/01/06	28.55	29.22	27.06	27.17	2703175	346940992.00
2017/01/09	26.50	27.77	26.48	27.56	1601365	198591920.00
2017/01/10	27.37	27.59	26.73	27.31	1217367	150839136.00
2017/01/11	27.25	27.36	24.53	24.53	2498263	288753440.00
2017/01/12	24.56	27.01	24.56	25.28	1674801	193917616.00
2017/01/13	25.61	25.61	23.44	24.23	1715473	189372464.00
2017/01/16	23.61	23.66	21.77	21.80	1864102	190876048.00
2017/01/17	19.63	21.72	19.58	20.99	3859523	357502048.00
2017/01/18	20.34	20.61	19.76	19.83	2087128	192797808.00
2017/01/19	19.20	20.45	18.90	19.63	1757200	158817664.00
2017/01/20	19.68	21.63	19.43	21.26	2426341	231763392.00
2017/01/23	21.17	23.41	21.14	22.56	2788754	287060896.00
2017/01/24	22.72	23.47	22.28	23.11	2219486	233232016.00
2017/01/25	23.25	25.46	22.75	25.46	2064458	228448672.00
2017/01/26	25.97	26.26	24.97	25.96	2397510	280794880.00
2017/02/03	26.02	26.85	25.74	26.29	2017382	241856512.00
2017/02/06	26.15	26.80	25.33	26.78	2048375	243996384.00
2017/02/07	26.59	28.35	26.55	27.51	2813149	351124704.00
2017/02/08	26.90	28.06	26.51	27.77	2214066	275326528.00
2017/02/09	27.66	30.29	27.46	27.93	3330929	433693280.00
2017/02/10	28.51	29.29	25.95	26.01	4996338	623335040.00
2017/02/13	25.59	28.65	25.18	28.65	4706197	590206528.00
2017/02/14	28.59	29.58	27.95	28.90	3654949	479619200.00
2017/02/15	28.58	30.40	27.57	28.13	4123437	549571136.00
2017/02/16	28.50	29.22	27.54	28.81	2949991	383055136.00
2017/02/17	28.37	28.66	25.90	25.90	4856425	393119072.00
2017/02/20	25.02	25.70	23.27	23.81	5782789	422938240.00
2017/02/21	23.98	25.74	23.60	24.46	4951688	372701824.00
2017/02/22	24.40	26.94	23.28	26.94	5671737	429128448.00
2017/02/23	28.04	29.33	27.52	27.69	8586290	736243904.00
2017/02/24	27.13	28.20	26.96	27.04	4917156	406664128.00
2017/02/27	26.86	27.30	24.96	25.03	5283609	414045888.00
2017/02/28	24.86	27.56	24.80	27.19	7518208	613712448.00
2017/03/01	26.99	28.98	26.10	27.71	7753823	646863936.00
2017/03/02	27.47	28.49	27.07	27.41	4864641	409623168.00
2017/03/03	27.03	28.46	26.37	26.87	6024153	502278656.00
2017/03/06	26.53	27.25	26.39	26.93	3426245	279731136.00
2017/03/07	26.69	26.86	25.87	26.70	4132364	330663296.00
2017/03/08	26.51	26.91	26.20	26.41	2601217	209204272.00
2017/03/09	26.32	26.37	25.36	25.41	2783265	218208544.00
2017/03/10	25.37	26.36	25.30	25.69	2709889	213375600.00
2017/03/13	25.20	26.02	24.86	25.72	2656546	204477936.00
2017/03/14	25.72	26.19	25.53	25.59	2403094	188486608.00
2017/03/15	25.30	25.49	24.99	25.03	2033884	155305984.00
2017/03/16	25.06	26.99	25.06	26.19	3682171	290323296.00
2017/03/17	26.20	26.86	25.50	25.56	3156149	251083616.00
2017/03/20	25.30	25.36	24.88	25.36	2437749	185705808.00
2017/03/21	25.31	25.75	25.23	25.44	1634949	126344480.00
2017/03/22	25.25	25.36	24.79	25.21	2225745	169275424.00
2017/03/23	25.21	25.69	24.74	25.02	2468250	189078496.00
2017/03/24	24.86	25.15	24.79	24.88	1645353	124474280.00
2017/03/27	24.89	25.11	24.74	24.89	1163050	87998632.00
2017/03/28	24.81	24.95	23.98	23.99	2166862	160107984.00
2017/03/29	24.00	24.08	22.86	22.89	1834400	130000992.00
2017/03/30	22.74	22.82	21.52	21.62	1935257	129080680.00
2017/03/31	21.61	22.06	21.46	21.66	1172300	77458960.00
2017/04/05	21.69	21.92	20.81	21.83	1242734	81159488.00
2017/04/06	21.82	22.15	21.72	21.91	1006479	67401544.00
2017/04/07	21.86	21.92	20.96	21.09	1288959	84087680.00
2017/04/10	20.88	20.89	18.95	18.95	2428749	144727840.00
2017/04/11	18.95	19.68	18.95	19.54	1441100	84973416.00
2017/04/12	19.43	19.43	19.04	19.04	924800	54260884.00
2017/04/13	18.88	19.38	18.76	19.05	859250	50228436.00
2017/04/14	18.89	19.38	18.31	19.21	1267125	73482816.00
2017/04/17	18.46	18.62	17.70	17.86	1262250	70210856.00
2017/04/18	17.86	18.15	17.26	17.41	931528	50211952.00
2017/04/19	17.24	17.94	17.24	17.80	985882	53047484.00
2017/04/20	17.70	17.85	17.53	17.67	821433	44344304.00
2017/04/21	17.70	17.85	17.53	17.69	641614	34646632.00
2017/04/24	17.69	18.19	17.09	18.02	1134624	61633552.00
2017/04/25	17.69	18.00	17.54	17.78	1222900	66395308.00
2017/04/26	17.70	18.14	17.62	17.85	985750	53803736.00
2017/04/27	17.70	18.31	17.22	18.30	1705328	93077920.00
2017/04/28	18.22	18.45	18.06	18.34	1195281	66453036.00
2017/05/02	18.35	18.47	18.14	18.21	804000	44872108.00
2017/05/03	18.02	18.26	17.85	18.16	856583	47229716.00
2017/05/04	18.13	18.14	17.62	17.67	848742	46075548.00
2017/05/05	17.68	18.10	17.53	17.69	830675	45049020.00
2017/05/08	17.54	17.72	17.19	17.19	726475	38645696.00
2017/05/09	17.19	17.57	17.02	17.43	590500	31252800.00
2017/05/10	17.35	17.82	17.31	17.42	909522	48852532.00
2017/05/11	17.25	17.50	16.93	17.48	843450	44447556.00
2017/05/12	17.45	17.63	17.23	17.42	584850	31166398.00
2017/05/15	17.52	17.74	17.32	17.35	517494	27619358.00
2017/05/16	17.42	17.72	16.98	17.72	978650	51896452.00
2017/05/17	17.74	19.48	17.74	19.36	3036576	174357488.00
2017/05/18	19.02	19.12	18.64	18.68	1607056	92385776.00
2017/05/19	18.68	19.99	18.39	19.05	1869291	108602056.00
2017/05/22	18.95	19.68	18.19	18.22	1708137	99001520.00
2017/05/23	18.02	18.29	16.95	16.98	1439396	76819336.00
2017/05/24	16.96	17.32	16.75	17.21	748646	39114224.00
2017/05/25	17.20	17.32	16.77	17.16	749870	39053220.00
2017/05/26	17.19	17.44	17.09	17.23	595070	31383768.00
2017/05/31	17.59	17.76	16.95	17.01	758445	40503008.00
2017/06/01	17.02	17.02	15.35	15.60	1276661	62857608.00
2017/06/02	15.68	16.15	15.42	15.94	756900	36650288.00
2017/06/05	16.35	16.35	15.95	16.07	494877	24428274.00
2017/06/06	15.98	16.21	15.75	16.09	373600	18337190.00
2017/06/07	16.09	16.85	16.06	16.74	1012653	51286296.00
2017/06/08	16.69	17.07	16.69	16.88	1105184	57071700.00
2017/06/09	16.88	16.88	16.35	16.54	778750	39302268.00
2017/06/12	16.21	16.43	15.78	15.79	801650	39104680.00
2017/06/13	15.69	16.31	15.69	16.22	555000	27378904.00
2017/06/14	16.14	16.34	16.14	16.22	529003	26273502.00
2017/06/15	16.22	16.86	16.18	16.75	1157734	59018812.00
2017/06/16	16.79	16.87	16.43	16.46	717700	36299248.00
2017/06/19	16.35	16.93	16.35	16.74	820600	42057832.00
2017/06/20	16.91	17.01	16.51	16.52	648300	33193196.00
2017/06/21	16.54	16.65	16.27	16.44	574282	28817410.00
2017/06/22	16.46	16.60	15.88	15.92	601900	29999476.00
2017/06/23	15.97	16.14	15.58	15.86	530500	25619270.00
2017/06/26	15.72	16.01	15.72	16.01	472150	23021980.00
2017/06/27	15.95	16.28	15.89	16.04	461500	22718776.00
2017/06/28	15.95	16.00	15.59	15.64	456250	21939444.00
2017/06/29	15.72	16.16	15.62	16.00	746657	36494012.00
2017/06/30	15.95	16.10	15.76	16.01	518457	25259510.00
2017/07/03	15.94	16.18	15.90	16.09	423034	20763556.00
2017/07/04	16.16	16.16	16.05	16.13	347950	17132078.00
2017/07/05	16.10	16.31	16.07	16.29	593669	29463218.00
2017/07/06	16.24	16.34	15.92	16.03	770673	38011232.00
2017/07/07	16.01	16.47	15.89	16.44	1123090	55977568.00
2017/07/10	16.15	16.15	15.54	15.56	1610000	77466152.00
2017/07/11	15.57	15.68	15.55	15.57	510500	24364818.00
2017/07/12	15.66	15.68	14.68	15.26	740895	34324852.00
2017/07/13	15.28	15.31	14.78	14.81	448750	20515714.00
2017/07/14	14.72	14.95	14.72	14.83	309850	14106389.00
2017/07/17	14.79	14.80	13.32	13.32	874100	36571584.00
2017/07/18	13.18	13.31	12.52	12.92	774550	30777818.00
2017/07/19	12.91	12.94	12.64	12.89	443550	17473346.00
2017/07/20	12.96	13.16	12.88	12.89	433300	17328014.00
2017/07/21	12.89	13.01	12.53	12.56	398429	15578247.00
2017/07/24	12.56	12.71	12.31	12.61	714250	27374836.00
2017/07/25	12.58	12.66	12.41	12.55	295300	11401289.00
2017/07/26	12.60	12.63	12.42	12.54	242700	9361216.00
2017/07/27	12.47	13.70	12.39	13.52	1388396	56514632.00
2017/07/28	13.38	13.43	13.02	13.04	844550	34207444.00
2017/07/31	13.02	13.20	12.84	13.02	465340	18630732.00
2017/08/01	12.90	13.18	12.90	13.04	409880	16370353.00
2017/08/02	13.11	13.11	12.52	12.62	493705	19442470.00
2017/08/03	12.49	13.18	12.49	12.73	665611	26439274.00
2017/08/04	12.85	12.90	12.63	12.63	413861	16145634.00
2017/08/07	12.74	12.98	12.69	12.83	351102	13872266.00
2017/08/08	12.83	12.95	12.57	12.91	496250	19540390.00
2017/08/09	12.88	12.90	12.74	12.75	375500	14771011.00
2017/08/10	12.65	12.80	12.51	12.56	359750	13961631.00
2017/08/11	12.48	12.67	12.44	12.45	329050	12711552.00
2017/08/14	12.46	12.87	12.43	12.79	622500	24453828.00
2017/08/15	12.79	13.08	12.68	12.93	677050	26888958.00
2017/08/16	12.93	13.65	12.85	13.44	1636945	67024228.00
2017/08/17	13.37	13.61	13.19	13.44	1218852	50211940.00
2017/08/18	13.52	13.52	13.18	13.22	766000	31373378.00
2017/08/21	13.22	13.32	13.12	13.27	841513	34254956.00
2017/08/22	13.32	13.42	13.19	13.23	719483	29346452.00
2017/08/23	13.22	13.30	12.97	13.26	601132	24282614.00
2017/08/24	13.19	13.32	13.02	13.05	486200	19661112.00
2017/08/25	13.08	13.42	12.97	13.37	935758	38147060.00
2017/08/28	13.30	14.01	13.30	13.78	1513084	63768708.00
2017/08/29	13.85	14.18	13.78	13.82	1436634	61391124.00
2017/08/30	13.78	13.84	13.59	13.66	809350	34011632.00
2017/08/31	13.59	14.04	13.59	14.02	1261295	53681748.00
2017/09/01	14.14	14.14	13.78	13.98	1079762	46180492.00
2017/09/04	14.04	15.36	13.94	15.06	2975942	134931856.00
2017/09/05	14.89	15.32	14.77	15.08	2186679	101126552.00
2017/09/06	15.00	15.23	14.74	15.15	1425951	65664776.00
2017/09/07	15.21	16.69	15.18	15.70	2965335	144969232.00
2017/09/08	15.51	15.93	15.22	15.55	1467995	69625240.00
2017/09/11	15.43	15.58	15.30	15.53	984187	46666056.00
2017/09/12	15.44	15.53	14.88	14.88	1423017	65842380.00
2017/09/13	14.88	15.02	14.64	14.83	807569	36522152.00
2017/09/14	14.82	14.91	14.50	14.65	731214	32961934.00
2017/09/15	14.68	14.93	14.62	14.85	734214	33222594.00
2017/09/18	14.83	15.02	14.70	14.87	666059	30314514.00
2017/09/19	14.87	14.98	14.64	14.69	828662	37723992.00
2017/09/20	14.62	15.00	14.62	15.00	683306	31102344.00
2017/09/21	14.98	15.81	14.96	15.24	1892637	89486760.00
2017/09/22	15.24	15.58	14.80	15.44	1331937	62118428.00
2017/09/25	15.35	15.71	14.78	14.91	1093050	51326132.00
2017/09/26	14.90	15.02	13.95	14.10	1217237	53689804.00
2017/09/27	14.08	14.45	14.03	14.34	494700	21645894.00
2017/09/28	14.31	14.50	14.16	14.16	579400	25429872.00
2017/09/29	14.31	14.38	14.18	14.38	407650	17881294.00
2017/10/09	14.58	14.83	14.53	14.68	665723	29937296.00
2017/10/10	14.68	15.15	14.59	15.14	1032760	47118928.00
2017/10/11	15.08	15.51	14.82	14.85	1178300	54829304.00
2017/10/12	14.94	15.30	14.73	15.19	864412	39842996.00
2017/10/13	15.17	15.18	14.98	15.11	667450	30805776.00
2017/10/16	15.23	15.23	14.19	14.24	1353320	60220052.00
2017/10/17	14.24	14.50	14.05	14.31	506078	22290468.00
2017/10/18	14.31	14.44	13.57	13.68	693050	29818896.00
2017/10/19	13.65	13.74	13.13	13.27	674083	27656080.00
2017/10/20	13.19	13.46	13.19	13.42	307150	12597610.00
2017/10/23	13.29	13.61	13.29	13.50	330550	13683332.00
2017/10/24	13.50	13.58	13.02	13.37	487700	19973044.00
2017/10/25	13.37	13.55	13.22	13.55	542050	22373500.00
2017/10/26	13.62	13.87	13.57	13.78	579223	24456324.00
2017/10/27	13.82	13.82	13.42	13.58	444995	18571472.00
2017/10/30	13.42	13.52	12.68	12.78	683883	27188624.00
2017/10/31	12.71	12.97	12.71	12.89	333883	13167421.00
2017/11/01	13.01	13.12	12.90	13.02	426806	17096438.00
2017/11/02	12.94	13.02	12.73	12.75	367082	14534496.00
2017/11/03	12.81	12.87	12.62	12.70	294945	11538447.00
2017/11/06	12.83	13.10	12.70	13.08	349400	13896796.00
2017/11/07	13.08	13.30	12.92	13.10	343300	13752738.00
2017/11/08	13.05	13.28	12.99	13.15	457150	18491306.00
2017/11/09	13.14	13.23	13.04	13.17	442045	17827640.00
2017/11/10	13.17	13.22	13.07	13.17	450323	18208106.00
2017/11/13	13.18	13.34	12.93	12.97	513150	20686882.00
2017/11/14	12.97	12.97	12.63	12.71	626950	24557190.00
2017/11/15	12.61	12.81	12.54	12.61	374700	14578443.00
2017/11/16	12.61	12.67	12.43	12.47	338150	13064410.00
2017/11/17	12.45	12.54	11.47	11.56	845845	31207178.00
2017/11/20	11.51	11.67	11.18	11.65	344850	12202914.00
2017/11/21	11.68	11.85	11.46	11.58	236323	8462933.00
2017/11/22	11.62	11.71	11.51	11.58	279550	9994509.00
2017/11/23	11.52	11.58	11.08	11.09	519596	18085580.00
2017/11/24	11.13	11.13	10.85	10.88	365350	12367966.00
2017/11/27	10.86	11.18	10.77	10.95	377250	12824828.00
2017/11/28	10.98	12.08	10.98	11.64	816601	29527578.00
2017/11/29	11.65	11.65	11.31	11.44	504980	17811670.00
2017/11/30	11.48	11.48	11.20	11.21	353850	12328917.00
2017/12/01	11.07	11.08	10.68	11.01	576151	19443896.00
2017/12/04	10.88	10.95	10.40	10.62	677284	22220396.00
2017/12/05	10.43	10.51	10.14	10.23	563400	17994066.00
2017/12/06	10.15	10.41	10.14	10.39	316400	10096860.00
2017/12/07	10.40	10.57	10.37	10.42	300700	9725619.00
2017/12/08	10.51	10.67	10.42	10.61	315800	10336018.00
2017/12/11	10.68	10.98	10.52	10.82	418479	14019827.00
2017/12/12	10.78	10.82	10.41	10.47	410950	13387318.00
2017/12/13	10.45	10.67	10.44	10.65	300000	9801364.00
2017/12/14	10.75	10.75	10.49	10.59	313079	10240574.00
2017/12/15	10.61	10.88	10.57	10.64	372250	12338460.00
2017/12/18	10.61	10.67	10.31	10.38	301695	9768367.00
2017/12/19	10.40	11.38	10.40	10.94	1060295	35812940.00
2017/12/20	10.76	10.81	10.49	10.60	668500	21979796.00
2017/12/21	10.59	10.63	10.35	10.44	416950	13512238.00
2017/12/22	10.46	10.51	10.29	10.31	284450	9143332.00
2017/12/25	10.27	10.35	10.17	10.26	243800	7713097.50
2017/12/26	10.25	10.56	10.25	10.52	325350	10477754.00
2017/12/27	10.52	10.53	10.35	10.41	310062	9990555.00
2017/12/28	10.33	10.74	10.28	10.67	497629	16341489.00
2017/12/29	10.76	10.76	10.54	10.65	337679	11075579.00
2018/01/02	10.64	10.88	10.64	10.69	268529	8887029.00
2018/01/03	10.65	10.78	10.55	10.73	358111	11810399.00
2018/01/04	10.63	10.85	10.55	10.72	382262	12708490.00
2018/01/05	10.72	10.95	10.65	10.95	630600	21120134.00
2018/01/08	10.90	10.94	10.70	10.75	473900	15757611.00
2018/01/09	10.68	10.78	10.65	10.68	284950	9423548.00
2018/01/10	10.64	10.66	10.39	10.53	437739	14233073.00
2018/01/11	10.46	11.28	10.43	10.98	1125153	38086412.00
2018/01/12	11.51	12.11	11.36	12.11	1688074	62228228.00
2018/01/15	12.35	13.34	12.18	12.49	5134343	200939104.00
2018/01/16	11.41	13.01	11.41	12.70	4028198	152168608.00
2018/01/17	12.08	12.26	11.55	11.61	2692007	98268896.00
2018/01/18	11.68	12.03	11.58	11.66	1507800	54721932.00
2018/01/19	11.68	11.75	11.21	11.28	1532890	53945184.00
2018/01/22	11.64	12.44	11.44	12.44	2895542	107808760.00
2018/01/23	13.31	13.67	12.71	12.90	5256021	212569664.00
2018/01/24	13.33	14.23	13.33	14.23	6022124	259368240.00
2018/01/25	15.18	15.68	14.73	15.68	9783429	460371616.00
2018/01/26	15.35	15.37	14.08	14.92	6358187	290326528.00
2018/01/29	14.89	14.95	13.42	13.84	5446541	233844192.00
2018/01/30	13.89	13.98	13.44	13.64	3716132	156138848.00
2018/01/31	13.62	14.10	12.57	12.68	5207385	214092048.00
2018/02/01	13.01	13.30	12.57	13.08	4081634	162871184.00
2018/02/02	12.98	12.98	11.74	12.38	3485500	133104328.00
2018/02/05	12.09	12.50	11.80	11.96	2507700	93523232.00
2018/02/06	11.44	11.78	10.74	10.74	2554520	88940768.00
2018/02/07	10.99	11.28	10.18	11.01	3579022	119416480.00
2018/02/08	10.78	11.40	10.78	10.96	2401534	82441136.00
2018/02/09	10.41	10.78	10.08	10.38	2159954	70003112.00
2018/02/12	10.55	10.87	10.54	10.71	1935508	64156688.00
2018/02/13	10.81	10.81	10.35	10.52	1826829	59668748.00
2018/02/14	10.39	10.51	10.18	10.48	1163850	37201020.00
2018/02/22	10.61	10.94	10.35	10.89	1858929	61497672.00
2018/02/23	10.78	10.97	10.75	10.90	1363200	45557836.00
2018/02/26	11.08	11.48	11.02	11.33	2264550	78524536.00
2018/02/27	11.27	11.94	11.25	11.71	3025275	109183216.00
2018/02/28	11.45	11.94	11.18	11.61	2702079	96505968.00
2018/03/01	11.43	12.41	11.43	12.34	3178929	116379792.00
2018/03/02	13.61	13.61	13.61	13.61	760200	31768758.00
2018/03/05	13.78	13.90	13.12	13.82	4557593	189768416.00
2018/03/06	13.92	13.92	13.24	13.33	3518814	145887392.00
2018/03/07	13.33	13.87	13.19	13.60	3560028	148539024.00
2018/03/08	13.41	13.81	13.24	13.74	3113928	129544336.00
2018/03/09	13.62	14.28	13.54	14.01	3936257	168941104.00
2018/03/12	14.07	14.51	13.82	13.99	3338814	144724944.00
2018/03/13	14.07	14.68	13.95	14.34	3906589	171522560.00
2018/03/14	14.10	14.21	13.39	13.45	3376989	142926960.00
2018/03/15	13.21	13.55	12.51	13.18	2713164	108478624.00
2018/03/16	13.19	13.34	12.81	12.84	1731428	69850680.00
2018/03/19	13.02	13.48	13.02	13.13	1883650	76554472.00
2018/03/20	13.03	13.43	12.77	13.40	1733417	69689040.00
2018/03/21	13.42	13.73	13.10	13.10	1925653	79876360.00
2018/03/22	13.17	13.54	13.04	13.25	1597143	65093252.00
2018/03/23	12.42	12.49	11.89	11.89	2538964	94863304.00
2018/03/26	11.51	12.09	11.01	12.04	1953164	70047624.00
2018/03/27	12.12	12.84	12.05	12.60	2274464	87395496.00
2018/03/28	12.22	12.96	12.22	12.66	2020314	78510656.00
2018/03/29	12.62	13.06	12.51	12.70	1790900	70265632.00
2018/03/30	12.83	13.32	12.79	13.29	2453465	98638904.00
2018/04/02	13.47	13.84	13.18	13.49	2879379	119533184.00
2018/04/03	13.05	13.51	13.05	13.49	1648563	67400824.00
2018/04/04	13.58	13.82	13.27	13.31	1678565	69482152.00
2018/04/09	13.04	13.65	12.90	13.52	1844865	75572960.00
2018/04/10	13.12	13.30	12.28	12.62	2782579	109004848.00
2018/04/11	12.68	13.91	12.68	13.91	3346529	137849824.00
2018/04/12	15.34	15.34	15.34	15.34	2109000	99038640.00
2018/04/13	16.91	16.91	14.68	14.76	10000695	494282624.00
2018/04/16	14.35	14.61	13.49	13.86	5495510	236089936.00
2018/04/17	13.92	14.11	12.86	12.87	4117599	169461600.00
2018/04/18	12.96	13.55	12.62	13.35	3614499	145718800.00
2018/04/19	13.31	13.36	13.03	13.06	2330900	94408128.00
2018/04/20	12.91	13.15	12.57	12.61	1762700	69614936.00
2018/04/23	12.52	12.93	12.52	12.80	1320150	51883244.00
2018/04/24	13.02	14.11	12.95	13.91	5253965	221870512.00
2018/04/25	13.51	14.35	13.35	14.27	5534315	236525280.00
2018/04/26	13.98	14.20	13.54	13.54	2992649	127863208.00
2018/04/27	13.81	13.98	13.54	13.98	2964061	125531184.00
2018/05/02	13.98	14.30	13.03	13.18	2677435	112094200.00
2018/05/03	13.18	13.96	12.75	13.96	2427850	100103136.00
2018/05/04	13.95	14.13	13.70	13.72	2066550	88015872.00
2018/05/07	13.99	14.42	13.99	14.15	3217750	140164736.00
2018/05/08	14.36	14.41	13.98	14.15	2236350	97029536.00
2018/05/09	14.21	14.68	14.08	14.40	3312900	146205408.00
2018/05/10	14.35	14.64	14.16	14.63	2882850	127664968.00
2018/05/11	14.75	15.18	14.18	14.23	2872500	128608824.00
2018/05/14	14.14	14.38	13.79	13.91	1803695	78022048.00
2018/05/15	13.94	14.48	13.94	14.48	1669465	72649624.00
2018/05/16	14.48	14.64	14.26	14.42	1999550	88756152.00
2018/05/17	14.58	14.68	14.32	14.59	1310216	58066056.00
2018/05/18	14.53	14.67	14.27	14.52	1374365	61048628.00
2018/05/21	14.58	15.00	14.52	14.83	1762875	79956248.00
2018/05/22	14.80	15.04	14.75	15.04	1705731	77819536.00
2018/05/23	15.03	15.05	14.62	14.62	1552650	70730968.00
2018/05/24	14.82	15.40	14.82	15.21	2655570	123822232.00
2018/07/25	15.51	16.75	14.22	15.12	10822622	252780992.00
2018/07/26	15.71	16.65	15.71	16.65	14168996	354512896.00
2018/07/27	17.43	17.62	14.97	14.97	15452469	368203744.00
2018/07/30	13.47	13.83	13.45	13.45	5711688	117710048.00
2018/07/31	12.51	12.72	12.08	12.08	7092007	132334624.00
2018/08/01	11.92	12.18	11.64	11.67	4502241	81624280.00
2018/08/02	11.73	11.73	10.53	10.96	4563150	76906768.00
2018/08/03	10.99	11.00	10.37	10.43	3310595	54110032.00
2018/08/06	10.45	10.69	10.32	10.46	2654599	42772556.00
2018/08/07	10.46	10.71	10.23	10.64	3156071	50938528.00
2018/08/08	10.84	11.65	10.71	11.20	6239727	107000120.00
2018/08/09	10.89	11.49	10.79	11.29	4744405	81513824.00
2018/08/10	11.14	11.45	11.05	11.21	3114479	53390504.00
2018/08/13	10.85	11.14	10.66	11.01	2887146	48023044.00
2018/08/14	11.01	12.13	11.01	12.13	8372458	153551536.00
2018/08/15	12.28	13.37	12.00	13.37	16320074	319283264.00
2018/08/16	13.40	14.73	12.80	13.73	19983335	425514944.00
2018/08/17	12.84	13.05	12.33	12.33	11430139	220602992.00
2018/08/20	11.79	11.99	11.17	11.51	9162195	161616992.00
2018/08/21	11.63	12.68	11.51	12.68	11274094	208412992.00
2018/08/22	12.73	12.78	11.71	11.99	10490190	195022768.00
2018/08/23	12.25	12.34	11.87	11.99	7113797	131550568.00
2018/08/24	12.05	12.29	11.69	11.88	7211995	132322288.00
2018/08/27	11.65	12.09	11.52	11.91	5446164	98725728.00
2018/08/28	11.91	12.35	11.85	12.03	5613484	103673704.00
2018/08/29	12.02	12.13	11.69	11.81	3712264	67119888.00
2018/08/30	11.81	11.86	11.05	11.13	4690397	81216416.00
2018/08/31	11.19	11.45	11.17	11.17	3164987	54741684.00
2018/09/03	11.05	11.31	10.60	11.31	3354171	56079040.00
2018/09/04	11.35	11.49	11.12	11.39	3288176	56914252.00
2018/09/05	11.20	11.39	10.85	10.85	3057244	51945480.00
2018/09/06	10.79	11.58	10.65	11.34	5022859	86618408.00
2018/09/07	11.23	11.58	10.99	11.09	3545918	61130712.00
2018/09/10	11.01	11.27	10.82	10.85	2184270	36857320.00
2018/09/11	10.85	11.17	10.77	11.06	1719875	28893500.00
2018/09/12	11.06	11.16	10.89	10.97	1618115	27342800.00
2018/09/13	11.10	11.23	11.03	11.19	2049528	34934428.00
2018/09/14	11.18	11.20	10.78	10.83	2322936	38808300.00
2018/09/17	10.85	10.88	10.39	10.52	1759325	28452630.00
2018/09/18	10.56	10.75	10.31	10.72	1748157	28368222.00
2018/09/19	10.60	10.90	10.58	10.76	1784359	29309492.00
2018/09/20	10.91	11.03	10.67	10.68	1868535	30999132.00
2018/09/21	10.57	10.78	10.45	10.72	1769731	28834164.00
2018/09/25	10.59	10.67	10.47	10.55	1405217	22675498.00
2018/09/26	10.55	10.71	10.50	10.57	1471551	23843482.00
2018/09/27	10.59	10.64	10.20	10.20	1981281	31576074.00
2018/09/28	10.19	10.43	10.19	10.39	1058427	16747029.00
2018/10/08	10.23	10.23	9.33	9.33	2256374	33393930.00
2018/10/09	9.40	9.63	9.27	9.41	1227649	17751546.00
2018/10/10	9.40	9.61	9.34	9.52	1222072	17869890.00
2018/10/11	9.01	9.21	8.55	8.55	2375214	32012188.00
2018/10/12	8.39	8.72	8.05	8.47	2130206	27652538.00
2018/10/15	8.53	9.34	8.53	9.34	4290647	61281140.00
2018/10/16	9.17	9.22	8.69	8.73	6046072	83319672.00
2018/10/17	8.95	9.63	8.81	9.63	4797808	69389160.00
2018/10/18	9.74	10.56	9.68	9.79	11979444	184804192.00
2018/10/19	9.20	10.65	8.94	10.17	10245578	156185296.00
2018/10/22	9.95	10.79	9.95	10.57	9677129	153738976.00
2018/10/23	10.37	10.51	9.99	10.16	6128256	95664512.00
2018/10/24	10.04	10.21	9.63	10.05	4229621	64147100.00
2018/10/25	9.62	9.76	9.40	9.66	3703261	54422408.00
2018/10/26	9.77	9.96	9.38	9.53	3640902	53927948.00
2018/10/29	9.45	9.54	9.19	9.35	2695496	38778336.00
2018/10/30	9.43	9.78	8.89	9.22	3632210	51711968.00
2018/10/31	9.13	9.55	9.13	9.46	3644340	52437020.00
2018/11/01	10.15	10.43	9.92	10.43	11141286	176965920.00
2018/11/02	10.26	11.32	10.12	10.82	14149881	227641648.00
2018/11/05	10.49	10.72	10.35	10.53	8844283	142249200.00
2018/11/06	10.33	10.37	10.00	10.29	5061509	78988456.00
2018/11/07	10.29	10.49	10.13	10.13	4415927	69733080.00
2018/11/08	10.23	10.27	10.01	10.20	3122379	48557176.00
2018/11/09	10.12	10.31	10.07	10.17	2467188	38566700.00
2018/11/12	10.07	10.45	10.03	10.45	4053297	64210300.00
2018/11/13	10.44	10.44	10.08	10.33	5170500	81466928.00
2018/11/14	10.30	10.41	10.17	10.27	3530459	55540560.00
2018/11/15	10.29	10.64	10.22	10.60	5962106	95393472.00
2018/11/16	10.57	10.69	10.40	10.47	4692107	75389888.00
2018/11/19	10.35	10.39	10.09	10.20	3839448	60014652.00
2018/11/20	10.14	10.51	10.05	10.12	3846743	60592580.00
2018/11/21	9.82	9.91	9.52	9.78	3578299	53397060.00
2018/11/22	9.88	9.88	9.71	9.78	1910052	28641086.00
2018/11/23	9.72	9.85	9.12	9.14	3192442	46034460.00
2018/11/26	9.14	9.25	8.97	8.99	1698714	23700100.00
2018/11/27	9.12	9.27	9.05	9.22	1895606	26737146.00
2018/11/28	9.23	9.45	8.99	9.44	2469823	35196192.00
2018/11/29	9.46	9.53	9.00	9.00	2453569	34964432.00
2018/11/30	9.00	9.12	8.69	9.09	2068636	28437326.00
2018/12/03	9.32	9.48	9.32	9.34	2421795	34857872.00
2018/12/04	9.24	9.57	9.24	9.47	2196141	31846108.00
2018/12/05	9.25	9.47	9.19	9.32	1646488	23567556.00
2018/12/06	9.32	9.47	9.22	9.39	1883543	27012220.00
2018/12/07	9.41	9.48	9.28	9.32	1227161	17627788.00
2018/12/10	9.29	9.32	9.05	9.07	1118561	15753327.00
2018/12/11	9.13	9.32	9.13	9.25	1081660	15315599.00
2018/12/12	9.32	9.37	9.14	9.18	989382	13988919.00
2018/12/13	9.47	10.12	9.47	9.79	8570280	130210408.00
2018/12/14	9.41	9.58	9.17	9.22	4757338	68547528.00
2018/12/17	9.02	9.15	8.86	9.01	2905053	40050792.00
2018/12/18	8.87	8.96	8.83	8.92	1602136	21877812.00
2018/12/19	8.92	8.92	8.72	8.73	1592076	21564540.00
2018/12/20	8.69	8.87	8.69	8.75	1266067	17068642.00
2018/12/21	8.72	8.92	8.69	8.81	1505553	20386412.00
2018/12/24	8.93	8.97	8.81	8.96	1593235	21758994.00
2018/12/25	8.83	8.83	8.43	8.78	2162404	28629192.00
2018/12/26	8.79	8.85	8.67	8.71	1399862	18802584.00
2018/12/27	8.80	8.92	8.54	8.54	1760584	23749134.00
2018/12/28	8.63	8.71	8.47	8.49	1011496	13297121.00
2019/01/02	8.58	8.62	8.45	8.45	765324	10017154.00
2019/01/03	8.39	8.64	8.39	8.50	1176371	15450300.00
2019/01/04	8.49	8.95	8.39	8.77	2347794	31400106.00
2019/01/07	8.82	8.89	8.69	8.85	1834268	24871016.00
2019/01/08	8.85	8.85	8.69	8.81	1466551	19792238.00
2019/01/09	8.81	8.95	8.72	8.72	2174828	29553646.00
2019/01/10	8.73	8.81	8.65	8.67	1237064	16583760.00
2019/01/11	8.69	8.77	8.61	8.72	1114094	14891225.00
2019/01/14	8.74	8.81	8.51	8.53	1413901	18655212.00
2019/01/15	8.56	8.71	8.47	8.70	1545202	20486070.00
2019/01/16	8.71	9.59	8.71	9.09	10390400	149624704.00
2019/01/17	8.93	8.93	8.55	8.69	6401270	85615384.00
2019/01/18	8.59	8.64	8.42	8.52	3352064	43832168.00
2019/01/21	8.53	8.69	8.47	8.57	1896008	24965516.00
2019/01/22	8.65	9.45	8.63	8.77	4872629	66499252.00
2019/01/23	8.69	8.75	8.57	8.64	2279265	30271360.00
2019/01/24	8.55	8.93	8.55	8.84	2914934	39201476.00
2019/01/25	8.80	8.81	8.55	8.58	2182165	29122608.00
2019/01/28	8.62	8.80	8.55	8.60	1594292	21186272.00
2019/01/29	8.53	8.53	7.89	8.07	3007316	37742924.00
2019/01/30	7.94	8.11	7.87	7.87	1248483	15349232.00
2019/01/31	7.82	7.91	7.13	7.29	2834929	32669288.00
2019/02/01	7.37	7.51	7.21	7.50	1683992	19269506.00
2019/02/11	7.59	7.76	7.51	7.76	1506804	17781936.00
2019/02/12	7.80	7.89	7.72	7.85	1884582	22683752.00
2019/02/13	7.90	8.37	7.85	8.05	2660024	33124086.00
2019/02/14	8.09	8.32	8.05	8.14	2689247	33901764.00
2019/02/15	8.12	8.28	8.12	8.15	1680945	21197082.00
2019/02/18	8.27	8.65	8.19	8.59	3465953	45203480.00
2019/02/19	8.67	9.47	8.55	8.97	8268072	114494144.00
2019/02/20	8.86	8.95	8.63	8.73	4199632	56444732.00
2019/02/21	8.69	8.98	8.63	8.66	4149588	56285896.00
2019/02/22	8.71	9.04	8.63	9.04	4686026	63871496.00
2019/02/25	9.52	9.97	9.22	9.97	12854791	192218176.00
2019/02/26	9.87	9.91	9.49	9.56	9728833	144959936.00
2019/02/27	9.57	9.75	9.33	9.43	6236361	91271856.00
2019/02/28	9.35	9.55	9.24	9.30	3704419	53174144.00
2019/03/01	9.38	9.67	9.29	9.55	4957165	72178120.00
2019/03/04	9.71	10.04	9.59	9.69	7469083	111954872.00
2019/03/05	9.55	10.10	9.54	10.07	7535121	113607072.00
2019/03/06	10.11	10.52	9.92	10.44	8491489	133223320.00
2019/03/07	10.27	10.75	10.12	10.58	8003129	127429824.00
2019/03/08	10.19	10.55	9.63	9.66	7219406	111831872.00
2019/03/11	9.87	10.45	9.87	10.37	6722344	105284960.00
2019/03/12	10.49	11.05	10.43	10.69	8894891	145942848.00
2019/03/13	10.72	11.45	10.47	10.63	8251291	138717984.00
2019/03/14	10.95	10.97	9.59	10.01	6794104	106246304.00
2019/03/15	10.24	10.29	9.71	9.99	4088361	62878968.00
2019/03/18	9.94	10.21	9.85	10.15	4203233	64603060.00
2019/03/19	10.15	10.28	9.98	10.23	4365013	67749464.00
2019/03/20	10.29	10.31	9.71	10.03	4477324	68457112.00
2019/03/21	10.08	10.41	9.97	10.19	5514106	86331896.00
2019/03/22	10.13	10.22	9.85	9.99	3851945	59053276.00
2019/03/25	9.75	10.49	9.68	9.99	4429649	68351952.00
2019/03/26	9.99	10.62	9.90	10.08	7654669	121119568.00
2019/03/27	10.25	10.27	9.45	9.78	4974389	74782920.00
2019/03/28	9.71	9.91	9.53	9.64	3652761	54614360.00
2019/03/29	9.59	9.97	9.38	9.89	4354509	64954136.00
2019/04/01	10.35	10.90	10.32	10.90	6659169	108147584.00
2019/04/02	11.65	12.01	11.33	12.01	17380258	312531072.00
2019/04/03	11.82	11.85	11.40	11.55	10881256	193174944.00
2019/04/04	11.55	12.73	11.31	12.73	13779268	254144864.00
2019/04/08	12.68	13.73	12.15	12.87	14837648	291652640.00
2019/04/23	12.45	12.45	11.57	11.57	8366863	150208272.00
2019/04/24	11.25	11.25	10.67	10.99	7282904	121800048.00
2019/04/25	10.88	11.48	10.39	10.41	6069429	101749864.00
2019/04/26	10.65	11.47	10.51	11.47	5744502	98809160.00
2019/04/29	11.78	11.99	10.82	10.93	8031128	139586896.00
2019/04/30	10.92	12.04	10.92	12.04	6303705	114264472.00
2019/05/06	11.45	13.24	11.32	12.55	16065270	304690144.00
2019/05/07	12.04	13.83	12.03	13.83	15533493	313557760.00
2019/05/08	13.29	15.24	12.91	12.99	19108262	410335552.00
2019/05/09	12.24	12.63	11.67	11.67	14017984	259571280.00
2019/05/10	11.92	12.85	11.80	12.85	14759451	279791456.00
2019/05/13	12.81	13.87	12.71	13.50	15806064	321780416.00
2019/05/14	13.45	14.75	13.19	14.07	15895366	338075072.00
2019/05/15	14.00	14.41	13.77	13.93	12688281	270926240.00
2019/05/16	14.06	14.12	13.12	13.41	10917277	224218608.00
2019/05/17	13.56	13.89	12.45	12.75	10473386	209274496.00
2019/05/20	12.90	12.97	11.65	12.53	7063352	132485568.00
2019/05/21	12.45	13.01	12.27	12.53	7263051	140035744.00
2019/05/22	12.71	13.80	12.59	13.80	12763950	258653424.00
2019/05/23	13.79	14.92	13.48	13.74	18172602	391973440.00
2019/05/24	13.12	14.92	12.83	14.53	15791547	338326624.00
2019/05/27	14.37	16.00	13.98	16.00	19579605	449012256.00
2019/05/28	16.00	16.95	15.22	15.55	23593540	571045056.00
2019/05/29	14.95	16.10	14.76	15.14	26135584	406889472.00
2019/05/30	14.76	14.86	13.62	14.44	20533021	294506368.00
2019/05/31	14.33	15.13	14.16	14.70	18041122	267648112.00
2019/06/03	14.62	14.85	13.22	13.36	17673262	247654320.00
2019/06/04	13.57	14.70	13.52	14.70	21740716	310656000.00
2019/06/05	15.12	15.72	14.57	14.75	30287982	461780960.00
2019/06/06	14.36	16.20	14.36	15.38	29088954	448301088.00
2019/06/10	14.92	15.60	14.22	15.20	21289448	320078304.00
2019/06/11	15.07	16.17	14.53	15.76	26975040	419946688.00
2019/06/12	15.42	16.11	15.17	15.29	22152142	347554016.00
2019/06/13	15.05	15.32	14.54	15.09	14082813	211420592.00
2019/06/14	15.08	15.10	14.14	14.31	13329583	194669648.00
2019/06/17	14.05	14.59	14.05	14.40	7540626	108554792.00
2019/06/18	14.40	15.85	14.13	15.85	20049948	304073408.00
2019/06/19	17.44	17.44	17.23	17.44	21581642	378025824.00
2019/06/20	17.02	18.71	16.09	16.44	46106965	796875072.00
2019/06/21	17.26	18.09	16.53	18.09	33752363	592953984.00
2019/06/24	19.32	19.42	16.92	17.18	40707986	739716928.00
2019/06/25	16.32	16.94	15.97	16.73	18610574	306169120.00
2019/06/26	16.46	17.92	16.28	17.42	23656522	413024192.00
2019/06/27	17.72	17.87	16.62	16.98	19875546	341024416.00
2019/06/28	16.32	16.62	16.03	16.39	12931884	212127920.00
2019/07/01	16.80	16.91	16.39	16.60	14245990	238313040.00
2019/07/02	16.32	17.82	16.15	17.26	20932416	361553280.00
2019/07/03	16.92	17.21	16.48	16.89	11681821	197132816.00
2019/07/04	16.87	17.07	16.30	16.64	8377289	139582832.00
2019/07/05	16.72	17.41	16.43	17.19	11376068	193430176.00
2019/07/08	17.32	18.42	17.04	17.19	25147913	446196128.00
2019/07/09	16.72	17.77	16.52	16.93	16078113	276212704.00
2019/07/10	16.37	16.73	16.02	16.34	13963879	229172192.00
2019/07/11	16.32	16.54	14.70	14.71	18752393	292002976.00
2019/07/12	14.63	14.90	13.72	14.07	15307872	219523024.00
2019/07/15	14.29	15.45	14.23	15.06	14471574	215338784.00
2019/07/16	15.43	15.54	14.93	14.97	10033341	152765040.00
2019/07/17	15.32	15.37	14.63	14.89	10588782	159706816.00
2019/07/18	14.89	14.97	14.13	14.44	10007022	145418928.00
2019/07/19	14.45	14.87	14.13	14.21	8762468	127577256.00
2019/07/22	14.49	14.50	13.57	13.77	8018658	112087496.00
2019/07/23	13.74	13.99	13.52	13.91	6908289	95782272.00
2019/07/24	13.86	14.30	13.80	13.92	8232619	116329936.00
2019/07/25	13.95	13.97	13.58	13.81	5671641	78850912.00
2019/07/26	13.81	14.12	13.80	13.96	6289056	88372968.00
2019/07/29	13.92	13.92	13.57	13.66	5263219	72504976.00
2019/07/30	13.69	13.99	13.66	13.76	5860854	81610448.00
2019/07/31	13.71	13.83	13.49	13.54	4892303	67157696.00
2019/08/01	13.42	13.42	12.85	12.99	9307307	122014136.00
2019/08/02	12.68	12.88	12.47	12.81	6864856	87652968.00
2019/08/05	12.95	13.25	12.84	12.86	6745897	88550824.00
2019/08/06	12.57	12.80	11.74	12.65	8068570	100431400.00
2019/08/07	12.92	12.96	12.19	12.19	6229125	78011920.00
2019/08/08	12.19	13.42	12.19	13.42	5004317	66955356.00
2019/08/09	13.92	14.77	13.55	14.25	29018707	415672320.00
2019/08/12	13.89	14.21	13.42	14.18	17971442	250265264.00
2019/08/13	13.70	14.47	13.61	14.35	15302674	215778704.00
2019/08/14	14.52	14.84	14.13	14.26	15050590	218343024.00
2019/08/15	13.50	14.47	13.49	14.32	10978452	155305776.00
2019/08/16	14.18	14.41	13.97	13.99	10017661	142333872.00
2019/08/19	14.38	14.77	14.08	14.69	15316627	223280800.00
2019/08/20	14.69	14.90	14.25	14.35	12968847	189553392.00
2019/08/21	14.38	14.67	14.26	14.45	9943698	144614336.00
2019/08/22	15.22	15.79	14.61	14.82	18947437	287945792.00
2019/08/23	15.22	15.72	15.00	15.08	17835764	273981600.00
2019/08/26	14.30	14.52	14.03	14.16	12226945	175460928.00
2019/08/27	14.27	14.55	14.13	14.39	8384646	121042184.00
2019/08/28	14.29	14.52	14.10	14.24	6706765	96451768.00
2019/08/29	14.30	14.67	14.12	14.51	9717229	141408736.00
2019/08/30	14.68	14.72	13.72	13.74	10145829	144564592.00
2019/09/02	13.62	14.27	13.57	14.17	7468798	105320680.00
2019/09/03	14.28	14.76	14.13	14.62	11829166	172958928.00
2019/09/04	14.47	14.60	14.26	14.44	8864000	128305856.00
2019/09/05	14.50	15.89	14.49	15.89	30067535	471295328.00
2019/09/06	15.92	16.06	15.40	15.70	22575720	356578080.00
2019/09/09	15.92	16.67	15.71	16.31	24574709	398281888.00
2019/09/10	16.10	17.38	15.93	16.95	23975303	398475168.00
2019/09/11	16.73	16.80	16.23	16.26	14360297	238724192.00
2019/09/12	16.42	16.66	16.07	16.63	11773189	194521648.00
2019/09/16	16.63	17.30	16.45	17.05	20255826	346640768.00
2019/09/17	16.80	16.82	16.33	16.62	11760207	195854368.00
2019/09/18	16.71	16.82	16.36	16.63	8893207	148246992.00
2019/09/19	16.62	16.64	16.00	16.42	8102742	132663344.00
2019/09/20	16.20	16.52	15.93	15.95	7920906	128860968.00
2019/09/23	15.97	16.37	15.63	16.31	7785218	126209688.00
2019/09/24	16.12	17.27	16.03	16.86	20125579	339775392.00
2019/09/25	16.55	17.31	16.40	16.77	16345821	276850112.00
2019/09/26	16.99	16.99	15.09	15.09	14724694	233542208.00
2019/09/27	14.95	15.57	14.87	15.18	6100672	93805576.00
2019/09/30	14.99	15.72	14.99	15.24	5876484	91262800.00
2019/10/08	15.34	15.86	15.24	15.69	6265495	98344016.00
2019/10/09	15.56	15.62	15.16	15.56	5705055	88426712.00
2019/10/10	15.43	15.87	15.43	15.74	7036338	110920200.00
2019/10/11	15.82	15.86	15.28	15.36	6926251	108073064.00
2019/10/14	16.90	16.90	16.43	16.90	9668955	164003504.00
2019/10/15	17.79	18.60	16.61	16.78	34416853	610052928.00
2019/10/16	16.22	16.28	15.39	15.53	22107815	350299648.00
2019/10/17	15.53	15.66	15.13	15.20	10168562	157067408.00
2019/10/18	15.26	15.54	15.02	15.17	8270173	127123984.00
2019/10/21	15.42	15.76	15.27	15.62	9412872	146874352.00
2019/10/22	15.60	15.84	15.43	15.74	8251602	129960656.00
2019/10/23	15.62	15.74	15.22	15.30	7235861	112251456.00
2019/10/24	15.13	15.37	14.20	14.59	10140757	149786784.00
2019/10/28	16.06	16.06	14.49	16.06	22456206	360294208.00
2019/10/29	15.92	17.10	15.53	15.87	31027569	510078752.00
2019/10/30	15.08	15.22	14.28	14.47	18815925	277781248.00
2019/10/31	14.31	14.47	13.31	13.52	12612199	175597328.00
2019/11/01	13.52	13.72	13.28	13.62	6116771	83586928.00
2019/11/04	13.66	13.98	13.53	13.61	5689548	78787232.00
2019/11/05	13.75	13.88	13.58	13.72	4624009	63830544.00
2019/11/06	13.67	13.72	13.07	13.36	6413659	86167064.00
2019/11/07	13.45	13.79	13.28	13.64	6040479	82415856.00
2019/11/08	13.75	13.79	13.38	13.41	4820375	65914752.00
2019/11/11	13.27	13.69	13.14	13.45	4681512	63079092.00
2019/11/12	13.28	13.45	12.98	13.30	4335292	57327728.00
2019/11/13	13.22	13.32	12.90	12.99	3461432	45542984.00
2019/11/14	12.64	13.20	12.62	13.01	4471573	58454464.00
2019/11/15	13.15	13.39	12.83	12.83	5066200	66824648.00
2019/11/18	12.82	13.98	12.82	13.64	10592150	144279216.00
2019/11/19	13.57	13.77	13.47	13.67	6729454	92246136.00
2019/11/20	13.66	13.76	13.46	13.53	4738250	64750716.00
2019/11/21	13.65	13.72	13.48	13.72	4400784	60075444.00
2019/11/22	13.63	13.71	13.25	13.46	5016925	68013536.00
2019/11/25	13.45	13.45	12.89	12.97	4545567	59432244.00
2019/11/26	13.10	13.19	12.93	12.93	2408310	31520966.00
2019/11/27	12.82	13.06	12.77	12.96	2111956	27544218.00
2019/11/28	12.95	13.07	12.82	12.82	2044529	26592968.00
2019/11/29	12.92	13.07	12.82	13.01	2577885	33643240.00
2019/12/02	13.08	13.35	13.01	13.21	3246375	43041636.00
2019/12/03	12.90	13.11	12.69	13.08	3357661	43473964.00
2019/12/04	12.93	13.12	12.93	13.00	2294904	30046214.00
2019/12/05	13.03	13.27	13.02	13.24	4006389	53040136.00
2019/12/06	13.23	13.49	13.10	13.45	4003540	53661120.00
2019/12/09	13.41	13.86	13.38	13.82	6391505	87876120.00
2019/12/10	13.60	13.82	13.37	13.72	6067538	83018792.00
2019/12/11	13.64	13.96	13.62	13.63	5776940	80110376.00
2019/12/12	13.65	14.20	13.49	13.91	7323351	101891776.00
2019/12/13	14.89	15.31	14.89	15.31	6807951	104620128.00
2019/12/16	16.62	16.66	15.46	15.81	30552894	490517632.00
2019/12/17	15.72	17.40	15.72	17.40	31904042	542441600.00
2019/12/18	16.45	18.00	16.40	17.93	33140495	566500992.00
2019/12/19	17.42	17.87	16.67	16.71	21240744	368093824.00
2019/12/20	16.80	17.38	16.45	16.67	15798659	269015776.00
2019/12/23	16.40	16.68	15.84	16.30	10047094	164392096.00
2019/12/24	16.42	16.60	16.07	16.47	9493029	155910320.00
2019/12/25	16.32	16.39	15.78	16.06	10107869	163733504.00
2019/12/26	16.01	16.28	15.34	15.85	16119817	255247072.00
2019/12/27	15.83	16.17	15.40	15.41	11614141	184434272.00
2019/12/30	15.31	15.48	14.60	15.42	11867310	180383152.00
2019/12/31	15.40	15.55	15.25	15.45	7477434	115859064.00
2020/01/02	15.67	15.87	15.57	15.77	10099812	159744768.00
2020/01/03	15.72	16.57	15.53	16.35	16162946	260581744.00
2020/01/06	15.91	16.49	15.90	16.05	12611057	204556192.00
2020/01/07	16.01	16.46	16.01	16.46	12193447	199653424.00
2020/01/08	16.27	16.36	15.56	15.60	11253298	180592528.00
2020/01/09	15.86	17.12	15.72	16.71	20688845	345244384.00
2020/01/10	16.72	16.73	16.15	16.46	13457165	222091168.00
2020/01/13	16.42	16.67	16.16	16.63	8872958	146438176.00
2020/01/14	16.77	16.79	16.10	16.18	9144446	150142704.00
2020/01/15	16.11	16.48	15.78	16.37	8559993	139241712.00
2020/01/16	16.37	16.39	15.96	15.98	5702463	92186008.00
2020/01/17	16.06	16.26	15.82	15.91	4780639	77171592.00
2020/01/20	16.13	16.65	15.84	16.56	9508640	156510992.00
2020/01/21	16.64	16.64	15.99	16.00	8218009	134944272.00
2020/01/22	16.13	16.77	15.82	16.47	11966854	197523984.00
2020/01/23	16.42	16.42	14.89	15.01	12700041	198946512.00
2020/02/03	13.50	13.50	13.50	13.50	677000	9193660.00
2020/02/04	12.14	13.12	12.14	12.78	11679040	149182224.00
2020/02/05	12.82	13.48	12.73	13.17	8727791	115738184.00
2020/02/06	13.32	13.59	13.17	13.46	7614684	102400384.00
2020/02/07	13.32	14.02	13.25	13.85	8267441	113769928.00
2020/02/10	13.71	14.26	13.70	14.00	6466163	90966024.00
2020/02/11	14.00	14.00	13.66	13.73	5454894	75787608.00
2020/02/12	13.82	14.12	13.64	14.07	6730485	93991472.00
2020/02/13	14.17	14.46	13.72	13.89	7130469	100934680.00
2020/02/14	13.72	14.27	13.72	13.99	6004833	84660504.00
2020/02/17	14.07	14.62	14.03	14.62	9142034	132913456.00
2020/02/18	14.72	15.07	14.51	14.95	9493802	141097264.00
2020/02/19	14.82	15.42	14.82	14.92	9983230	151449104.00
2020/02/20	15.02	15.80	14.63	15.65	14637508	225074944.00
2020/02/21	15.54	16.27	15.47	15.81	16164958	258173664.00
2020/02/24	15.81	16.40	15.81	16.19	13322791	215865024.00
2020/02/25	15.58	16.24	15.13	16.04	14826630	236204864.00
2020/02/26	15.78	15.97	15.31	15.41	9435195	148510096.00
2020/02/27	15.64	15.97	15.16	15.70	8919487	140332064.00
2020/02/28	15.12	15.28	14.21	14.28	9818000	146067296.00
2020/03/02	14.43	15.66	14.43	15.45	8655118	131799840.00
2020/03/03	15.80	16.07	15.35	15.78	9912544	156749936.00
2020/03/04	15.72	16.07	15.43	15.87	8822733	139935744.00
2020/03/05	16.18	16.29	15.64	15.88	7938427	126748696.00
2020/03/06	15.69	15.92	15.45	15.66	5709041	90076384.00
2020/03/09	15.55	15.62	14.62	14.69	8230008	124505320.00
2020/03/10	14.55	15.19	14.19	15.19	6695655	99326840.00
2020/03/11	15.37	16.72	15.22	15.97	23184942	378920352.00
2020/03/12	15.47	16.20	15.12	15.62	14957611	234069248.00
2020/03/13	15.48	17.04	15.07	16.64	24301169	401890976.00
2020/03/16	16.41	17.17	16.12	16.80	26089498	437801408.00
2020/03/17	17.00	17.20	15.18	16.07	17927781	288210528.00
2020/03/18	16.26	17.69	15.76	16.91	25708795	432241152.00
2020/03/19	16.56	17.70	16.03	17.32	23028096	390477472.00
2020/03/20	17.08	18.74	16.94	17.94	27032510	488708736.00
2020/03/23	17.22	17.82	16.52	16.92	17320469	298870624.00
2020/03/24	17.38	18.62	17.18	18.62	29310995	535269376.00
2020/03/25	18.93	18.93	17.77	18.08	23935293	436862784.00
2020/03/26	17.62	18.04	16.37	16.73	20302429	348796224.00
2020/03/27	16.89	17.06	15.82	15.92	12855914	210750912.00
2020/03/30	15.61	15.61	14.63	14.92	10586339	160056640.00
2020/03/31	15.07	15.37	14.55	15.32	9110134	136967104.00
2020/04/01	15.14	15.51	14.63	14.65	7579251	114775224.00
2020/04/02	14.37	15.05	14.17	14.97	7116038	104640920.00
2020/04/03	14.89	14.89	14.39	14.42	6042391	88608488.00
2020/04/07	14.71	15.53	14.71	15.33	10004378	152581984.00
2020/04/08	15.31	15.42	15.07	15.13	7423769	113486608.00
2020/04/09	15.23	15.44	15.13	15.29	7720309	118723464.00
2020/04/10	15.27	15.27	14.36	14.44	8668388	128108832.00
2020/04/13	14.29	14.39	13.92	14.03	4157613	58909772.00
2020/04/14	14.12	14.37	14.03	14.34	3479848	49775064.00
2020/04/15	14.51	14.67	14.09	14.16	4304873	62166480.00
2020/04/16	14.22	15.22	14.06	14.95	9153016	135184384.00
2020/04/17	14.93	15.22	14.71	14.73	7731559	116221288.00
2020/04/20	14.71	15.30	14.46	15.30	7897238	119563672.00
2020/04/21	15.06	16.10	15.02	15.80	10542122	164221536.00
2020/04/22	15.62	15.89	15.39	15.72	7041970	110837480.00
2020/04/23	15.75	15.90	15.31	15.52	7036394	110257592.00
2020/04/24	15.42	15.69	15.03	15.07	5332822	82072376.00
2020/04/27	15.21	15.32	14.93	14.97	3429510	52027852.00
2020/04/28	15.08	15.08	13.56	14.29	5991462	85781240.00
2020/04/29	14.12	14.37	13.99	14.03	3267746	46602720.00
2020/04/30	14.21	14.77	14.09	14.53	3810552	55548396.00
2020/05/06	14.46	15.07	14.34	14.93	4695012	69791960.00
2020/05/07	15.09	15.09	14.78	14.83	3744349	56175332.00
2020/05/08	15.07	15.32	15.00	15.16	5464649	83408488.00
2020/05/11	15.27	15.48	15.13	15.35	4534381	69776552.00
2020/05/12	15.35	15.38	14.95	15.27	3789807	57698584.00
2020/05/13	14.96	15.43	14.96	15.26	3604897	55407972.00
2020/05/14	15.20	15.60	15.09	15.17	5353941	82763872.00
2020/05/15	16.31	16.31	15.48	15.64	11934867	189786160.00
2020/05/18	15.72	15.74	15.10	15.14	6014726	93212848.00
2020/05/19	15.32	15.56	15.17	15.50	4890040	75854872.00
2020/05/20	15.52	15.77	15.25	15.68	5573722	87093528.00
2020/05/21	15.68	15.89	15.53	15.77	5641691	89107768.00
2020/05/22	15.70	15.70	14.67	15.03	5767893	87773328.00
2020/05/25	15.03	15.20	14.45	14.45	3403801	50402488.00
2020/05/26	14.45	14.71	14.42	14.65	3490852	51096512.00
2020/05/27	14.52	14.62	14.18	14.57	3034565	43945656.00
2020/05/28	14.52	14.73	14.23	14.72	2549052	37209924.00
2020/05/29	14.56	14.88	14.55	14.65	2975472	43848068.00
2020/06/01	14.67	15.25	14.67	15.16	4576420	68956112.00
2020/06/02	15.20	15.45	15.05	15.33	4136495	63331384.00
2020/06/03	15.33	15.67	15.22	15.34	4307963	66497732.00
2020/06/04	15.38	15.59	15.23	15.51	3856407	59630680.00
2020/06/05	15.44	15.67	15.40	15.52	3834950	59512508.00
2020/06/08	15.68	15.75	15.26	15.36	3430650	52951388.00
2020/06/09	15.40	15.52	15.11	15.22	2990234	45517060.00
2020/06/10	15.27	15.34	14.75	14.83	3655052	54689560.00
2020/06/11	14.82	15.05	14.77	14.84	2422553	36097076.00
2020/06/12	14.58	14.90	14.42	14.83	2417132	35506828.00
2020/06/15	14.83	15.07	14.73	14.83	2319558	34612060.00
2020/06/16	15.00	15.16	14.85	15.16	4109098	61658588.00
2020/06/17	15.28	15.30	14.90	15.19	3385500	50982092.00
2020/06/18	15.12	15.22	14.92	14.97	3135494	47185128.00
2020/06/19	15.29	16.36	15.29	15.65	9782598	152908560.00
2020/06/22	15.65	16.23	15.51	16.02	10425717	166325152.00
2020/06/23	15.88	16.66	15.70	16.49	13282778	215048624.00
2020/06/24	16.31	16.50	16.02	16.17	6786219	109799008.00
2020/07/13	17.79	17.79	17.79	17.79	181016	3220274.75
2020/07/14	19.57	19.57	19.57	19.57	340700	6667499.00
2020/07/15	21.53	21.53	20.57	21.53	23136250	494376704.00
2020/07/16	22.80	23.68	22.65	23.68	29727237	699488192.00
2020/07/17	23.00	23.00	21.31	21.31	16819601	364977760.00
2020/07/20	20.58	20.58	19.18	19.34	35241673	686984064.00
2020/07/21	19.37	20.05	18.86	19.97	26624977	516570720.00
2020/07/22	19.30	20.80	19.10	19.88	24217911	481034432.00
2020/07/23	19.24	19.54	18.61	19.30	18076799	345624160.00
2020/07/24	19.61	19.98	18.70	18.75	15596410	301131200.00
数据来源:通达信
