300664 鹏鹞环保 日线 前复权
      日期	    开盘	    最高	    最低	    收盘	    成交量	    成交额
2018/01/05	7.01	8.43	7.01	8.43	30200	384852.00
2018/01/08	9.28	9.28	9.28	9.28	7447	104779.29
2018/01/09	10.22	10.22	10.22	10.22	6766	104737.68
2018/01/10	11.25	11.25	11.25	11.25	14729	250834.88
2018/01/11	12.39	12.39	12.39	12.39	47366	887165.19
2018/01/12	13.63	13.63	13.63	13.63	77058	1587394.75
2018/01/15	15.01	15.01	15.01	15.01	268318	6080086.00
2018/01/16	16.52	16.52	15.91	16.52	18974494	466881024.00
2018/01/17	17.23	18.17	16.63	17.23	44554947	1173127168.00
2018/01/18	16.18	16.75	15.63	15.65	29274405	711967488.00
2018/01/19	15.09	15.85	14.97	15.19	20497624	474453184.00
2018/01/22	15.21	16.52	15.21	15.72	24562712	590415296.00
2018/01/23	14.65	15.37	14.65	15.15	19356084	437737184.00
2018/01/24	15.37	16.43	15.24	15.45	20139064	478383872.00
2018/01/25	16.23	17.01	16.23	17.01	18949402	478913792.00
2018/01/26	15.77	16.76	15.47	16.70	30286933	746700928.00
2018/01/29	16.47	17.69	16.29	16.93	26484218	678516864.00
2018/01/30	17.47	17.81	15.83	15.90	25927260	656590144.00
2018/01/31	14.71	14.97	14.30	14.30	24006419	527767840.00
2018/02/01	14.30	14.57	13.98	14.39	13445604	291168064.00
2018/02/02	14.15	14.15	13.14	13.40	12675547	260459472.00
2018/02/05	13.02	13.29	12.30	12.55	10004358	194971200.00
2018/02/06	12.09	12.37	11.63	11.67	11253252	204188320.00
2018/02/07	12.03	12.23	11.26	11.97	12407590	223355840.00
2018/02/08	11.87	12.43	11.77	12.20	9741343	178932560.00
2018/02/09	11.60	11.95	11.30	11.35	9357608	164478816.00
2018/02/12	11.57	12.10	11.50	11.89	8376827	149771216.00
2018/02/13	11.73	12.05	11.53	11.53	7842466	139751392.00
2018/02/14	11.56	11.75	11.29	11.35	4836974	83837760.00
2018/02/22	11.53	11.95	11.38	11.90	6557255	116074064.00
2018/02/23	11.84	12.23	11.72	12.11	9725702	177180048.00
2018/02/26	12.51	12.94	12.27	12.69	12316522	235167440.00
2018/02/27	12.65	13.43	12.50	12.86	14617631	285612544.00
2018/02/28	12.52	12.67	12.23	12.30	10328076	194293040.00
2018/03/01	12.06	12.55	11.82	12.51	7923235	147130560.00
2018/03/02	12.34	12.57	12.15	12.15	6273221	116733512.00
2018/03/05	12.36	13.37	12.21	13.13	19257211	380280032.00
2018/03/06	12.93	13.41	12.77	13.13	14526346	286637824.00
2018/03/07	13.05	13.23	12.92	13.05	8271768	163102064.00
2018/03/08	13.07	13.61	12.99	13.50	16235543	326742720.00
2018/03/09	13.55	13.89	13.31	13.63	15044890	307619616.00
2018/03/12	13.67	14.13	13.51	13.66	13738693	285962528.00
2018/03/13	13.56	13.83	13.08	13.10	11300135	228547552.00
2018/03/14	13.10	13.57	12.99	13.31	8850177	177906384.00
2018/03/15	12.91	13.03	11.98	12.30	11622812	219408528.00
2018/03/16	12.27	12.47	12.15	12.17	5420139	100983544.00
2018/03/19	12.17	13.39	12.16	13.39	11083710	219100608.00
2018/03/20	13.75	13.83	13.29	13.43	22066973	452763936.00
2018/03/21	13.51	13.88	13.10	13.27	15656164	319586080.00
2018/03/22	13.09	13.67	12.97	13.65	12566391	253308256.00
2018/03/23	13.15	13.50	12.28	12.29	12131142	235564448.00
2018/03/26	11.71	12.43	11.30	12.38	7984926	144136400.00
2018/03/27	12.65	13.14	12.47	12.81	9385802	182324384.00
2018/03/28	12.43	14.11	12.32	14.11	12627569	261449712.00
2018/03/29	15.03	15.23	13.97	14.03	32473324	719687040.00
2018/03/30	13.77	14.30	13.60	14.11	17146842	363184992.00
2018/04/02	13.90	14.39	13.80	13.99	14572712	309597408.00
2018/04/03	13.76	14.97	13.47	14.41	20143337	436822464.00
2018/04/04	14.41	15.09	14.05	14.21	17182973	375449600.00
2018/04/09	14.10	14.43	13.91	14.14	11539343	247024880.00
2018/04/10	14.29	15.50	14.07	14.93	22564984	497877824.00
2018/04/11	14.57	14.89	14.50	14.69	15119744	334739232.00
2018/04/12	14.59	14.81	14.02	14.10	12516575	271809120.00
2018/04/13	14.12	14.41	13.91	13.95	7080794	151479360.00
2018/04/16	13.83	14.17	13.69	14.01	6613282	139249744.00
2018/04/17	13.97	14.16	13.01	13.13	8600900	175673440.00
2018/04/18	13.29	13.47	12.86	13.33	5996339	119330632.00
2018/04/19	13.34	14.31	13.25	13.70	9402848	195353040.00
2018/04/20	13.55	13.87	12.63	12.83	8097095	163285792.00
2018/04/23	12.83	12.96	12.58	12.84	4450671	85614384.00
2018/04/24	12.89	13.35	12.83	13.29	5319937	105817936.00
2018/04/25	13.13	14.01	13.08	14.00	11682658	240104736.00
2018/04/26	13.77	13.82	13.04	13.05	8607298	174883856.00
2018/04/27	12.95	14.22	12.94	13.47	12479897	259100080.00
2018/05/02	13.60	14.27	13.53	13.73	11131891	233230768.00
2018/05/03	13.61	14.63	13.60	14.44	19012416	407913216.00
2018/05/04	14.23	14.49	13.91	14.13	12605078	269113824.00
2018/05/07	14.27	14.71	14.10	14.50	13420659	292546176.00
2018/05/08	14.61	15.16	14.23	14.27	14156171	310830016.00
2018/05/09	14.10	15.03	14.04	14.70	18675103	411403904.00
2018/05/10	14.62	14.74	14.23	14.34	11336233	246870848.00
2018/05/11	14.20	14.34	13.70	13.75	9521587	200305776.00
2018/05/14	13.77	14.09	13.63	13.89	5847659	122432720.00
2018/05/15	13.83	14.54	13.83	14.54	13325077	287296736.00
2018/05/16	14.50	14.51	14.15	14.41	9452472	204553376.00
2018/05/17	14.44	14.99	14.31	14.67	18793671	416907424.00
2018/05/18	14.60	16.15	14.41	15.33	27409988	632919936.00
2018/05/21	15.90	16.88	15.77	16.88	18480037	459445344.00
2018/05/22	17.90	18.58	17.57	18.58	11689681	320078560.00
2018/05/23	19.49	19.79	16.71	16.91	44180433	1188586112.00
2018/05/24	16.37	16.50	15.84	16.13	23775621	580620160.00
2018/05/25	15.97	16.40	15.82	16.10	18392370	448281504.00
2018/05/28	15.96	15.97	15.17	15.33	14707087	343953760.00
2018/05/29	15.38	15.77	15.14	15.22	11431411	266888048.00
2018/05/30	14.91	14.91	13.69	13.78	15442785	333916832.00
2018/05/31	14.07	14.32	13.70	14.14	11133178	236357520.00
2018/06/01	13.93	14.34	13.57	13.87	8684991	183429520.00
2018/06/04	14.03	14.45	13.98	14.30	9478874	203938784.00
2018/06/05	14.31	14.67	14.19	14.62	10079636	219923600.00
2018/06/06	14.65	14.87	14.31	14.82	11413627	251727744.00
2018/06/07	14.76	14.91	14.38	14.51	7690047	169666016.00
2018/06/08	14.35	14.49	14.00	14.43	7113369	153094000.00
2018/06/11	14.30	14.61	14.13	14.45	5966471	129847488.00
2018/06/12	14.71	15.30	14.71	15.09	15269317	345892608.00
2018/06/13	15.14	15.51	14.77	15.15	14048988	319987200.00
2018/06/14	15.43	15.73	14.85	14.89	13401768	308793376.00
2018/06/15	14.50	14.63	13.49	13.57	11957687	253555616.00
2018/06/19	13.08	13.08	12.21	12.21	8270464	157037152.00
2018/06/20	11.83	12.63	11.83	12.42	6309032	117791568.00
2018/06/21	12.30	12.53	11.53	11.57	6580067	119700776.00
2018/06/22	11.53	12.05	11.38	11.88	4502549	79992024.00
2018/06/25	12.19	12.32	11.91	11.97	4658715	85123488.00
2018/06/26	11.63	12.24	11.60	12.20	4330297	78709600.00
2018/06/27	12.26	12.39	12.08	12.31	4467234	82448296.00
2018/06/28	12.22	12.47	12.17	12.17	4345422	80605280.00
2018/06/29	12.15	12.67	12.15	12.57	6401587	120176368.00
2018/07/02	12.50	12.68	12.17	12.35	5570369	104746944.00
2018/07/03	12.40	12.63	12.19	12.63	5731069	107862408.00
2018/07/04	12.57	13.09	12.17	12.25	7203258	137333328.00
2018/07/05	11.95	12.17	11.60	11.62	5959502	106703592.00
2018/07/06	11.60	11.90	11.27	11.63	4586274	80775448.00
2018/07/09	11.77	12.19	11.77	12.13	4897166	88237384.00
2018/07/10	12.13	12.38	12.04	12.36	5632705	103640680.00
2018/07/11	12.01	12.13	11.53	11.82	5367799	95842280.00
2018/07/12	11.82	12.42	11.82	12.29	6926470	127740680.00
2018/07/13	12.34	12.45	12.09	12.18	4853900	89554320.00
2018/07/16	11.97	12.17	11.84	12.09	3790800	68618368.00
2018/07/17	12.01	12.19	11.94	12.19	3537859	64465260.00
2018/07/18	12.15	12.57	12.14	12.14	6240127	116267296.00
2018/07/19	11.97	12.03	11.69	11.70	4518500	80728152.00
2018/07/20	11.68	11.87	11.58	11.78	2780292	49267512.00
2018/07/23	11.73	11.89	11.68	11.86	2493225	44376256.00
2018/07/24	11.93	12.23	11.91	12.07	4355438	79319056.00
2018/07/25	12.19	12.33	11.95	12.01	3934579	71953336.00
2018/07/26	12.07	12.12	11.85	11.91	3087910	55562824.00
2018/07/27	12.00	12.77	11.87	12.20	7135765	131856736.00
2018/07/30	12.36	12.39	11.75	11.77	4765700	85917304.00
2018/07/31	11.73	11.89	11.71	11.76	1941995	34483688.00
2018/08/01	11.80	11.93	11.32	11.33	3467511	60530344.00
2018/08/02	11.27	11.27	10.64	10.77	4339234	70732640.00
2018/08/03	10.59	10.83	10.50	10.50	2118800	34062664.00
2018/08/06	10.40	10.65	10.27	10.34	2102400	33178916.00
2018/08/07	10.36	10.63	10.21	10.59	2471522	39056984.00
2018/08/08	10.63	10.92	10.51	10.60	3723666	60254440.00
2018/08/09	10.51	10.89	10.37	10.71	3681918	59554364.00
2018/08/10	10.71	10.79	10.61	10.79	2205300	35631304.00
2018/08/13	10.61	10.79	10.47	10.79	2433900	39015340.00
2018/08/14	10.69	10.88	10.69	10.85	2365784	38579220.00
2018/08/15	10.80	10.83	10.45	10.46	2414540	38679448.00
2018/08/16	10.23	10.59	10.18	10.31	1810428	28317486.00
2018/08/17	10.39	10.47	9.80	9.87	2276179	34877376.00
2018/08/20	9.87	10.03	9.39	9.80	2358884	34572284.00
2018/08/21	9.80	9.93	9.62	9.91	1935226	28708176.00
2018/08/22	9.93	9.93	9.49	9.51	2262784	33119888.00
2018/08/23	9.60	9.78	9.57	9.71	1854766	27131532.00
2018/08/24	9.71	9.71	9.57	9.59	1489500	21671068.00
2018/08/27	9.67	9.85	9.67	9.83	1782597	26374188.00
2018/08/28	9.77	9.89	9.77	9.83	1808385	26820122.00
2018/08/29	9.81	9.91	9.79	9.86	1616000	23998900.00
2018/08/30	9.86	9.92	9.47	9.47	1980666	28885590.00
2018/08/31	9.47	9.61	9.40	9.41	1468000	21055966.00
2018/09/03	9.46	9.47	9.07	9.21	1824449	25333442.00
2018/09/04	9.21	9.39	9.13	9.31	1270262	17836036.00
2018/09/05	9.35	9.35	9.19	9.21	1243006	17413764.00
2018/09/06	9.33	9.39	9.22	9.27	1521195	21364518.00
2018/09/07	9.27	10.20	9.11	10.20	5177637	76796336.00
2018/09/10	9.95	10.59	9.84	10.13	9333435	142805408.00
2018/09/11	9.91	9.99	9.72	9.86	3874163	57641860.00
2018/09/12	9.78	9.99	9.75	9.88	2358189	35244768.00
2018/09/13	9.93	9.99	9.72	9.92	2862252	42523260.00
2018/09/14	9.92	10.40	9.81	9.93	4665284	70965128.00
2018/09/17	9.82	9.82	9.34	9.39	3061840	43988508.00
2018/09/18	9.30	9.65	9.29	9.59	2406150	34540696.00
2018/09/19	9.61	9.77	9.44	9.64	2899280	42107536.00
2018/09/20	9.69	9.87	9.53	9.77	3521120	51697912.00
2018/09/21	9.77	9.84	9.60	9.80	2813344	41301168.00
2018/09/25	9.72	10.17	9.69	9.94	2896236	43371888.00
2018/09/26	9.93	9.97	9.82	9.84	2322610	34655084.00
2018/09/27	9.87	9.87	9.36	9.36	2713458	39416944.00
2018/09/28	9.44	9.54	9.40	9.51	1261202	18097854.00
2018/10/08	9.32	9.43	8.97	9.01	2034466	28359494.00
2018/10/09	9.09	9.19	9.06	9.13	1035549	14274916.00
2018/10/10	9.25	9.71	9.25	9.45	3298744	47557208.00
2018/10/11	9.13	9.13	8.50	8.52	3604542	47713784.00
2018/10/12	8.39	8.47	7.93	8.17	3011100	37332032.00
2018/10/15	8.17	8.28	8.01	8.03	1392652	17216780.00
2018/10/16	8.01	8.17	7.82	7.93	1993775	24083182.00
2018/10/17	8.12	8.12	7.83	8.05	1720000	20793322.00
2018/10/18	7.99	7.99	7.50	7.50	2424646	28198946.00
2018/10/19	7.27	7.71	7.13	7.70	2007732	22889720.00
2018/10/22	7.75	8.16	7.75	8.03	2571584	31058760.00
2018/10/23	7.99	8.51	7.94	8.04	3509136	43681560.00
2018/10/24	7.89	8.32	7.84	8.11	3104002	38105988.00
2018/10/25	7.75	7.89	7.63	7.85	2577595	30157976.00
2018/10/26	7.92	8.03	7.84	7.89	1523595	18235208.00
2018/10/29	7.86	7.93	7.69	7.75	1299000	15327795.00
2018/10/30	7.77	7.95	7.73	7.90	1963019	23341066.00
2018/10/31	7.93	8.09	7.88	7.97	2264429	27392834.00
2018/11/01	8.07	8.23	7.99	7.99	3109000	38054248.00
2018/11/02	8.11	8.21	8.03	8.19	3180790	39185040.00
2018/11/05	8.28	8.57	8.20	8.38	5816265	73771752.00
2018/11/06	8.25	8.27	8.03	8.16	2942666	36164136.00
2018/11/07	8.19	8.19	8.05	8.05	2399376	29494354.00
2018/11/08	8.15	8.19	8.01	8.03	1974266	24209760.00
2018/11/09	8.09	8.09	7.83	7.90	1950566	23559504.00
2018/11/12	7.93	8.25	7.87	8.25	3564921	43870048.00
2018/11/13	8.10	8.35	8.07	8.29	3962989	49455096.00
2018/11/14	8.37	8.67	8.22	8.50	6604544	84135448.00
2018/11/15	8.42	8.72	8.37	8.69	7396521	95605320.00
2018/11/16	8.67	8.69	8.55	8.59	4447531	57843104.00
2018/11/19	8.59	8.69	8.37	8.67	4032965	52069104.00
2018/11/20	8.70	9.10	8.58	8.58	7152965	95834752.00
2018/11/21	8.27	8.51	8.27	8.46	2993500	38033380.00
2018/11/22	8.46	8.57	8.38	8.40	2263300	28919092.00
2018/11/23	8.39	8.40	7.95	7.97	2666912	32854510.00
2018/11/26	7.98	8.13	7.94	7.99	1455112	17659356.00
2018/11/27	8.06	8.11	7.97	8.02	1153300	13994327.00
2018/11/28	8.02	8.07	7.80	8.07	1905108	22960340.00
2018/11/29	8.23	8.25	7.87	7.87	2404508	29503842.00
2018/11/30	7.77	7.86	7.65	7.83	2416800	28391916.00
2018/12/03	7.99	8.12	7.99	8.09	2945318	35905848.00
2018/12/04	8.09	8.19	8.04	8.15	2437438	29927748.00
2018/12/05	7.93	8.97	7.92	8.36	5639006	71613176.00
2018/12/06	8.25	8.36	8.02	8.03	3423000	42266220.00
2018/12/07	8.02	8.15	7.97	8.10	1918177	23385192.00
2018/12/10	8.07	8.09	7.87	7.87	1513000	18263814.00
2018/12/11	7.90	7.97	7.86	7.94	824100	9873704.00
2018/12/12	7.95	8.03	7.95	7.97	846700	10225080.00
2018/12/13	7.99	8.12	7.97	8.04	1918200	23382420.00
2018/12/14	8.03	8.36	7.99	7.99	3969866	49111832.00
2018/12/17	7.85	8.29	7.78	8.19	4393777	53516912.00
2018/12/18	8.07	8.57	8.03	8.49	8412895	106779328.00
2018/12/19	8.37	8.45	8.14	8.20	4124953	51610148.00
2018/12/20	8.13	8.40	8.07	8.40	3827843	47724908.00
2018/12/21	8.32	8.49	8.21	8.35	2748166	34670392.00
2018/12/24	8.24	8.59	8.24	8.55	5422929	69577288.00
2018/12/25	8.39	8.43	7.94	8.31	4524140	56275036.00
2018/12/26	8.27	8.67	8.20	8.59	6327861	81183984.00
2018/12/27	8.69	8.73	8.16	8.18	5181000	66033844.00
2018/12/28	8.15	8.26	7.91	7.93	3333900	40637276.00
2019/01/02	8.00	8.03	7.75	7.84	2216532	26257718.00
2019/01/03	7.05	7.20	7.05	7.05	6988339	74742680.00
2019/01/04	6.46	6.91	6.46	6.72	6922894	70206288.00
2019/01/07	6.70	6.75	6.57	6.71	3556880	35969340.00
2019/01/08	6.67	6.75	6.63	6.72	3234888	32845962.00
2019/01/09	6.75	6.83	6.72	6.81	3967622	40817196.00
2019/01/10	6.80	6.81	6.65	6.67	2762500	28104062.00
2019/01/11	6.60	6.80	6.60	6.75	2474900	25115324.00
2019/01/14	6.75	6.79	6.65	6.66	1714542	17381640.00
2019/01/15	6.65	6.74	6.63	6.74	1684800	17119974.00
2019/01/16	6.80	6.80	6.65	6.70	1861732	18945982.00
2019/01/17	6.70	6.75	6.65	6.65	1728400	17495640.00
2019/01/18	6.65	6.73	6.65	6.71	1643837	16675611.00
2019/01/21	6.67	6.73	6.67	6.70	1082253	10986740.00
2019/01/22	6.67	6.71	6.62	6.64	1294400	13050978.00
2019/01/23	6.66	6.71	6.63	6.71	1377000	13921807.00
2019/01/24	6.73	6.73	6.60	6.65	1419822	14371599.00
2019/01/25	6.67	6.75	6.63	6.64	1422100	14406475.00
2019/01/28	6.61	6.66	6.35	6.41	2526500	24935912.00
2019/01/29	6.41	6.43	6.19	6.27	1915600	18293644.00
2019/01/30	6.15	6.38	6.15	6.19	1311700	12485290.00
2019/01/31	6.19	6.27	6.01	6.02	1551512	14409022.00
2019/02/01	6.08	6.21	6.04	6.21	1131706	10547767.00
2019/02/11	6.21	6.43	6.21	6.40	1754124	16883230.00
2019/02/12	6.45	6.56	6.39	6.48	2006167	19698848.00
2019/02/13	6.47	6.64	6.42	6.60	2885063	28640490.00
2019/02/14	6.60	6.69	6.55	6.61	2156006	21616696.00
2019/02/15	6.59	6.71	6.59	6.65	2239477	22600436.00
2019/02/18	6.67	6.88	6.67	6.85	3240038	33378102.00
2019/02/19	6.84	7.18	6.77	6.92	6000205	63109940.00
2019/02/20	6.91	6.91	6.74	6.83	3195303	33033878.00
2019/02/21	6.87	6.91	6.73	6.77	3039290	31472566.00
2019/02/22	6.75	6.88	6.72	6.87	2905742	29934200.00
2019/02/25	6.89	7.21	6.89	7.20	5868472	62714052.00
2019/02/26	7.27	7.43	7.12	7.21	6457788	70967832.00
2019/02/27	7.15	7.59	7.15	7.33	6422021	71795264.00
2019/02/28	7.29	7.43	7.21	7.40	3482043	38744376.00
2019/03/01	7.40	7.43	7.25	7.36	3507337	38794892.00
2019/03/04	7.37	7.80	7.33	7.55	7160673	82550040.00
2019/03/05	7.53	7.63	7.45	7.58	6980438	79694736.00
2019/03/06	7.58	7.72	7.52	7.72	8054400	93140240.00
2019/03/07	7.71	7.92	7.62	7.89	9016604	106160536.00
2019/03/08	7.71	7.81	7.27	7.35	6944992	79871656.00
2019/03/11	7.40	7.70	7.35	7.66	5534000	63240684.00
2019/03/12	7.66	7.85	7.59	7.69	8618771	100528656.00
2019/03/13	7.69	8.05	7.57	7.60	11366906	133566616.00
2019/03/14	7.47	7.61	7.10	7.19	6428370	71281440.00
2019/03/15	7.20	7.37	7.14	7.28	4397576	48370480.00
2019/03/18	7.30	7.41	7.23	7.40	3990368	44331552.00
2019/03/19	7.41	7.55	7.39	7.45	4105966	46397544.00
2019/03/20	7.45	7.81	7.30	7.66	7107349	81111384.00
2019/03/21	7.59	7.77	7.55	7.69	8298395	96345576.00
2019/03/22	7.69	7.75	7.54	7.69	5096197	58860800.00
2019/03/25	7.59	7.85	7.51	7.66	6501329	75916408.00
2019/03/26	7.63	7.75	7.49	7.60	5775331	66589032.00
2019/03/27	7.61	7.69	7.36	7.43	3675325	41396064.00
2019/03/28	7.42	7.47	7.27	7.30	3069593	34232480.00
2019/03/29	7.30	7.49	7.24	7.47	3953189	44187332.00
2019/04/01	7.47	7.78	7.47	7.76	6709028	77719400.00
2019/04/02	7.79	7.83	7.68	7.71	5129844	60046292.00
2019/04/03	7.71	7.81	7.64	7.79	6101786	71563440.00
2019/04/04	7.83	8.05	7.71	7.99	11317749	134999200.00
2019/04/08	7.90	8.27	7.73	8.14	15591332	189465040.00
2019/04/09	8.14	8.14	7.87	7.97	8209403	99217880.00
2019/04/10	7.93	8.00	7.76	7.91	5874679	70042840.00
2019/04/11	7.93	8.17	7.80	7.93	8766311	106380304.00
2019/04/12	7.81	7.87	7.72	7.81	4680481	55099652.00
2019/04/15	7.89	7.98	7.71	7.74	5598236	66704832.00
2019/04/16	7.72	7.87	7.72	7.86	4186284	49420324.00
2019/04/17	7.93	7.98	7.85	7.91	5192602	62117956.00
2019/04/18	7.93	7.93	7.73	7.78	4761489	56326800.00
2019/04/19	7.73	7.85	7.67	7.80	3210200	37725640.00
2019/04/22	7.81	7.83	7.54	7.67	4455400	52103552.00
2019/04/23	7.65	7.67	7.44	7.45	3432019	39235504.00
2019/04/24	7.51	7.68	7.47	7.59	3033085	34824788.00
2019/04/25	7.60	7.65	7.19	7.19	3981993	44713368.00
2019/04/26	7.23	7.36	7.19	7.23	2509988	27591644.00
2019/04/29	7.16	7.35	6.67	6.77	3528066	37481128.00
2019/04/30	6.75	6.89	6.74	6.81	2467800	25511300.00
2019/05/06	6.61	6.75	6.27	6.43	3910366	38402744.00
2019/05/07	6.47	6.59	6.44	6.55	2383487	23543158.00
2019/05/08	6.49	6.94	6.37	6.77	3514523	36108912.00
2019/05/09	6.65	6.86	6.65	6.69	1917461	19577478.00
2019/05/10	6.73	7.15	6.57	6.97	3242339	33759700.00
2019/05/13	6.88	7.00	6.73	6.91	2826319	29271492.00
2019/05/14	6.85	6.90	6.71	6.80	2090100	21510030.00
2019/05/15	6.84	6.97	6.80	6.85	2924454	30449630.00
2019/05/16	6.96	6.96	6.60	6.77	3346354	34194648.00
2019/05/17	6.77	6.79	6.10	6.37	4760338	46920588.00
2019/05/20	6.20	6.33	6.20	6.32	2115300	20135010.00
2019/05/21	6.35	6.47	6.13	6.39	2170166	21046044.00
2019/05/22	6.39	6.48	6.32	6.39	2074400	20115250.00
2019/05/23	6.39	6.53	6.27	6.40	2027633	19680598.00
2019/05/24	6.62	6.62	6.41	6.47	1992000	19586222.00
2019/05/27	6.42	6.57	6.37	6.55	1769806	17461664.00
2019/05/28	6.55	6.85	6.51	6.70	2976600	30136252.00
2019/05/29	6.70	6.84	6.67	6.74	2391167	24494900.00
2019/05/30	6.81	6.81	6.63	6.73	2261700	23085732.00
2019/05/31	6.73	6.83	6.73	6.81	1604653	16509627.00
2019/06/03	6.81	7.06	6.67	6.80	2921000	30288028.00
2019/06/04	6.70	6.77	6.47	6.52	3026592	30423360.00
2019/06/05	6.63	6.89	6.53	6.84	4379302	44882276.00
2019/06/06	6.86	6.88	6.47	6.49	3780260	37729748.00
2019/06/10	6.55	6.61	6.49	6.52	1250622	12368794.00
2019/06/11	6.57	6.80	6.51	6.77	2601024	26342382.00
2019/06/12	6.79	6.88	6.72	6.84	3605731	37200548.00
2019/06/13	6.81	6.90	6.79	6.84	2766467	28588564.00
2019/06/14	6.84	6.88	6.75	6.76	2846307	29321246.00
2019/06/17	6.74	6.87	6.73	6.84	3699638	38087788.00
2019/06/18	6.86	6.89	6.75	6.75	2949400	30337440.00
2019/06/19	6.84	7.22	6.79	7.00	12512707	130863936.00
2019/06/20	6.99	7.39	6.89	7.36	15594584	169629328.00
2019/06/21	7.48	7.82	7.44	7.56	22530014	259031792.00
2019/06/24	7.48	7.78	7.39	7.76	17353370	198481120.00
2019/06/25	7.70	7.70	7.40	7.48	9829460	111512080.00
2019/06/26	7.42	8.24	7.32	7.97	30272640	366281664.00
2019/06/27	7.74	7.94	7.64	7.72	21626875	253494944.00
2019/06/28	7.62	7.91	7.53	7.82	14360609	167833488.00
2019/07/01	7.93	8.22	7.88	7.88	20069826	243849936.00
2019/07/02	7.69	8.03	7.63	7.99	16795318	197916192.00
2019/07/03	7.91	8.48	7.84	8.45	26874232	334752800.00
2019/07/04	8.36	8.67	8.12	8.18	22808799	288637152.00
2019/07/05	8.12	8.25	7.98	8.04	11536310	140709632.00
2019/07/08	8.06	8.08	7.50	7.53	11998489	140125424.00
2019/07/09	7.58	7.66	7.36	7.43	8203977	92463816.00
2019/07/10	7.42	7.54	7.30	7.42	6981957	78399264.00
2019/07/11	7.41	7.54	7.40	7.47	9823556	110791112.00
2019/07/12	7.44	7.52	7.38	7.48	6614057	74585608.00
2019/07/15	7.42	7.61	7.35	7.53	5532088	62553628.00
2019/07/16	7.44	7.60	7.44	7.58	4568292	51895740.00
2019/07/17	7.52	7.72	7.52	7.72	5829104	66971616.00
2019/07/18	7.69	7.82	7.48	7.53	7539213	86913000.00
2019/07/19	7.49	7.72	7.49	7.58	4824058	55663828.00
2019/07/22	7.52	7.68	7.29	7.54	5723401	65078764.00
2019/07/23	7.50	7.70	7.50	7.64	5028167	57712144.00
2019/07/24	7.60	7.91	7.60	7.76	6150955	72095448.00
2019/07/25	7.73	7.80	7.64	7.69	4145232	48286588.00
2019/07/26	7.60	7.70	7.49	7.56	5382085	61806176.00
2019/07/29	7.54	7.70	7.53	7.67	4606286	53085508.00
2019/07/30	7.67	7.85	7.64	7.74	5697267	66574536.00
2019/07/31	7.66	8.12	7.66	8.02	9099268	109200936.00
2019/08/01	8.01	8.42	8.00	8.32	10283340	128083536.00
2019/08/02	8.12	8.41	8.08	8.32	8608451	107372208.00
2019/08/05	8.26	8.46	8.22	8.28	6349900	80054024.00
2019/08/06	8.15	8.56	8.04	8.52	11650301	146639344.00
2019/08/07	8.45	8.59	8.17	8.30	14220421	179491872.00
2019/08/08	8.28	8.57	8.10	8.50	9952254	126025456.00
2019/08/09	8.48	8.96	8.36	8.73	15016039	196771472.00
2019/08/12	8.69	9.02	8.58	8.95	11692567	156473072.00
2019/08/13	8.87	9.19	8.83	9.16	12378456	168888928.00
2019/08/14	9.16	9.53	8.89	9.24	16429173	226757920.00
2019/08/15	9.04	9.29	8.95	8.98	9917342	136038064.00
2019/08/16	8.88	9.13	8.76	9.09	9572038	128924208.00
2019/08/19	9.02	9.47	8.85	8.98	13105906	180057184.00
2019/08/20	9.07	9.38	8.98	8.98	19660467	271613376.00
2019/08/21	8.99	9.13	8.69	9.09	13090604	175464000.00
2019/08/22	9.01	9.39	8.90	8.93	15175202	209887072.00
2019/08/23	8.77	8.91	8.64	8.67	6728160	88847632.00
2019/08/26	8.54	8.86	8.50	8.79	5050500	66508716.00
2019/08/27	8.81	9.39	8.80	9.19	9113402	124234664.00
2019/08/28	9.10	9.28	8.93	9.08	11092100	152813696.00
2019/08/29	9.08	9.13	8.73	8.74	8361650	113089024.00
2019/08/30	8.74	8.85	8.56	8.68	4902195	64177048.00
2019/09/02	8.72	8.87	8.62	8.85	3658349	48397812.00
2019/09/03	8.86	9.20	8.76	9.15	9633950	129946104.00
2019/09/04	9.08	9.29	8.82	8.92	16796746	230336688.00
2019/09/05	8.89	9.05	8.84	8.99	7685053	103430648.00
2019/09/06	8.99	9.02	8.75	8.94	6724965	90105152.00
2019/09/09	8.96	8.98	8.76	8.86	5403363	71896320.00
2019/09/10	8.89	8.89	8.64	8.64	5727008	75664816.00
2019/09/11	8.64	8.74	8.50	8.57	4923800	63875784.00
2019/09/12	8.58	8.92	8.28	8.38	10007522	130497856.00
2019/09/16	8.39	8.43	7.91	8.00	13604766	166641840.00
2019/09/17	7.98	8.06	7.87	8.00	8414432	101147872.00
2019/09/18	7.96	7.96	7.70	7.70	7802842	92013632.00
2019/09/19	7.72	7.90	7.51	7.89	13079642	151707984.00
2019/09/20	7.82	7.88	7.78	7.80	4227880	49888592.00
2019/09/23	7.81	7.85	7.62	7.84	3694300	43077036.00
2019/09/24	7.83	7.88	7.76	7.77	2949295	34716052.00
2019/09/25	7.70	7.76	7.56	7.60	2828906	32698320.00
2019/09/26	7.60	7.70	7.56	7.62	3843965	44269684.00
2019/09/27	7.62	7.70	7.36	7.43	6966030	78738168.00
2019/09/30	7.43	7.61	7.40	7.48	4017866	45506684.00
2019/10/08	7.48	7.66	7.46	7.58	2770060	31644756.00
2019/10/09	7.59	7.64	7.54	7.62	1609730	18442088.00
2019/10/10	7.62	7.68	7.54	7.56	2914900	33475244.00
2019/10/11	7.64	7.80	7.62	7.75	3733106	43497640.00
2019/10/14	7.76	7.88	7.67	7.71	3651095	42815684.00
2019/10/15	7.76	7.76	7.40	7.62	3313561	37899584.00
2019/10/16	7.63	7.75	7.56	7.68	2676766	30994408.00
2019/10/17	7.66	7.75	7.61	7.64	1894300	21948908.00
2019/10/18	7.58	7.73	7.58	7.72	2711500	31459810.00
2019/10/21	7.68	7.85	7.56	7.84	4107627	47992692.00
2019/10/22	7.82	7.88	7.78	7.84	2545404	30053118.00
2019/10/23	7.84	7.87	7.69	7.73	2199300	25807146.00
2019/10/24	7.74	7.80	7.40	7.40	3546400	40990484.00
2019/10/25	7.59	7.63	7.09	7.16	13680600	152364976.00
2019/10/28	7.16	7.68	7.09	7.57	11247596	126128864.00
2019/10/29	7.64	7.64	7.30	7.35	8916904	100160120.00
2019/10/30	7.39	7.76	7.23	7.66	9214424	104847872.00
2019/10/31	7.62	7.71	7.38	7.42	5928577	67577624.00
2019/11/01	7.40	7.62	7.40	7.48	4237314	48101536.00
2019/11/04	7.48	7.59	7.42	7.50	3263630	37034176.00
2019/11/05	7.50	7.58	7.42	7.51	2649206	30022636.00
2019/11/06	7.52	7.56	7.41	7.42	2832300	31907480.00
2019/11/07	7.38	7.48	7.38	7.40	2497200	27937894.00
2019/11/08	7.45	7.45	7.34	7.34	2305500	25710002.00
2019/11/11	7.34	7.36	7.26	7.26	2640700	29069306.00
2019/11/12	7.18	7.32	7.18	7.27	1462700	16002932.00
2019/11/13	7.24	7.31	7.16	7.27	2320214	25277734.00
2019/11/14	7.26	7.53	7.25	7.46	3074800	34477872.00
2019/11/15	7.46	7.58	7.42	7.54	1988700	22611352.00
2019/11/18	7.53	7.54	7.47	7.48	2703832	30604006.00
2019/11/19	7.50	7.60	7.47	7.57	2342414	26662468.00
2019/11/20	7.60	7.60	7.53	7.54	1857500	21200906.00
2019/11/21	7.45	7.70	7.45	7.63	2437800	27920720.00
2019/11/22	7.64	7.70	7.56	7.61	1965866	22600102.00
2019/11/25	7.59	7.72	7.52	7.67	2305920	26581600.00
2019/11/26	7.69	7.70	7.60	7.64	1642366	18946020.00
2019/11/27	7.71	7.87	7.65	7.86	5721971	67289592.00
2019/11/28	7.88	7.96	7.80	7.88	3849523	45695840.00
2019/11/29	7.91	7.91	7.76	7.82	3411198	40314912.00
2019/12/02	7.86	7.90	7.79	7.82	2450472	28983500.00
2019/12/03	7.82	7.92	7.79	7.81	2529000	29869696.00
2019/12/04	7.81	7.90	7.79	7.82	2571800	30367218.00
2019/12/05	7.82	7.86	7.66	7.74	4630300	54330952.00
2019/12/06	7.74	7.85	7.73	7.84	4733961	55565364.00
2019/12/09	7.86	7.92	7.84	7.87	2932861	34798232.00
2019/12/10	7.89	7.89	7.74	7.79	4394700	51649788.00
2019/12/11	7.82	7.82	7.74	7.78	2622003	30718582.00
2019/12/12	7.77	7.79	7.54	7.56	6065832	69994616.00
2019/12/13	7.57	7.63	7.46	7.52	5682728	64517668.00
2019/12/16	7.51	7.54	7.42	7.48	4566871	51532548.00
2019/12/17	7.49	7.54	7.44	7.51	5687439	64248596.00
2019/12/18	7.52	7.62	7.49	7.54	4842700	55244704.00
2019/12/19	7.51	7.56	7.46	7.52	3617201	41007576.00
2019/12/20	7.52	7.60	7.51	7.55	4659097	53152560.00
2019/12/23	7.54	7.91	7.51	7.76	9810219	114865864.00
2019/12/24	7.76	8.42	7.76	8.40	20469409	253250336.00
2019/12/25	8.24	8.81	8.23	8.66	17246703	223556128.00
2019/12/26	8.66	8.86	8.60	8.83	11866066	157135440.00
2019/12/27	8.84	8.96	8.72	8.76	12812272	170472384.00
2019/12/30	8.89	8.89	8.39	8.51	8710586	112452968.00
2019/12/31	8.51	8.71	8.37	8.60	9369316	120253736.00
2020/01/02	8.72	8.95	8.43	8.52	13352454	172098176.00
2020/01/03	8.52	8.58	8.39	8.50	7674209	97763720.00
2020/01/06	8.43	8.72	8.36	8.68	10019974	129085320.00
2020/01/07	8.69	9.02	8.69	8.94	11581994	155603568.00
2020/01/08	8.86	9.24	8.76	9.06	11726101	159997760.00
2020/01/09	9.18	9.38	8.97	9.32	11370450	157834544.00
2020/01/10	9.30	9.38	9.14	9.36	7437077	103838408.00
2020/01/13	9.32	9.32	8.49	9.03	16761499	223047184.00
2020/01/14	8.96	9.16	8.76	9.06	10094963	136963776.00
2020/01/15	9.06	9.08	8.74	8.93	6778257	90568472.00
2020/01/16	8.92	9.07	8.86	9.06	5841512	79033976.00
2020/01/17	9.05	9.28	8.86	8.90	12739740	173781520.00
2020/01/20	8.89	9.05	8.80	8.88	8665784	116376368.00
2020/01/21	8.93	8.93	8.54	8.70	6211600	81245688.00
2020/01/22	8.70	8.78	8.52	8.72	3312600	43433336.00
2020/01/23	8.72	8.77	8.26	8.51	5674730	72713016.00
2020/02/03	7.66	7.79	7.66	7.66	5016375	58060176.00
2020/02/04	6.89	7.88	6.89	7.82	13856751	153625536.00
2020/02/05	8.61	8.61	8.16	8.61	21145575	269558848.00
2020/02/06	8.94	9.48	8.82	9.48	30246701	420857024.00
2020/02/07	10.06	10.06	8.84	9.23	37553517	527927936.00
2020/02/10	9.42	9.60	9.02	9.29	23925542	334186144.00
2020/02/11	9.18	9.20	8.86	8.86	13549566	183177760.00
2020/02/12	8.90	8.98	8.74	8.92	9450081	126773736.00
2020/02/13	8.94	9.09	8.69	9.02	10280380	137378416.00
2020/02/14	9.07	9.12	8.88	9.02	8263102	111769480.00
2020/02/17	9.14	9.15	8.99	9.06	10252655	139944144.00
2020/02/18	9.08	9.53	9.06	9.25	13304514	186584320.00
2020/02/19	9.14	9.30	9.07	9.14	9882866	136743072.00
2020/02/20	9.15	9.26	9.01	9.22	9871216	136537632.00
2020/02/21	9.49	9.49	9.12	9.20	9315644	129597168.00
2020/02/24	9.16	9.36	8.96	9.31	10404465	143198048.00
2020/02/25	9.17	9.35	9.01	9.24	8166200	113005280.00
2020/02/26	9.12	9.51	9.06	9.34	11251750	157477328.00
2020/02/27	9.32	9.45	9.12	9.40	10234916	143455184.00
2020/02/28	9.08	9.39	8.81	8.86	10380606	141344960.00
2020/03/02	9.02	9.28	8.96	9.22	8600486	119202376.00
2020/03/03	9.42	9.48	9.18	9.33	12221240	171437072.00
2020/03/04	9.96	9.96	9.33	9.56	16707830	242449232.00
2020/03/05	9.42	9.54	9.30	9.40	10774584	152439088.00
2020/03/06	9.42	9.59	9.30	9.56	9654231	138080736.00
2020/03/09	9.96	10.52	9.46	10.52	25059599	382646656.00
2020/03/10	9.96	11.16	9.64	10.76	32160184	496946048.00
2020/03/11	10.28	11.14	10.22	10.79	32422839	525325824.00
2020/03/12	10.96	10.96	10.36	10.52	20618402	330594720.00
2020/03/13	9.62	10.48	9.62	10.20	15885604	241361024.00
2020/03/16	10.25	10.51	9.85	10.00	12523100	191411280.00
2020/03/17	9.88	10.20	9.59	10.19	13853567	207595936.00
2020/03/18	10.26	10.55	9.88	9.99	16037740	247586976.00
2020/03/19	9.70	9.84	9.29	9.62	14346100	206591280.00
2020/03/20	9.76	9.76	9.41	9.46	5568000	80095184.00
2020/03/23	9.14	9.59	8.98	9.19	6426602	89647624.00
2020/03/24	9.27	9.33	8.27	8.94	8311073	112216304.00
2020/03/25	9.06	9.22	8.98	9.12	4590732	63090052.00
2020/03/26	9.21	9.25	8.71	9.12	6562499	88850680.00
2020/03/27	9.24	9.26	8.84	8.89	6343600	85820976.00
2020/03/30	8.68	8.80	8.46	8.58	7124967	92379552.00
2020/03/31	8.69	8.74	8.48	8.59	5459096	70901480.00
2020/04/01	8.62	8.70	8.40	8.49	4840400	62631832.00
2020/04/02	8.42	8.68	8.38	8.67	3555000	45821840.00
2020/04/03	8.66	8.66	8.45	8.52	3456600	44608536.00
2020/04/07	8.66	9.21	8.60	9.16	8700367	117621720.00
2020/04/08	9.01	9.19	8.97	9.07	4875732	66685252.00
2020/04/09	9.16	9.16	8.99	9.09	2715500	37080720.00
2020/04/10	9.12	9.12	8.90	9.03	2968800	40261332.00
2020/04/13	9.20	9.27	9.02	9.18	3966067	54802592.00
2020/04/14	9.34	9.34	9.12	9.20	3491600	48285400.00
2020/04/15	9.18	9.22	9.06	9.13	2609700	35991640.00
2020/04/16	9.08	9.59	9.02	9.24	7163200	100367376.00
2020/04/17	9.25	9.25	9.01	9.04	5310900	73070696.00
2020/04/20	9.56	9.56	8.99	9.13	5309300	72876504.00
2020/04/21	9.08	9.20	8.50	9.13	4891900	67120320.00
2020/04/22	9.13	9.14	8.83	9.08	5126202	69238064.00
2020/04/23	9.08	9.52	9.03	9.38	11978350	167980736.00
2020/04/24	9.29	9.69	9.20	9.52	14900050	212103136.00
2020/04/27	9.62	9.74	9.26	9.26	14228900	203514928.00
2020/04/28	9.04	9.16	8.42	9.06	15224400	200818848.00
2020/04/29	8.87	9.06	8.75	8.98	7774950	104165016.00
2020/04/30	8.98	9.35	8.90	9.19	10359674	142165040.00
2020/05/06	9.10	9.29	9.05	9.25	9282060	128414224.00
2020/05/07	9.22	9.22	9.05	9.08	6083440	83470640.00
2020/05/08	9.12	9.12	8.83	8.90	9999074	134818976.00
2020/05/11	8.93	9.00	8.90	8.94	4261500	57537216.00
2020/05/12	8.94	8.98	8.75	8.88	4951500	65980488.00
2020/05/13	8.88	8.92	8.76	8.84	2573400	34259584.00
2020/05/14	8.84	8.91	8.76	8.85	2545551	33893476.00
2020/05/15	8.89	9.22	8.74	8.98	11020400	150311904.00
2020/05/18	8.96	8.96	8.56	8.82	7789900	102817896.00
2020/05/19	8.93	8.93	8.79	8.85	3472400	46338224.00
2020/05/20	9.01	9.02	8.74	8.86	4135200	55185380.00
2020/05/21	8.86	9.00	8.74	8.86	4715300	63047152.00
2020/05/22	8.75	8.94	8.62	8.68	4344496	56864224.00
2020/05/25	8.82	8.82	8.50	8.66	4123900	53528740.00
2020/05/26	8.78	8.82	8.61	8.75	3291300	43284420.00
2020/05/27	8.83	8.83	8.65	8.73	4646600	40505740.00
2020/05/28	8.64	8.69	8.20	8.51	10087473	85276088.00
2020/05/29	8.48	8.52	8.35	8.35	4655850	39206412.00
2020/06/01	8.35	8.66	8.27	8.61	10742603	91498696.00
2020/06/02	8.79	8.92	8.61	8.90	12404423	108737856.00
2020/06/03	9.05	9.05	8.78	8.88	6632021	58779216.00
2020/06/04	8.92	9.00	8.80	8.97	9131195	81325928.00
2020/06/05	8.94	8.99	8.79	8.91	6270359	55629540.00
2020/06/08	8.90	9.07	8.75	8.80	5812700	51444992.00
2020/06/09	8.75	8.77	8.50	8.61	7985055	68647768.00
2020/06/10	8.55	8.58	8.40	8.44	7630194	64481504.00
2020/06/11	8.38	8.52	8.34	8.41	6299000	53100504.00
2020/06/12	8.25	8.36	8.22	8.32	5208700	43283788.00
2020/06/15	8.50	8.94	8.42	8.65	21431221	185925872.00
2020/06/16	8.68	8.90	8.52	8.67	11102450	96785512.00
2020/06/17	8.88	9.54	8.71	9.54	67419563	632891008.00
2020/06/18	9.60	9.60	8.99	9.05	51122062	471615168.00
2020/06/19	9.29	9.50	8.67	8.84	44020415	396539040.00
2020/06/22	9.00	9.58	8.80	9.14	40734402	373636768.00
2020/06/23	8.94	9.07	8.81	8.90	25500851	227188224.00
2020/06/24	9.06	9.38	8.90	9.13	32591190	298787904.00
2020/06/29	9.30	9.30	8.96	9.18	26907377	245362976.00
2020/06/30	9.04	9.27	9.04	9.23	24370104	223582816.00
2020/07/01	9.22	9.22	8.88	8.98	27922632	250896224.00
2020/07/02	8.95	8.95	8.75	8.81	21918953	193103152.00
2020/07/03	8.83	8.88	8.77	8.83	18280700	161282560.00
2020/07/06	8.88	9.09	8.86	9.05	30382068	272906848.00
2020/07/07	9.08	9.45	9.03	9.30	41899832	386749824.00
2020/07/08	9.30	9.57	9.17	9.48	39272561	368005504.00
2020/07/09	9.50	9.83	9.40	9.73	47360112	454746432.00
2020/07/10	9.80	9.92	9.39	9.45	42885400	412059456.00
2020/07/13	9.45	10.28	9.40	10.15	49573736	490970496.00
2020/07/14	10.22	10.27	9.53	9.67	61789270	609296832.00
2020/07/15	9.75	9.93	9.47	9.58	39075599	377271936.00
2020/07/16	9.68	10.12	9.48	9.68	63930872	631531712.00
2020/07/17	10.01	10.16	9.76	9.94	59968903	597344768.00
2020/07/20	10.15	10.17	9.72	10.06	63080857	627767744.00
2020/07/21	9.97	9.98	9.67	9.79	40742673	399348320.00
2020/07/22	9.79	10.48	9.59	10.16	71688795	720446144.00
2020/07/23	10.01	10.38	9.88	10.26	65453121	664497536.00
2020/07/24	10.15	10.15	9.57	9.79	53412896	527174944.00
2020/07/27	10.02	10.27	9.80	10.15	45485873	456447648.00
2020/07/28	11.17	11.17	10.15	10.15	137062960	1489166720.00
2020/07/29	9.70	10.10	9.48	9.88	96583770	947424064.00
2020/07/30	10.04	10.77	10.02	10.26	110178546	1148125184.00
2020/07/31	10.50	11.20	10.12	10.79	123116268	1308214400.00
2020/08/03	11.09	11.75	10.88	11.24	115533300	1297374080.00
2020/08/04	11.21	11.60	10.74	10.88	98014012	1086790784.00
2020/08/05	10.71	10.75	10.40	10.70	59375972	628202880.00
2020/08/06	10.70	10.70	10.18	10.33	55434767	575689024.00
2020/08/07	10.23	10.35	9.88	10.05	52605841	529351936.00
2020/08/10	9.99	10.15	9.88	10.07	29033511	292103712.00
2020/08/11	10.04	10.09	9.65	9.70	40866786	403042144.00
2020/08/12	9.58	9.64	9.22	9.43	35562917	334331072.00
2020/08/13	9.44	9.57	9.36	9.45	21475550	203040336.00
2020/08/14	9.42	9.56	9.23	9.53	25040861	235421968.00
2020/08/17	9.56	9.78	9.46	9.66	25759118	246989520.00
2020/08/18	9.66	9.72	9.55	9.60	21975189	211351664.00
2020/08/19	9.58	9.58	9.22	9.27	29615280	277468864.00
2020/08/20	9.20	9.34	9.09	9.28	18174930	167315200.00
2020/08/21	9.37	9.39	9.18	9.23	15531500	144222848.00
2020/08/24	9.34	9.53	9.25	9.48	21520098	202954192.00
2020/08/25	9.49	9.73	9.37	9.69	35418549	339522720.00
2020/08/26	9.69	10.44	9.61	10.17	83841484	847734272.00
2020/08/27	10.10	10.14	9.71	9.99	56344036	557987136.00
2020/08/28	9.90	9.95	9.64	9.85	36454300	356612160.00
数据来源:通达信
