300632 光莆股份 日线 前复权
      日期	    开盘	    最高	    最低	    收盘	    成交量	    成交额
2017/04/06	5.61	6.75	5.61	6.75	5700	60031.00
2017/04/07	7.43	7.43	7.43	7.43	1000	11700.00
2017/04/10	8.18	8.18	8.18	8.18	1548	19922.76
2017/04/11	9.01	9.01	9.01	9.01	1545	21877.20
2017/04/12	9.92	9.92	9.92	9.92	1100	17138.00
2017/04/13	10.92	10.92	10.92	10.92	3300	56562.00
2017/04/14	12.02	12.02	12.02	12.02	20521	386820.84
2017/04/17	13.24	13.24	13.24	13.24	40572	841463.25
2017/04/18	14.57	14.57	14.57	14.57	31335	714751.38
2017/04/19	16.03	16.03	16.03	16.03	45480	1141093.25
2017/04/20	17.64	17.64	17.64	17.64	37380	1031688.00
2017/04/21	19.42	19.42	19.42	19.42	972828	29535058.00
2017/04/24	18.54	18.54	17.46	17.46	13183508	364222752.00
2017/04/25	17.18	18.18	16.96	17.50	11909957	329342624.00
2017/04/26	16.87	17.61	16.87	17.23	7876898	212523296.00
2017/04/27	17.36	18.96	17.36	18.96	10665527	301801792.00
2017/04/28	19.83	20.59	19.30	20.18	13965718	434243264.00
2017/05/02	19.57	20.18	19.19	20.11	9336088	286432864.00
2017/05/03	19.93	21.73	19.84	20.70	11784398	380025952.00
2017/05/04	20.34	20.34	18.67	19.38	9530008	290698432.00
2017/05/05	19.19	19.38	18.09	18.09	7731782	226872752.00
2017/05/08	17.91	18.41	17.60	17.85	4830990	136273664.00
2017/05/09	17.79	18.87	17.77	18.67	5691460	163766304.00
2017/05/10	18.50	19.54	18.29	19.40	9899491	292242304.00
2017/05/11	18.93	21.10	18.74	20.73	10237362	317196352.00
2017/05/12	20.67	21.66	20.04	21.10	10285926	333330976.00
2017/05/15	20.86	21.04	20.09	20.38	7816687	250377536.00
2017/05/16	20.38	20.78	19.58	20.58	9000762	284430496.00
2017/05/17	20.31	20.60	19.67	19.70	8404561	264268848.00
2017/05/18	19.03	19.35	18.09	18.22	7429711	218393744.00
2017/05/19	18.38	18.74	17.97	18.47	4323548	124128280.00
2017/05/22	18.29	18.51	16.61	16.61	6788639	184003648.00
2017/05/23	16.30	16.84	15.48	15.72	5147497	130035592.00
2017/05/24	15.68	16.13	15.46	15.91	3795531	94268728.00
2017/05/25	15.91	15.93	14.94	15.59	4655392	112794056.00
2017/05/26	15.59	16.29	15.56	15.94	3994245	99386000.00
2017/05/31	16.77	17.20	15.94	15.95	5330442	138668400.00
2017/06/01	15.65	15.77	14.52	14.52	3986305	94808328.00
2017/06/02	14.41	15.30	14.37	15.08	3074070	71242032.00
2017/06/05	15.47	15.81	15.27	15.35	3318851	80709408.00
2017/06/06	15.17	15.43	15.02	15.37	2069405	49334236.00
2017/06/07	15.34	16.24	15.22	16.09	4370165	108845816.00
2017/06/08	16.02	16.22	15.63	15.77	3267581	81282592.00
2017/06/09	15.78	16.04	15.48	15.86	2442901	60366560.00
2017/06/12	15.43	15.54	14.70	14.72	3667963	86602160.00
2017/06/13	14.70	15.34	14.37	15.27	2327767	55110908.00
2017/06/14	15.19	15.32	14.98	15.11	1932474	45841160.00
2017/06/15	15.14	15.83	15.14	15.56	3486262	85280184.00
2017/06/16	15.53	15.70	15.30	15.68	2475564	60080704.00
2017/06/19	15.62	15.76	15.48	15.68	1835736	44904892.00
2017/06/20	15.85	16.08	15.63	15.63	2889612	71666296.00
2017/06/21	15.65	15.81	15.34	15.63	2020827	49297884.00
2017/06/22	15.53	15.75	15.07	15.09	2252516	54330972.00
2017/06/23	15.04	15.20	14.52	15.03	2222738	51737284.00
2017/06/26	14.98	15.22	14.75	15.19	1525564	35945400.00
2017/06/27	15.18	15.46	15.08	15.22	1492157	35721168.00
2017/06/28	15.08	15.19	14.76	14.93	1464643	34169976.00
2017/06/29	14.91	15.07	14.88	14.96	1196592	28061198.00
2017/06/30	14.88	15.73	14.82	15.40	2779978	66729104.00
2017/07/03	15.39	15.97	15.32	15.92	3207106	78926152.00
2017/07/04	15.91	16.04	15.65	15.81	2290294	56643000.00
2017/07/05	15.82	16.50	15.77	16.44	4503802	114444808.00
2017/07/06	16.42	17.88	16.27	17.25	6738380	177593600.00
2017/07/07	17.54	18.45	17.37	17.92	7425940	207570400.00
2017/07/10	17.84	17.84	16.73	17.52	5266114	141943280.00
2017/07/11	17.32	17.39	16.84	17.12	3152948	84434432.00
2017/07/12	16.94	17.42	15.97	16.83	5356584	139078096.00
2017/07/13	16.60	16.60	16.09	16.26	3945559	100631504.00
2017/07/14	16.26	16.57	16.12	16.30	2441841	62620256.00
2017/07/17	15.97	15.97	14.66	14.66	4747697	110381432.00
2017/07/18	14.04	14.68	13.74	14.26	3408750	75916416.00
2017/07/19	14.34	14.34	13.80	14.24	2322911	51375884.00
2017/07/20	14.13	14.62	13.98	13.99	2685904	60178468.00
2017/07/21	14.01	14.12	13.58	13.66	2020882	43703204.00
2017/07/24	13.44	14.06	13.17	13.94	2408165	51383676.00
2017/07/25	13.90	14.05	13.74	13.83	1864469	40500300.00
2017/07/26	13.83	13.95	13.46	13.54	1281923	27569752.00
2017/07/27	13.56	14.72	13.40	14.50	3568172	79179736.00
2017/07/28	14.40	14.50	14.13	14.14	2175693	48653808.00
2017/07/31	14.05	14.47	14.05	14.26	1613836	36073592.00
2017/08/01	14.26	14.36	13.99	14.27	1677791	37283992.00
2017/08/02	14.30	14.34	13.92	13.94	1420345	31448544.00
2017/08/03	13.97	14.41	13.92	14.02	1827111	40572812.00
2017/08/04	14.00	14.13	13.60	13.60	1725890	37449828.00
2017/08/07	13.72	13.98	13.69	13.76	1085735	23503682.00
2017/08/08	13.73	13.85	13.53	13.81	1230420	26434362.00
2017/08/09	13.82	14.10	13.69	13.92	1307984	28499992.00
2017/08/10	13.85	14.02	13.41	13.57	1294390	27842464.00
2017/08/11	13.44	13.77	13.41	13.53	1067780	22742282.00
2017/08/14	13.54	14.12	13.47	14.09	1965009	42930396.00
2017/08/15	14.08	14.37	14.00	14.37	2259771	50293484.00
2017/08/16	14.34	14.66	14.27	14.43	2700582	61339724.00
2017/08/17	14.30	14.65	14.30	14.64	1856083	42085564.00
2017/08/18	14.47	14.61	14.28	14.42	1228577	27734288.00
2017/08/21	14.42	14.84	14.42	14.79	2159259	49674940.00
2017/08/22	14.79	14.97	14.57	14.62	1928586	44591848.00
2017/08/23	14.70	14.99	14.30	14.86	2610559	59915868.00
2017/08/24	14.75	15.41	14.55	14.55	3511219	82541864.00
2017/08/25	14.61	15.88	14.56	15.63	4113370	98515744.00
2017/08/28	15.68	16.22	15.45	16.06	4324409	107169752.00
2017/08/29	16.09	16.28	15.65	15.77	4171929	104217248.00
2017/08/30	15.72	16.08	15.37	15.49	2899484	71063336.00
2017/08/31	15.50	16.15	15.49	16.06	3371800	84054880.00
2017/09/01	16.15	16.28	15.72	16.03	2877280	71707576.00
2017/09/04	15.81	16.07	15.65	15.76	2166337	53746108.00
2017/09/05	15.66	16.06	15.64	15.87	1900754	47251420.00
2017/09/06	15.80	15.83	15.36	15.60	1917922	46705356.00
2017/09/07	15.65	16.26	15.59	15.86	3178384	79633360.00
2017/09/08	15.72	16.01	15.45	15.61	2189987	53900536.00
2017/09/11	15.70	16.37	15.63	16.33	3700399	93378024.00
2017/09/12	16.18	16.30	15.76	15.86	3039582	76191608.00
2017/09/13	15.84	16.17	15.63	16.04	1673572	41508096.00
2017/09/14	15.97	16.07	15.76	15.85	1407665	35081052.00
2017/09/15	15.76	16.12	15.76	15.99	1467685	36614200.00
2017/09/18	16.06	16.53	15.85	16.49	3299031	84011216.00
2017/09/19	16.39	17.11	16.36	16.51	4357278	113745960.00
2017/09/20	16.60	16.99	16.26	16.94	3250394	84432272.00
2017/09/21	16.87	17.36	16.55	16.55	3643076	96868528.00
2017/09/22	16.55	17.32	16.28	17.19	3358227	88526864.00
2017/09/25	17.18	17.52	16.70	16.71	2596946	69305320.00
2017/09/26	16.65	17.06	15.70	16.04	3087956	78766088.00
2017/09/27	15.97	16.40	15.83	16.22	2146955	54247736.00
2017/09/28	16.15	16.89	16.15	16.73	2695578	69969904.00
2017/09/29	16.62	16.85	16.45	16.78	1974417	51515568.00
2017/10/09	17.13	17.13	16.70	16.73	1735982	45738736.00
2017/10/10	16.75	17.15	16.68	17.14	1974582	52422672.00
2017/10/11	17.18	17.18	16.46	16.55	2299132	60474428.00
2017/10/12	16.56	16.90	16.36	16.84	1645293	42942996.00
2017/10/13	16.76	17.67	16.69	17.43	4180539	113036256.00
2017/10/16	17.39	17.39	16.62	16.73	2968761	78813280.00
2017/10/17	16.73	17.39	16.46	17.28	2865860	76521488.00
2017/10/18	17.26	18.15	17.01	17.02	5435555	149603696.00
2017/10/19	16.82	17.07	16.10	16.67	2842149	74061128.00
2017/10/20	16.55	16.69	16.24	16.49	2406119	61817504.00
2017/10/23	16.50	16.82	16.44	16.76	1878622	49010456.00
2017/10/24	16.69	16.76	15.97	16.23	2443796	62172676.00
2017/10/25	16.22	16.94	16.15	16.85	2512191	65148720.00
2017/10/26	16.91	17.36	16.76	17.16	3119320	83783432.00
2017/10/27	17.03	17.34	16.81	17.23	2430894	65068696.00
2017/10/30	17.07	17.29	16.36	16.48	2299200	60057816.00
2017/10/31	16.44	16.81	16.24	16.78	1842131	47628972.00
2017/11/01	16.94	17.26	16.68	17.13	2773345	73994240.00
2017/11/02	17.10	17.55	16.91	17.33	3723548	100447016.00
2017/11/03	17.32	17.32	16.69	16.75	2458917	65248956.00
2017/11/06	16.91	17.88	16.82	17.72	4320987	118032160.00
2017/11/07	17.66	17.69	17.30	17.69	3257224	89085080.00
2017/11/08	17.63	17.88	17.46	17.46	3358233	92606904.00
2017/11/09	17.27	17.45	17.07	17.38	2459101	66303104.00
2017/11/10	17.29	18.47	17.26	18.01	6155922	173450288.00
2017/11/13	17.99	18.85	17.60	18.63	5582197	159304384.00
2017/11/14	18.45	18.67	18.00	18.04	3957790	113207568.00
2017/11/15	18.05	18.60	17.68	18.06	3469650	98653056.00
2017/11/16	17.83	17.86	16.86	16.96	3434038	93556984.00
2017/11/17	16.89	16.93	15.25	15.25	4481049	111365376.00
2017/11/20	15.28	15.52	14.61	15.43	1901578	45339172.00
2017/11/21	15.33	15.54	14.71	15.15	2041222	48296532.00
2017/11/22	15.07	15.43	14.88	15.05	1433002	34039416.00
2017/11/23	14.91	15.11	14.15	14.21	1997536	45680076.00
2017/11/24	14.26	14.35	14.05	14.10	1269035	28179342.00
2017/11/27	14.09	14.27	13.93	13.96	1000064	22079398.00
2017/11/28	13.96	14.43	13.88	14.37	1120472	24972084.00
2017/11/29	14.37	14.37	13.92	14.21	1064024	23547194.00
2017/11/30	14.19	14.43	14.05	14.27	861754	19275540.00
2017/12/01	14.34	14.59	14.21	14.53	1255569	28431848.00
2017/12/04	14.37	14.38	13.54	13.55	1543546	33735808.00
2017/12/05	13.40	13.70	12.84	12.98	1307773	27134960.00
2017/12/06	12.98	13.58	12.95	13.45	1293653	26867594.00
2017/12/07	13.31	13.53	13.23	13.33	989987	20767672.00
2017/12/08	13.33	13.85	13.29	13.67	1190579	25504706.00
2017/12/11	13.68	13.92	13.67	13.84	771644	16723159.00
2017/12/12	13.76	13.85	13.31	13.46	921237	19578848.00
2017/12/13	13.49	13.96	13.47	13.84	807637	17359046.00
2017/12/14	13.79	14.03	13.64	13.90	681825	14756766.00
2017/12/15	13.81	13.95	13.65	13.78	651047	14073850.00
2017/12/18	13.78	13.85	13.53	13.60	588700	12608145.00
2017/12/19	13.58	13.83	13.58	13.78	419990	9037600.00
2017/12/20	13.77	13.90	13.60	13.61	672795	14462456.00
2017/12/21	13.53	13.81	13.23	13.70	956300	20276982.00
2017/12/22	13.60	13.73	13.52	13.56	520850	11097574.00
2017/12/25	13.59	13.59	13.08	13.31	776777	16156718.00
2017/12/26	13.21	13.92	13.21	13.79	1086867	23248610.00
2017/12/27	13.73	14.05	13.60	13.85	1161931	25164228.00
2017/12/28	13.74	15.01	13.65	14.28	2067734	46665732.00
2017/12/29	14.18	14.50	14.05	14.24	1326745	29494938.00
2018/01/02	14.09	14.34	14.09	14.28	939300	20881002.00
2018/01/03	14.20	14.30	14.06	14.21	943241	20976994.00
2018/01/04	14.16	14.43	14.16	14.24	1007789	22544338.00
2018/01/05	14.34	14.34	14.08	14.14	740200	16408275.00
2018/01/08	14.13	14.28	13.94	14.17	804934	17741126.00
2018/01/09	14.23	14.48	14.05	14.38	1325434	29576340.00
2018/01/10	14.38	14.38	13.74	13.94	1389400	30552548.00
2018/01/11	13.93	14.25	13.80	14.21	1121937	24843280.00
2018/01/12	14.19	14.26	14.08	14.18	812678	18067588.00
2018/01/15	14.13	14.13	13.34	13.38	1254437	26828266.00
2018/01/16	13.34	13.69	13.17	13.62	785400	16730266.00
2018/01/17	13.69	14.01	13.43	13.94	1138246	24564340.00
2018/01/18	13.88	13.98	13.80	13.86	610471	13271982.00
2018/01/19	13.89	14.14	13.80	13.89	720816	15791417.00
2018/01/22	13.70	13.71	12.93	13.36	1799159	37350924.00
2018/01/23	13.28	13.42	13.18	13.24	982090	20439466.00
2018/01/24	13.29	13.42	13.09	13.38	894225	18685160.00
2018/01/25	13.38	13.60	13.29	13.29	1009420	21267012.00
2018/01/26	13.22	13.29	13.02	13.05	1037100	21365672.00
2018/01/29	13.13	13.20	12.97	13.10	625600	12848504.00
2018/01/30	13.09	13.11	12.95	13.11	582645	11908204.00
2018/01/31	13.10	13.20	12.46	12.50	997189	19941134.00
2018/02/01	12.58	12.60	11.75	11.91	753745	14347477.00
2018/02/02	11.72	11.88	10.84	11.57	651053	11770205.00
2018/02/05	11.19	11.51	11.15	11.28	441380	7861795.50
2018/02/06	10.95	11.33	10.51	10.51	744000	12783896.00
2018/02/07	10.84	11.06	10.43	10.81	745900	12660731.00
2018/02/08	11.01	11.35	10.79	11.01	467200	8071193.00
2018/02/09	10.70	10.94	10.52	10.76	571400	9614731.00
2018/02/12	10.93	11.26	10.83	11.21	588189	10254043.00
2018/02/13	11.12	11.31	11.09	11.13	449982	7903424.50
2018/02/14	11.15	11.25	10.99	11.13	357500	6223024.00
2018/02/22	11.28	11.40	11.15	11.26	308695	5444297.50
2018/02/23	11.26	11.31	11.16	11.28	364782	6433277.00
2018/02/26	11.46	11.76	11.38	11.71	839619	15301536.00
2018/02/27	11.72	11.81	11.60	11.71	664940	12220072.00
2018/02/28	11.61	11.61	11.37	11.43	734590	13241322.00
2018/03/01	11.43	11.76	11.43	11.74	770219	14063377.00
2018/03/02	11.74	11.91	11.54	11.60	870045	15989590.00
2018/03/05	11.75	12.77	11.75	12.25	2384695	46312864.00
2018/03/06	12.41	13.49	12.21	12.90	3821853	77640368.00
2018/03/07	12.63	14.05	12.12	13.66	5421425	113439216.00
2018/03/08	13.47	13.83	13.17	13.51	3939961	83053392.00
2018/03/09	13.61	13.88	13.25	13.80	3742329	79745744.00
2018/03/12	13.75	13.87	13.53	13.75	3195800	68524888.00
2018/03/13	13.69	13.69	13.22	13.24	2359010	49494848.00
2018/03/14	13.24	13.56	13.22	13.24	1526327	32016514.00
2018/03/15	13.15	13.15	12.22	12.55	2040527	40501700.00
2018/03/16	12.65	12.81	12.48	12.64	942703	18721712.00
2018/03/19	12.64	13.15	12.59	13.00	1147600	23371588.00
2018/03/20	12.73	13.27	12.70	13.20	1303345	26472418.00
2018/03/21	13.27	13.51	12.97	12.99	1246190	25839118.00
2018/03/22	13.02	13.40	13.00	13.25	1145445	23726226.00
2018/03/23	12.76	12.94	11.91	11.91	1768600	34085220.00
2018/03/26	11.48	12.23	11.42	12.21	881982	16552349.00
2018/03/27	12.43	13.00	12.29	12.72	1425947	28292292.00
2018/03/28	12.50	12.91	12.38	12.70	1263391	25238460.00
2018/03/29	12.87	13.08	12.73	12.99	1269214	25698098.00
2018/03/30	12.98	13.51	12.98	13.37	1695714	35307952.00
2018/04/02	13.39	13.80	13.21	13.47	2411016	51150552.00
2018/04/03	13.22	14.83	13.11	14.16	7295111	164963040.00
2018/04/04	13.70	14.03	13.54	13.54	4973096	107067816.00
2018/04/09	13.30	13.78	13.02	13.45	2735860	57382048.00
2018/04/10	13.35	13.89	12.77	13.59	2958494	62573880.00
2018/04/11	13.44	13.98	13.27	13.90	3397991	73126656.00
2018/04/12	13.92	13.92	13.53	13.61	2013600	43304616.00
2018/04/13	13.74	14.17	13.66	14.03	2822372	61580600.00
2018/04/16	13.94	14.50	13.56	13.81	2294929	50194208.00
2018/04/17	13.81	13.98	13.22	13.40	1919200	41123076.00
2018/04/18	13.43	13.66	12.24	13.25	2431038	49308268.00
2018/04/19	13.07	13.21	12.84	12.84	1409086	28828500.00
2018/04/20	12.79	12.88	12.12	12.12	1295100	25386456.00
2018/04/23	12.21	12.37	12.03	12.24	694100	13290930.00
2018/04/24	12.27	12.96	12.27	12.89	1338790	26663260.00
2018/04/25	12.86	13.18	12.74	12.95	1108438	22583366.00
2018/04/26	12.88	13.06	12.64	12.68	906902	18324792.00
2018/04/27	12.70	13.02	12.67	12.88	787145	15864693.00
2018/05/02	13.13	13.13	12.05	12.45	997390	19494050.00
2018/05/03	12.31	12.98	12.25	12.95	1494220	29659532.00
2018/05/04	13.27	14.03	13.13	13.22	3025112	63548340.00
2018/05/07	13.00	13.72	13.00	13.54	2626872	55430688.00
2018/05/08	13.38	13.57	13.30	13.49	1911084	40230628.00
2018/05/09	13.49	13.81	13.38	13.71	1999925	42802132.00
2018/05/10	13.72	13.91	13.61	13.83	2046204	44091356.00
2018/05/11	13.89	13.96	13.27	13.32	1666615	35219620.00
2018/05/14	13.37	14.07	13.37	13.75	3136947	67729656.00
2018/05/15	13.66	13.92	13.33	13.83	2122590	45110032.00
2018/05/16	13.71	13.85	13.44	13.46	1489137	31719216.00
2018/05/17	13.45	13.65	13.43	13.65	1259135	26726298.00
2018/05/18	13.69	13.71	13.21	13.56	1575031	33205508.00
2018/05/21	13.60	14.08	13.54	14.03	2618819	56919108.00
2018/05/22	14.02	14.26	13.80	14.26	2779346	61103660.00
2018/05/23	14.26	14.26	13.93	13.95	1878371	41302192.00
2018/05/24	13.96	14.16	13.85	13.88	1253776	27469490.00
2018/05/25	13.76	14.23	13.76	13.95	1986792	43757076.00
2018/05/28	14.03	14.28	13.92	14.05	1945240	42998632.00
2018/05/29	14.03	14.03	13.62	13.62	1924545	41526592.00
2018/05/30	13.11	13.24	12.31	12.38	1910412	38312656.00
2018/05/31	12.54	12.75	12.45	12.72	958720	18981646.00
2018/06/01	12.72	12.88	12.39	12.46	965401	19103466.00
2018/06/04	12.50	12.68	12.47	12.55	545135	10762624.00
2018/06/05	12.67	13.17	12.57	13.17	1258016	25544432.00
2018/06/06	13.08	13.51	13.08	13.47	1280921	26818914.00
2018/06/07	13.58	13.69	13.21	13.31	955603	20031364.00
2018/06/08	13.24	13.61	13.17	13.45	1111800	23343920.00
2018/06/11	13.56	13.96	13.47	13.69	1550186	33189590.00
2018/06/12	13.82	13.82	12.54	13.22	1666276	34462084.00
2018/06/13	13.15	14.55	13.00	14.08	9165088	205789888.00
2018/06/14	13.41	13.94	13.27	13.75	5708140	121507464.00
2018/06/15	13.52	13.92	12.57	12.68	4709272	96905264.00
2018/06/19	11.94	12.19	11.40	11.40	2344713	43538276.00
2018/06/20	11.19	11.85	11.19	11.72	1722899	31221886.00
2018/06/21	11.75	11.91	10.54	10.57	2856877	38167688.00
2018/06/22	10.39	10.94	10.34	10.86	1529970	19749368.00
2018/06/25	11.20	11.92	10.95	11.07	2021140	27465450.00
2018/06/26	10.69	11.38	10.68	11.24	1665632	22227006.00
2018/06/27	11.21	11.45	11.09	11.15	1646722	22235560.00
2018/06/28	11.40	11.96	11.20	11.29	2518370	34903732.00
2018/06/29	11.05	11.65	11.03	11.55	2442320	33324902.00
2018/07/02	11.50	11.57	10.90	11.06	1804210	24490232.00
2018/07/03	11.11	11.74	11.06	11.53	2140208	29333502.00
2018/07/04	11.49	11.54	10.91	11.04	1710032	22946526.00
2018/07/05	11.09	11.14	10.59	10.72	1168339	15349777.00
2018/07/06	10.81	10.98	10.32	10.80	1522008	19660510.00
2018/07/09	10.80	11.08	10.57	11.05	1331322	17475596.00
2018/07/10	11.16	11.30	10.87	11.25	1727268	23038374.00
2018/07/11	11.06	11.06	10.40	10.70	1468954	18987946.00
2018/07/12	10.72	11.24	10.72	11.14	1478127	19620806.00
2018/07/13	11.36	11.62	11.14	11.31	2116111	28906984.00
2018/07/16	11.25	11.61	11.25	11.55	1709425	23515730.00
2018/07/17	11.55	11.66	11.40	11.60	1321722	18251460.00
2018/07/18	11.64	11.81	11.55	11.58	1754520	24593124.00
2018/07/19	11.64	11.64	11.22	11.39	1242870	17011360.00
2018/07/20	11.21	12.06	11.21	11.77	2323468	32805026.00
2018/07/23	11.51	11.71	11.43	11.69	1748090	24260218.00
2018/07/24	11.68	11.84	11.55	11.75	1932878	27213898.00
2018/07/25	11.74	11.88	11.55	11.61	1695660	23819744.00
2018/07/26	11.64	11.64	11.37	11.45	1231310	16953582.00
2018/07/27	11.38	11.57	11.38	11.42	845190	11645704.00
2018/07/30	11.56	11.56	11.14	11.25	860890	11695779.00
2018/07/31	11.25	11.46	11.15	11.46	835460	11367500.00
2018/08/01	11.40	11.56	11.15	11.30	1231320	16838264.00
2018/08/02	11.18	11.30	10.43	10.76	1380060	18034714.00
2018/08/03	10.81	11.30	10.62	10.83	1357430	17928380.00
2018/08/06	10.83	10.83	10.32	10.39	1313190	16606071.00
2018/08/07	10.43	10.69	10.39	10.64	946790	12050155.00
2018/08/08	10.59	10.69	10.18	10.18	1033290	12982864.00
2018/08/09	10.20	10.59	10.13	10.50	1046155	13126660.00
2018/08/10	10.50	10.64	10.42	10.59	758400	9627701.00
2018/08/13	10.44	10.73	10.29	10.70	903987	11397058.00
2018/08/14	10.64	10.75	10.59	10.69	512273	6556677.00
2018/08/15	10.62	10.70	10.38	10.41	632493	8008179.00
2018/08/16	10.41	10.60	10.29	10.39	676720	8501431.00
2018/08/17	10.49	10.55	10.14	10.20	739600	9242426.00
2018/08/20	10.14	10.39	10.08	10.34	556601	6862551.00
2018/08/21	10.34	10.59	10.27	10.51	713343	8979432.00
2018/08/22	10.51	10.69	10.31	10.51	1128910	14260031.00
2018/08/23	10.51	10.66	10.39	10.55	948450	12007035.00
2018/08/24	10.49	10.57	10.34	10.53	685100	8632335.00
2018/08/27	10.59	10.95	10.52	10.91	1499893	19428148.00
2018/08/28	10.93	11.07	10.78	10.86	851238	11164487.00
2018/08/29	10.86	10.94	10.70	10.76	550110	7153730.00
2018/08/30	10.72	10.86	10.57	10.57	559470	7188407.00
2018/08/31	10.59	10.69	10.48	10.53	572010	7273429.00
2018/09/03	10.43	10.69	10.32	10.66	727000	9175205.00
2018/09/04	10.53	10.79	10.51	10.73	609950	7839682.50
2018/09/05	10.74	10.80	10.54	10.54	488090	6270081.00
2018/09/06	10.52	10.69	10.42	10.51	424127	5374622.50
2018/09/07	10.54	10.70	10.33	10.46	492468	6253487.50
2018/09/10	10.40	10.52	10.20	10.24	524429	6531873.50
2018/09/11	10.24	10.41	10.18	10.24	478090	5906257.50
2018/09/12	10.24	10.39	10.18	10.29	318140	3941421.50
2018/09/13	10.36	10.54	10.34	10.53	659929	8278267.00
2018/09/14	10.56	10.57	10.24	10.29	392536	4919870.00
2018/09/17	10.30	10.34	10.07	10.11	472479	5773254.50
2018/09/18	10.08	10.29	10.03	10.26	415060	5088036.50
2018/09/19	10.21	10.42	10.18	10.35	456800	5671767.00
2018/09/20	10.35	10.37	10.23	10.24	365290	4517499.00
2018/09/21	10.24	10.33	10.11	10.33	915095	11267189.00
2018/09/25	10.24	10.34	10.24	10.27	432610	5347438.00
2018/09/26	10.27	10.34	10.24	10.29	480523	5939503.00
2018/09/27	10.25	10.28	9.78	9.80	1600462	19177402.00
2018/09/28	9.86	9.94	9.79	9.91	682862	8104503.00
2018/10/08	9.72	9.72	9.33	9.39	584792	6696881.50
2018/10/09	9.47	9.48	9.28	9.40	589420	6644058.00
2018/10/10	9.41	9.63	9.40	9.57	890740	10186826.00
2018/10/11	9.30	9.32	8.61	8.67	1330111	14221009.00
2018/10/12	8.57	8.76	8.24	8.66	896925	9272863.00
2018/10/15	9.17	9.52	8.66	9.50	3657574	41453784.00
2018/10/16	9.23	9.51	9.00	9.28	2195056	24419740.00
2018/10/17	9.39	9.77	9.23	9.55	2031242	23211588.00
2018/10/18	9.42	9.88	9.03	9.48	2353187	26934312.00
2018/10/19	9.22	9.96	9.22	9.91	2369282	27703002.00
2018/10/22	9.89	10.48	9.80	10.18	2501236	30481214.00
2018/10/23	10.10	10.35	10.03	10.15	1684204	20598664.00
2018/10/24	10.06	10.30	9.82	10.02	1837440	22107594.00
2018/10/25	9.69	10.10	9.66	10.02	1130227	13464170.00
2018/10/26	10.19	10.31	9.93	9.95	915550	11044592.00
2018/10/29	10.04	10.15	9.66	9.95	958767	11570126.00
2018/10/30	9.88	10.23	9.78	10.13	1063360	12885729.00
2018/10/31	10.09	10.35	10.09	10.26	1078720	13321554.00
2018/11/01	10.33	10.39	10.10	10.15	1428526	17635382.00
2018/11/02	10.29	10.64	10.21	10.52	2032930	25523564.00
2018/11/05	10.49	10.79	10.05	10.20	3944919	48880760.00
2018/11/06	10.14	10.16	9.68	9.91	2533549	29958250.00
2018/11/07	9.91	10.09	9.84	9.92	1708109	20504868.00
2018/11/08	10.03	10.05	9.85	9.87	1153324	13805969.00
2018/11/09	9.82	9.94	9.80	9.90	950908	11287209.00
2018/11/12	9.90	10.18	9.83	10.16	1154591	13955748.00
2018/11/13	10.07	10.39	9.99	10.34	1771992	21792216.00
2018/11/14	10.33	10.45	10.25	10.30	1444260	17963762.00
2018/11/15	10.24	10.67	10.24	10.64	2158585	27279190.00
2018/11/16	10.67	10.87	10.57	10.68	2417640	31151654.00
2018/11/19	10.67	10.83	10.59	10.80	1609749	20736152.00
2018/11/20	10.68	10.83	10.40	10.42	1693271	21641004.00
2018/11/21	10.39	10.71	10.34	10.70	1431556	18127810.00
2018/11/22	10.79	10.79	10.58	10.62	1068430	13689465.00
2018/11/23	10.57	10.69	9.94	9.97	1687156	20832750.00
2018/11/26	9.94	10.07	9.79	9.98	900744	10807618.00
2018/11/27	10.03	10.26	10.03	10.13	987260	12022281.00
2018/11/28	10.18	10.34	9.98	10.29	904417	11051331.00
2018/11/29	10.35	10.47	9.87	9.87	1091910	13371778.00
2018/11/30	9.97	10.04	9.74	9.98	890053	10636453.00
2018/12/03	10.22	10.53	10.19	10.49	2034809	25440232.00
2018/12/04	10.47	10.70	10.47	10.69	1337809	17041616.00
2018/12/05	10.44	10.86	10.40	10.82	1839280	23693038.00
2018/12/06	10.54	10.82	10.44	10.56	1172035	14998019.00
2018/12/07	10.74	10.74	10.52	10.59	772430	9858190.00
2018/12/10	10.41	10.70	10.41	10.52	678900	8628831.00
2018/12/11	10.54	11.05	10.54	10.87	1505509	19550780.00
2018/12/12	10.90	11.03	10.66	10.74	1008755	13033072.00
2018/12/13	10.78	11.30	10.66	11.14	2423852	32104384.00
2018/12/14	11.06	11.06	10.74	10.82	2055819	26889558.00
2018/12/17	10.61	10.69	10.41	10.53	1658100	20997584.00
2018/12/18	10.46	10.61	10.30	10.53	1144792	14397333.00
2018/12/19	10.42	10.63	10.34	10.40	704789	8889173.00
2018/12/20	10.36	10.71	10.36	10.62	1095734	13939218.00
2018/12/21	10.59	11.26	10.59	11.13	3640992	48023468.00
2018/12/24	11.17	11.30	11.00	11.25	3329718	44643476.00
2018/12/25	11.11	11.25	10.81	11.22	2652943	35202464.00
2018/12/26	11.08	11.61	11.08	11.32	3667916	50146664.00
2018/12/27	11.40	11.48	11.25	11.35	2678695	36575224.00
2018/12/28	11.47	11.87	11.33	11.86	4418410	61742352.00
2019/01/02	12.16	12.20	11.11	11.25	6229914	86932816.00
2019/01/03	10.98	12.06	10.95	12.04	5496250	75668624.00
2019/01/04	11.75	12.48	11.71	12.41	5633684	81679384.00
2019/01/07	12.15	12.81	12.10	12.53	5026198	75606592.00
2019/01/08	12.79	13.79	12.52	13.23	11932242	191368192.00
2019/01/09	12.91	13.43	12.84	12.99	6170876	96989256.00
2019/01/10	12.95	14.22	12.95	13.99	7382701	120859128.00
2019/01/11	13.89	14.13	13.57	13.93	5016287	83050736.00
2019/01/14	13.67	15.16	13.62	14.91	8454774	148050992.00
2019/01/15	14.80	16.41	14.80	16.41	10585361	202025744.00
2019/01/16	17.09	18.05	15.27	15.71	18540762	365609152.00
2019/01/17	15.46	16.45	15.26	15.92	13185682	251797248.00
2019/01/18	15.52	15.74	14.33	14.33	11145737	198040528.00
2019/01/21	13.91	14.09	13.39	13.62	10751880	177314544.00
2019/01/22	13.58	13.84	13.43	13.69	6498362	106278400.00
2019/01/23	13.62	13.62	13.16	13.47	6782017	108860856.00
2019/01/24	13.33	13.54	13.18	13.32	4217378	67685464.00
2019/01/25	13.31	13.42	12.66	12.78	6713239	104321312.00
2019/01/28	12.88	12.91	12.62	12.73	2941898	45153728.00
2019/01/29	12.70	13.06	12.63	12.96	4591862	71103744.00
2019/01/30	12.87	12.96	12.53	12.81	2963590	45380528.00
2019/01/31	12.75	12.87	11.82	11.97	4642113	68264464.00
2019/02/01	12.10	12.69	12.01	12.62	3658019	54584868.00
2019/02/11	12.86	13.35	12.70	13.23	5278096	83117064.00
2019/02/12	13.27	13.72	13.18	13.45	5461734	88352848.00
2019/02/13	13.53	14.20	13.43	14.13	7639764	126642352.00
2019/02/14	14.41	14.58	13.87	14.44	8134204	139083968.00
2019/02/15	14.43	14.91	14.19	14.78	7152679	124983416.00
2019/02/18	15.00	15.33	14.58	15.15	6941256	124887096.00
2019/02/19	15.72	15.72	14.21	14.49	14594633	260660656.00
2019/02/20	14.35	14.48	13.94	14.02	7610227	129136208.00
2019/02/21	14.14	14.40	13.84	13.88	7251009	123503848.00
2019/02/22	13.75	14.21	13.72	14.18	5238173	88556248.00
2019/02/25	14.40	14.98	14.37	14.94	9986649	175340576.00
2019/02/26	14.82	14.83	14.42	14.45	7792824	136692896.00
2019/02/27	14.44	14.65	14.21	14.27	5337496	92394056.00
2019/02/28	14.31	15.66	14.31	15.48	11082177	200641440.00
2019/03/01	15.36	15.47	15.03	15.20	6316906	115428872.00
2019/03/04	15.29	15.72	15.11	15.26	7506231	138712592.00
2019/03/05	15.11	15.83	15.11	15.71	6912104	129268960.00
2019/03/06	15.82	15.93	15.35	15.67	6364550	118795744.00
2019/03/07	15.67	15.75	15.13	15.49	7324564	135771680.00
2019/03/08	15.31	16.23	15.17	15.48	10061663	190824240.00
2019/03/11	15.71	16.25	15.67	16.25	7589674	145812384.00
2019/03/12	16.18	17.09	16.10	16.42	8183156	162632608.00
2019/03/13	16.25	16.48	15.83	15.92	5817351	112636096.00
2019/03/14	15.80	16.21	15.05	15.20	4527999	84175920.00
2019/03/15	15.37	15.62	15.26	15.46	3038586	56326776.00
2019/03/18	15.58	15.74	15.17	15.71	3125779	58188584.00
2019/03/19	15.82	16.38	15.60	15.96	3515520	67524104.00
2019/03/20	15.87	16.11	15.33	15.77	3151326	59290440.00
2019/03/21	15.77	15.93	15.61	15.82	3219274	60974472.00
2019/03/22	15.84	15.91	15.31	15.67	2602114	48654312.00
2019/03/25	15.41	15.67	15.33	15.47	3149081	58750772.00
2019/03/26	15.52	16.07	15.52	15.68	4442873	84081896.00
2019/03/27	15.79	15.90	14.93	15.22	3546013	65005964.00
2019/03/28	15.17	15.33	14.95	15.00	2445517	44437332.00
2019/03/29	14.99	15.45	14.69	15.43	3111889	56610828.00
2019/04/01	15.58	16.10	15.50	16.09	4391240	83834792.00
2019/04/02	16.25	16.32	16.02	16.13	3888067	75323376.00
2019/04/03	15.98	16.45	15.98	16.29	3452406	67223776.00
2019/04/04	16.26	16.49	16.11	16.40	3165257	61881008.00
2019/04/08	16.46	16.62	15.62	15.82	3839647	73849112.00
2019/04/09	15.62	15.97	15.62	15.79	1960284	37151336.00
2019/04/10	15.82	15.82	15.47	15.60	2664646	49921156.00
2019/04/11	16.25	16.36	15.82	15.91	4705917	90827608.00
2019/04/12	15.87	17.11	15.52	16.79	7231754	142810160.00
2019/04/15	16.99	17.96	16.66	17.28	7588522	157732400.00
2019/04/16	17.24	19.01	17.09	18.99	7629879	165076800.00
2019/04/17	18.57	19.09	18.21	18.45	6678088	148616960.00
2019/04/18	18.92	20.03	18.43	18.49	8987157	204892000.00
2019/04/19	17.97	18.09	17.36	17.57	6032243	127477240.00
2019/04/22	17.84	18.05	17.64	17.70	3409298	72751712.00
2019/04/23	17.71	18.04	16.91	16.99	4258832	87961312.00
2019/04/24	17.08	17.39	16.86	17.35	2603684	53715460.00
2019/04/25	17.34	17.34	16.34	16.41	3293036	66431716.00
2019/04/26	16.41	16.68	16.28	16.54	2360266	46852696.00
2019/04/29	16.39	16.75	15.98	16.25	2898096	57000980.00
2019/04/30	16.08	16.42	15.76	15.83	2594236	49961132.00
2019/05/06	15.09	15.39	14.25	14.25	3477733	61435096.00
2019/05/07	14.53	14.64	14.01	14.18	2321288	39977988.00
2019/05/08	13.86	14.50	13.63	14.30	2452804	41725604.00
2019/05/09	14.12	15.58	14.12	14.99	4157722	74431240.00
2019/05/10	15.07	15.72	14.91	15.49	3758060	69456520.00
2019/05/13	15.32	15.57	15.06	15.30	2203820	40424464.00
2019/05/14	15.01	16.04	14.96	15.12	2740980	50215260.00
2019/05/15	15.21	15.45	15.16	15.39	2018184	37120092.00
2019/05/16	15.34	15.54	15.16	15.40	1692848	31151342.00
2019/05/17	15.41	15.48	14.75	15.02	1975733	35858556.00
2019/05/20	14.96	14.99	14.60	14.83	1390661	24657940.00
2019/05/21	14.75	15.12	14.75	14.98	1628686	29270354.00
2019/05/22	14.98	15.03	14.47	14.55	1947935	34371496.00
2019/05/23	14.66	14.73	14.07	14.07	1687730	29238916.00
2019/05/24	14.05	14.25	13.71	13.88	1723055	24035444.00
2019/05/27	13.88	14.48	13.84	14.45	2057105	29332088.00
2019/05/28	14.40	14.55	14.18	14.21	1958248	28145394.00
2019/05/29	14.21	14.57	14.15	14.36	1656013	23825948.00
2019/05/30	14.43	14.90	14.08	14.76	2628542	38022640.00
2019/05/31	14.76	14.97	14.42	14.55	2788453	40839516.00
2019/06/03	14.55	15.39	14.55	15.22	4607636	69197728.00
2019/06/04	15.12	15.13	14.65	14.84	2424038	35956844.00
2019/06/05	15.10	15.10	14.71	14.92	1753787	26105650.00
2019/06/06	14.89	15.00	14.20	14.38	1689626	24620860.00
2019/06/10	14.49	15.19	14.38	15.12	2603392	38810036.00
2019/06/11	15.37	15.49	14.60	15.28	2892173	44051640.00
2019/06/12	15.40	15.68	15.25	15.36	2376272	36769064.00
2019/06/13	15.48	15.60	15.29	15.55	1689549	26147974.00
2019/06/14	15.50	15.73	15.11	15.16	1482199	22810392.00
2019/06/17	15.16	16.06	15.16	15.84	3083645	48534868.00
2019/06/18	15.85	16.00	15.57	15.72	2010317	31573252.00
2019/06/19	16.05	16.71	15.94	16.32	3872920	63377460.00
2019/06/20	16.21	16.60	16.11	16.50	3111731	51086788.00
2019/06/21	16.51	16.85	16.44	16.60	2859719	47711048.00
2019/06/24	16.53	17.13	16.45	16.83	2274318	38142192.00
2019/06/25	16.91	17.55	16.55	17.34	4580832	78235808.00
2019/06/26	17.34	17.58	17.01	17.28	2877737	49649508.00
2019/06/27	17.37	18.60	17.21	18.37	5252313	95007752.00
2019/06/28	18.14	18.27	17.52	17.87	3872566	69139552.00
2019/07/01	18.40	18.88	17.70	17.72	6064790	111068120.00
2019/07/02	17.80	17.96	16.32	16.73	7713891	130904912.00
2019/07/03	16.71	17.24	16.51	17.02	4726791	80102592.00
2019/07/04	17.13	17.13	16.26	16.39	3446733	57014156.00
2019/07/05	16.36	16.86	16.36	16.49	2336572	38753800.00
2019/07/08	16.48	16.66	15.92	16.03	2197385	35634052.00
2019/07/09	15.96	16.32	15.92	16.19	1514900	24451732.00
2019/07/10	16.24	16.24	15.75	15.83	1538827	24568026.00
2019/07/11	15.80	16.31	15.74	16.20	2357842	37972296.00
2019/07/12	16.24	16.25	15.73	15.87	2105630	33424830.00
2019/07/15	16.50	17.46	16.30	17.46	8335775	142703568.00
2019/07/16	17.27	17.76	17.21	17.48	6078203	106043168.00
2019/07/17	17.36	17.70	17.36	17.49	4267868	74572016.00
2019/07/18	17.27	17.55	17.15	17.22	3031322	52424080.00
2019/07/19	17.41	17.44	17.06	17.10	2215442	38149900.00
2019/07/22	17.22	17.33	16.31	16.85	3328763	56218648.00
2019/07/23	16.97	18.46	16.91	18.13	7362425	131498792.00
2019/07/24	17.91	18.30	17.91	18.05	4233572	76671840.00
2019/07/25	18.08	18.35	17.92	18.11	3610979	65496464.00
2019/07/26	18.03	18.20	17.75	17.86	2883057	51689188.00
2019/07/29	17.96	18.46	17.90	18.25	3520238	63888008.00
2019/07/30	18.26	18.28	17.90	18.04	3096605	55982380.00
2019/07/31	18.04	18.17	17.84	17.92	1714607	30856860.00
2019/08/01	17.83	18.77	17.80	18.35	5726923	105367000.00
2019/08/02	18.00	18.01	17.33	17.98	4803674	85197016.00
2019/08/05	17.77	18.22	17.60	17.62	3130748	55957952.00
2019/08/06	17.15	17.97	17.01	17.70	5018876	88186032.00
2019/08/07	17.90	17.98	17.05	17.07	2716526	47576316.00
2019/08/08	17.08	18.78	17.08	18.78	10363140	191757008.00
2019/08/09	19.16	19.18	17.58	17.98	10002000	184262560.00
2019/08/12	18.07	18.30	17.63	18.29	6272450	112541952.00
2019/08/13	18.10	18.12	17.55	17.63	4469372	79282408.00
2019/08/14	18.00	19.39	17.83	19.39	7721653	145614352.00
2019/08/15	18.90	20.00	18.50	19.90	11643494	224040432.00
2019/08/16	19.63	19.93	19.45	19.54	7289240	142942176.00
2019/08/19	19.59	20.33	19.41	20.07	8247643	164146992.00
2019/08/20	19.73	20.04	19.29	20.00	7529116	147899024.00
2019/08/21	19.86	19.95	19.53	19.71	4685738	92443488.00
2019/08/22	19.73	19.83	18.95	19.31	6252900	120512920.00
2019/08/23	19.42	19.47	19.00	19.00	4298483	82516872.00
2019/08/26	18.38	18.88	18.38	18.64	3700605	68820216.00
2019/08/27	18.73	19.38	18.60	19.00	4035984	76688048.00
2019/08/28	18.91	19.03	18.52	18.83	3130373	58712368.00
2019/08/29	18.86	19.24	18.58	19.13	3399099	64471404.00
2019/08/30	19.06	19.19	17.66	18.03	5455348	100549584.00
2019/09/02	18.00	18.35	17.80	18.28	5482641	98902280.00
2019/09/03	18.30	18.55	18.15	18.51	3991183	73310064.00
2019/09/04	18.32	18.62	18.16	18.44	3410004	62594980.00
2019/09/05	18.56	19.65	18.48	19.16	7831255	149944176.00
2019/09/06	19.25	19.48	18.89	19.00	5100616	97573384.00
2019/09/09	19.17	19.94	19.14	19.86	6548765	127767928.00
2019/09/10	19.73	19.75	19.30	19.73	4114130	80335864.00
2019/09/11	19.77	19.90	19.21	19.27	4185035	81881200.00
2019/09/12	19.28	19.47	19.04	19.29	2485546	47746052.00
2019/09/16	19.37	19.80	19.13	19.80	4654121	90920984.00
2019/09/17	19.65	19.65	18.58	18.79	4619774	88138584.00
2019/09/18	18.79	20.67	18.79	19.60	8298703	164611472.00
2019/09/19	19.07	20.97	19.07	20.50	11916123	240738544.00
2019/09/20	20.49	20.84	20.13	20.46	8567990	175372512.00
2019/09/23	20.75	21.17	20.16	20.84	7203086	149097984.00
2019/09/24	20.82	21.46	20.65	21.22	8375280	176536704.00
2019/09/25	20.99	20.99	20.11	20.18	6230797	127399176.00
2019/09/26	20.29	20.60	19.41	19.48	5245820	104202808.00
2019/09/27	19.68	19.94	19.43	19.81	4344895	85793456.00
2019/09/30	19.90	19.91	18.88	19.06	3602851	69341576.00
2019/10/08	19.11	19.33	18.10	18.39	4486124	84073312.00
2019/10/09	18.36	18.59	18.15	18.55	2680368	49292172.00
2019/10/10	18.55	19.30	18.41	19.22	4305008	81725120.00
2019/10/11	19.23	19.47	19.04	19.39	3313549	63875052.00
2019/10/14	19.51	19.80	19.39	19.80	3405501	66777624.00
2019/10/15	20.00	20.55	19.79	19.86	6599818	133096384.00
2019/10/16	20.00	20.87	19.86	20.52	7397937	152333376.00
2019/10/17	20.64	20.92	20.44	20.80	4887790	101082976.00
2019/10/18	20.80	20.87	20.22	20.54	4280726	88173384.00
2019/10/21	20.61	21.07	20.10	20.94	4614953	95100416.00
2019/10/22	21.17	21.17	20.30	20.71	4967074	102474056.00
2019/10/23	20.66	21.28	20.28	20.76	5082349	105422304.00
2019/10/24	20.61	21.10	20.39	20.53	3473554	71739736.00
2019/10/25	20.59	21.99	20.28	21.78	9199881	195130528.00
2019/10/28	21.66	21.85	21.26	21.82	6813864	147401648.00
2019/10/29	21.62	21.76	20.29	20.46	7020755	148201584.00
2019/10/30	20.48	20.73	20.21	20.30	4297447	87715328.00
2019/10/31	20.34	20.45	19.76	19.85	3915884	78551008.00
2019/11/01	19.85	20.31	19.72	20.25	3119891	62685988.00
2019/11/04	20.29	21.34	20.29	20.78	5208917	108639208.00
2019/11/05	21.00	21.28	20.77	21.15	3725119	78366352.00
2019/11/06	21.00	21.56	20.82	21.30	3989892	84479848.00
2019/11/07	21.00	21.66	20.93	21.65	5366976	114672728.00
2019/11/08	21.58	21.92	21.17	21.20	4309948	92527448.00
2019/11/11	21.00	22.10	21.00	21.60	7208793	156372704.00
2019/11/12	21.46	21.81	19.86	20.45	7725485	158290512.00
2019/11/13	20.26	22.50	20.26	22.50	15478598	343015136.00
2019/11/14	22.63	22.68	21.68	22.01	13362715	295342336.00
2019/11/15	21.89	22.35	21.57	21.57	7351699	160746400.00
2019/11/18	21.56	22.09	21.08	22.05	6475137	139862144.00
2019/11/19	21.93	22.52	21.77	22.39	7068388	157305760.00
2019/11/20	22.40	22.46	21.90	21.93	4630745	102612624.00
2019/11/21	21.78	23.30	21.73	22.95	8251560	187806832.00
2019/11/22	23.00	23.88	22.51	22.90	10251820	237800896.00
2019/11/25	22.75	22.90	21.60	22.29	6351626	141224352.00
2019/11/26	22.30	24.50	22.07	23.80	9569046	224928464.00
2019/11/27	23.78	24.76	23.25	24.41	9448250	226863488.00
2019/11/28	24.00	24.25	23.36	23.75	8566931	203794000.00
2019/11/29	23.67	24.34	23.35	24.27	6705592	160255296.00
数据来源:通达信
