300468 四方精创 日线 前复权
      日期	    开盘	    最高	    最低	    收盘	    成交量	    成交额
2015/09/02	21.03	24.48	20.87	22.40	1371926	57655680.00
2015/09/07	22.86	24.17	22.59	23.34	778221	33614680.00
2015/09/08	22.92	25.34	22.89	25.31	1127124	50322880.00
2015/09/09	25.82	27.20	25.26	26.58	1669544	80880880.00
2015/09/10	26.33	26.47	25.61	25.62	774577	37115932.00
2015/09/11	25.76	26.59	25.62	26.03	720249	34515540.00
2015/09/14	26.25	26.41	23.37	23.37	753793	33871968.00
2015/09/15	22.33	23.47	21.45	21.52	710517	29748220.00
2015/09/16	22.18	23.72	21.63	23.72	641368	26802318.00
2015/09/17	24.20	25.93	23.42	24.10	1309518	59647704.00
2015/09/18	24.48	26.56	24.27	26.56	3560571	171780912.00
2015/09/21	26.64	29.12	26.14	29.03	4487875	225546560.00
2015/09/22	28.92	30.03	27.45	28.23	3687769	193695808.00
2015/09/23	27.54	28.74	27.48	28.06	2286407	117708712.00
2015/09/24	28.13	29.20	27.33	28.14	2621835	135765520.00
2015/09/25	28.80	30.29	28.05	28.49	4457707	237661200.00
2015/09/28	27.81	30.89	26.98	30.41	3543744	187903728.00
2015/09/29	29.54	30.13	28.30	28.92	2843446	152463904.00
2015/09/30	28.82	29.15	27.68	28.00	1448233	75070432.00
2015/10/08	29.15	30.86	28.65	30.86	2913640	160975760.00
2015/10/09	30.68	32.80	30.30	32.30	2829010	163373856.00
2015/10/12	32.64	35.51	32.64	34.52	2119776	133232552.00
2015/10/13	32.98	34.20	32.94	33.36	3229954	196946880.00
2015/10/14	32.95	33.64	31.81	32.38	2408950	143939104.00
2015/10/15	32.53	35.57	32.03	35.53	2536596	158112160.00
2015/10/16	35.60	35.64	34.28	35.19	1983502	126899760.00
2015/10/19	34.87	34.93	33.48	34.64	1753801	109831912.00
2015/10/20	34.52	36.63	34.20	35.86	2147444	140051344.00
2015/10/21	35.22	35.97	32.22	32.22	2267431	142118704.00
2015/10/22	32.26	33.84	30.88	33.45	1862229	111607704.00
2015/10/23	33.50	36.64	33.49	35.97	3176902	203726272.00
2015/10/26	36.14	36.60	34.74	35.87	2401389	155638544.00
2015/10/27	34.81	38.36	33.36	37.19	2035575	131301144.00
2015/10/28	37.25	38.36	35.95	36.50	1933468	132080216.00
2015/10/29	36.97	37.39	35.69	36.75	1461923	98040344.00
2015/10/30	36.27	39.47	35.54	38.72	2295337	159149312.00
2015/11/02	37.55	42.65	37.31	41.20	4386087	331420032.00
2015/11/03	40.84	43.68	40.75	41.71	2562570	197563472.00
2015/11/04	41.70	44.45	41.14	43.82	3128149	241946512.00
2015/11/05	43.36	45.96	41.81	42.53	3169649	249991968.00
2015/11/06	42.53	46.63	42.53	46.40	2410948	195280512.00
2015/11/09	45.33	50.86	45.03	49.47	2420460	213076272.00
2015/11/10	48.92	51.08	47.70	49.36	2140109	191815936.00
2015/11/11	48.96	54.35	48.64	54.35	2498995	239050624.00
2015/11/12	55.58	58.72	52.40	56.47	3771201	376726208.00
2015/11/13	54.47	55.52	50.78	50.78	3626003	341907328.00
2015/11/16	46.79	49.58	46.08	48.58	3208471	279359328.00
2015/11/17	49.40	50.29	44.19	44.84	4330058	373517856.00
2015/11/18	44.83	45.53	43.13	43.36	3414853	274357312.00
2015/11/19	43.86	46.25	43.26	46.22	3519013	286485184.00
2015/11/20	46.38	46.97	44.50	45.86	3136131	260978112.00
2015/11/23	45.68	46.42	43.93	44.64	2691864	221561968.00
2015/11/24	44.75	49.15	44.03	49.15	4147048	356244064.00
2015/11/25	48.37	51.63	48.37	49.47	4412848	401470336.00
2015/11/26	49.45	51.54	48.65	51.00	3294385	301268736.00
2015/11/27	52.25	56.16	51.41	53.36	6769938	671057344.00
2015/11/30	55.02	58.75	53.36	58.75	7377782	757550080.00
2015/12/01	58.35	60.02	52.82	52.82	5347352	545667712.00
2015/12/02	50.51	51.19	47.49	48.66	4382888	390258496.00
2015/12/03	49.10	52.00	48.92	51.14	2940258	269936160.00
2015/12/04	50.30	53.36	50.04	51.48	2886101	272582464.00
2015/12/07	51.47	53.92	50.36	52.96	2580475	246335984.00
2015/12/08	52.80	55.30	51.58	54.16	2972111	290389184.00
2015/12/09	53.30	53.85	50.03	50.19	2762351	258708944.00
2015/12/10	49.25	50.47	48.29	48.51	2033606	181770224.00
2015/12/11	48.36	49.47	46.47	46.54	1719252	150840704.00
2015/12/14	45.31	48.86	44.84	48.02	1658438	138857552.00
2015/12/15	47.80	48.97	47.69	47.98	1228800	107977288.00
2015/12/16	48.53	50.86	48.41	49.39	1734760	157006992.00
2015/12/17	49.47	52.08	49.47	51.48	2056244	189785696.00
2015/12/18	51.09	51.98	49.47	49.64	1496035	136895632.00
2015/12/21	49.14	49.55	47.58	49.17	1336123	118219512.00
2015/12/22	49.22	50.57	48.92	50.10	1130849	102208504.00
2015/12/23	50.18	50.86	48.92	49.46	1540824	139879920.00
2015/12/24	49.18	50.50	48.37	50.50	1762130	158995600.00
2015/12/25	50.78	53.14	50.25	50.99	2529788	237694528.00
2015/12/28	50.37	50.80	46.97	46.97	2875722	254756272.00
2015/12/29	46.98	47.55	46.46	47.30	1291836	110653256.00
2015/12/30	47.32	48.36	47.03	47.62	859174	74685464.00
2015/12/31	47.80	48.08	45.52	45.63	1153248	97946960.00
2016/01/04	45.19	45.30	41.01	41.01	1546059	119634904.00
2016/01/05	37.81	41.01	36.92	37.64	1960983	138743856.00
2016/01/06	38.78	39.86	37.53	39.81	1986219	141111120.00
2016/01/07	39.05	39.05	35.77	35.77	441900	29594518.00
2016/01/08	36.03	36.81	32.86	35.59	2599530	167861984.00
2016/01/11	33.92	34.36	31.98	31.98	1987450	119101888.00
2016/01/12	31.54	32.84	30.86	31.89	1951046	113933360.00
2016/01/13	32.30	32.79	29.25	29.37	2843992	160101184.00
2016/01/14	27.88	31.64	27.88	31.17	3068231	169221648.00
2016/01/15	30.60	32.46	29.97	30.53	2929210	167120288.00
2016/01/18	29.41	32.46	29.38	31.61	2142179	123045088.00
2016/01/19	31.49	33.26	31.14	33.18	2427612	142743824.00
2016/01/20	32.85	33.46	32.26	32.45	2046290	122494440.00
2016/01/21	31.81	34.20	31.70	31.74	2823432	170037504.00
2016/01/22	32.10	33.53	31.51	32.92	2242855	133351224.00
2016/01/25	33.48	33.74	31.75	32.48	1857081	111531080.00
2016/03/17	29.18	34.14	29.18	33.28	6819853	379577376.00
2016/03/18	32.03	34.64	31.42	33.63	6590283	397894976.00
2016/03/21	34.12	37.05	33.48	37.05	5804387	371677408.00
2016/03/22	36.19	36.92	35.52	35.58	3324534	219761632.00
2016/03/23	35.03	37.53	35.03	36.37	3057202	202590416.00
2016/03/24	35.87	36.52	34.92	34.95	2599612	169087200.00
2016/03/25	34.48	35.42	34.41	34.66	1851381	117761664.00
2016/03/28	34.97	35.70	33.15	33.36	2313099	145722736.00
2016/03/29	33.36	33.36	31.22	31.70	2119289	124077496.00
2016/03/30	32.04	33.70	31.14	33.63	2301329	137334896.00
2016/03/31	33.92	35.24	33.84	34.31	2722698	171857280.00
2016/04/01	33.93	34.92	33.16	33.76	2050342	127015816.00
2016/04/05	33.86	35.72	33.70	35.29	2342712	149147648.00
2016/04/06	35.30	36.64	34.95	35.63	2530935	165613680.00
2016/04/07	35.97	36.94	35.30	35.31	2961714	195798352.00
2016/04/08	34.47	34.99	33.64	34.08	2332509	145419120.00
2016/04/11	34.36	35.86	34.24	35.44	2164614	139611472.00
2016/04/12	34.92	35.54	33.39	33.81	2410347	150433168.00
2016/04/13	33.95	35.12	33.95	34.21	2295930	145698016.00
2016/04/14	34.67	35.86	34.61	35.80	2659248	171262800.00
2016/04/15	36.15	37.61	35.86	36.85	3616787	243266128.00
2016/04/18	36.70	36.74	34.75	35.20	2526664	162636064.00
2016/04/19	35.37	36.76	35.37	36.76	2862355	188313248.00
2016/04/20	36.86	37.02	33.03	33.03	3752411	236725392.00
2016/04/21	32.81	33.44	30.03	30.59	2554939	150426128.00
2016/04/22	30.47	31.69	30.47	31.56	1392727	79581000.00
2016/04/25	30.86	30.86	30.04	30.38	1864615	103874792.00
2016/04/26	30.59	30.87	30.25	30.87	1507614	84202696.00
2016/04/27	30.86	31.20	30.25	30.31	1174527	66317704.00
2016/04/28	30.36	30.68	28.64	30.48	1420011	77623024.00
2016/04/29	30.03	30.75	29.63	29.75	1030187	57018300.00
2016/05/03	30.03	31.46	29.75	31.31	1466900	82973680.00
2016/05/04	31.42	32.29	31.15	31.93	1690001	98230600.00
2016/05/05	31.70	32.65	31.37	32.25	1567486	91671304.00
2016/05/06	32.26	32.59	30.21	30.34	2317025	132596840.00
2016/05/09	29.85	29.85	28.64	28.76	1318809	70156584.00
2016/05/10	28.70	29.17	28.64	28.89	649962	34443564.00
2016/05/11	28.98	29.25	27.59	27.62	970035	50443116.00
2016/05/12	27.09	27.25	25.59	26.70	1403499	68125000.00
2016/05/13	26.57	27.13	26.02	26.47	838723	40974144.00
2016/05/16	26.41	27.14	26.14	27.04	903194	44488212.00
2016/05/17	27.52	28.08	26.70	27.42	1079625	54131916.00
2016/05/18	26.61	27.09	24.92	25.36	1711399	81118144.00
2016/05/19	25.53	27.94	25.36	27.94	1739426	86875528.00
2016/05/20	28.18	30.44	27.94	29.68	4603372	247235440.00
2016/05/23	29.42	30.30	29.14	29.62	3377661	183130896.00
2016/05/24	29.53	29.53	28.62	28.91	2014473	106967184.00
2016/05/25	29.01	30.29	29.01	29.19	2810389	152808144.00
2016/05/26	28.68	29.39	27.28	29.32	2393898	124210808.00
2016/05/27	29.31	30.75	28.75	30.08	3043555	166989696.00
2016/05/30	29.50	30.85	28.76	29.60	2303349	126616864.00
2016/05/31	29.46	32.61	29.20	32.61	4560651	265460064.00
2016/06/01	33.45	35.92	32.91	35.60	7360516	467022784.00
2016/06/02	35.87	39.21	35.86	39.21	8928530	612193408.00
2016/06/03	39.21	41.68	38.23	40.31	7288380	527006112.00
2016/06/06	39.75	42.11	38.92	40.03	4454880	328817088.00
2016/06/07	40.53	44.09	39.85	44.09	4451209	342851136.00
2016/06/08	44.41	45.44	42.08	42.81	4659652	368474080.00
2016/06/13	41.65	47.14	41.65	43.06	6029025	494136864.00
2016/06/14	43.41	45.83	39.75	42.69	6760036	522633792.00
2016/06/15	41.36	47.02	41.36	45.98	6555156	534878528.00
2016/06/16	45.21	45.85	42.64	42.96	6806636	548538240.00
2016/06/17	42.70	45.89	42.28	43.92	5849562	467885824.00
2016/06/20	43.92	48.36	42.82	48.36	5647859	470165408.00
2016/06/21	49.25	49.57	44.22	44.42	6595957	560143168.00
2016/06/22	43.68	44.48	42.28	44.48	4198857	331941536.00
2016/06/23	44.46	44.46	42.02	42.42	3223038	251814992.00
2016/06/24	42.14	45.19	40.31	43.78	4977724	391699072.00
2016/06/27	43.58	46.25	43.37	45.58	4106108	338889760.00
2016/06/28	45.39	46.28	43.83	44.76	3855667	312232832.00
2016/06/29	44.68	46.11	44.00	45.00	3741019	307268704.00
2016/06/30	44.45	44.75	41.14	41.60	5031234	392565408.00
2016/07/01	42.06	42.20	40.77	41.50	2731648	206194768.00
2016/07/04	41.23	43.63	40.95	42.88	3027305	234695792.00
2016/07/05	42.76	43.97	42.20	43.38	2829555	221760960.00
2016/07/06	43.33	43.84	42.20	42.32	2738668	213684800.00
2016/07/07	41.67	44.10	41.49	44.06	4481075	347369472.00
2016/07/08	43.94	44.60	43.11	43.59	3425138	273335232.00
2016/07/11	43.17	43.63	39.19	39.19	4944769	371348224.00
2016/07/12	38.45	39.17	36.45	38.91	4476322	309128064.00
2016/07/13	38.66	39.72	37.79	38.91	3384325	239192496.00
2016/07/14	38.45	39.80	38.39	38.68	2440472	173630096.00
2016/07/15	38.00	39.00	37.97	38.06	2090349	146222288.00
2016/07/18	38.20	39.16	37.43	38.60	1847295	128880592.00
2016/07/19	38.60	39.77	38.19	39.51	2431088	173383696.00
2016/07/20	39.39	39.46	38.67	38.78	1820842	129450224.00
2016/07/21	38.50	38.93	37.78	37.89	1909022	133000984.00
2016/07/22	37.96	38.61	37.34	37.65	1800417	124670272.00
2016/07/25	37.36	37.92	36.21	36.32	2174151	146082816.00
2016/07/26	35.56	36.20	34.95	36.20	3026397	195847152.00
2016/07/27	35.70	36.11	32.61	32.91	3358242	209580976.00
2016/07/28	32.61	33.34	31.78	33.06	2035006	121791800.00
2016/07/29	32.79	33.23	32.37	33.03	1092470	65561968.00
2016/08/01	32.76	33.28	31.51	33.03	1426782	84538856.00
2016/08/02	33.07	33.55	33.03	33.36	1224626	74427704.00
2016/08/03	33.38	33.40	32.65	32.80	1696678	101931928.00
2016/08/04	32.80	34.11	32.53	33.59	2063383	126234288.00
2016/08/05	33.60	35.28	33.34	33.96	3558031	223572096.00
2016/08/08	33.48	33.83	32.37	33.65	1971611	118996016.00
2016/08/09	32.89	34.11	32.80	34.00	2078134	127162104.00
2016/08/10	34.06	34.57	34.00	34.06	1952535	121821392.00
2016/08/11	33.73	33.99	33.01	33.28	1505113	91869888.00
2016/08/12	33.23	33.73	32.89	33.48	1221565	74177816.00
2016/08/15	33.36	36.86	33.14	36.75	4164079	269993632.00
2016/08/16	36.74	37.89	36.50	36.74	3214039	218030608.00
2016/08/17	36.64	37.14	36.25	36.89	1960849	131038424.00
2016/08/18	36.56	37.00	36.16	36.24	1641944	108936144.00
2016/08/19	36.16	37.34	36.00	36.61	1582583	105848592.00
2016/08/22	36.56	37.05	34.69	34.84	1547704	101333944.00
2016/08/23	34.56	35.50	34.56	34.97	1169039	74571752.00
2016/08/24	35.26	36.39	34.99	36.17	1623412	105416424.00
2016/08/25	35.26	35.39	34.03	35.22	1776935	113043000.00
2016/08/26	35.11	35.89	34.84	34.85	1355472	87241256.00
2016/08/29	34.86	35.34	34.29	34.40	988672	62653772.00
2016/08/30	34.40	35.00	34.08	34.26	1326901	83658592.00
2016/08/31	34.26	34.37	33.15	33.59	2329723	142343280.00
2016/09/01	33.44	33.91	33.24	33.44	1202976	73701184.00
2016/09/02	33.45	33.54	32.08	32.50	2283466	136112224.00
2016/09/05	32.53	33.09	32.39	32.52	1334233	79641152.00
2016/09/06	32.89	34.49	32.38	33.95	2014335	122827056.00
2016/09/07	33.96	34.00	32.90	33.08	2102315	128041808.00
2016/09/08	32.88	33.33	32.61	32.83	1577214	94653824.00
2016/09/09	32.89	32.89	32.25	32.38	1644144	97649376.00
2016/09/12	31.81	31.95	30.84	30.89	1713414	98282016.00
2016/09/13	31.16	31.23	30.89	31.12	757325	42977552.00
2016/09/14	30.94	31.66	30.72	31.45	1138380	65035012.00
2016/09/19	31.59	32.20	31.59	31.98	1017897	59285908.00
2016/09/20	31.93	32.00	31.32	31.38	1128629	64994100.00
2016/09/21	31.39	32.05	31.28	31.76	1085877	62882908.00
2016/09/22	32.11	32.29	31.78	31.81	1667216	97382488.00
2016/09/23	31.95	32.26	31.38	31.38	1378430	79694832.00
2016/09/26	31.23	32.24	31.12	31.36	1700694	98437736.00
2016/09/27	31.27	32.72	31.11	32.61	2008959	116762600.00
2016/09/28	32.34	32.71	32.34	32.45	1526256	90477040.00
2016/09/29	32.56	33.23	32.43	32.63	1682453	100777680.00
2016/09/30	32.45	33.00	32.45	32.93	1199662	71829128.00
2016/10/10	33.48	34.52	33.08	34.21	2079273	128819760.00
2016/10/11	34.35	34.52	33.73	33.90	1662153	103249712.00
2016/10/12	33.74	34.00	33.28	33.61	1517421	93032472.00
2016/10/13	33.72	34.10	33.39	33.86	1274775	78666832.00
2016/10/14	33.77	34.16	33.51	33.88	1254869	77533536.00
2016/10/17	34.16	35.39	33.94	34.09	2795280	176671184.00
2016/10/18	34.00	34.76	33.38	34.72	1699447	105925608.00
2016/10/19	35.07	36.16	34.77	34.99	2624341	169616480.00
2016/10/20	35.17	35.61	34.90	35.11	1657298	106405000.00
2016/10/21	34.91	35.39	33.79	35.11	1994070	125857352.00
2016/10/24	34.93	35.64	34.54	35.34	1809545	116146744.00
2016/10/25	35.34	36.02	35.27	35.30	1972392	128180968.00
2016/10/26	35.11	35.11	34.50	34.60	1777569	112685688.00
2016/10/27	34.69	35.17	34.50	34.92	1187221	75415248.00
2016/10/28	34.72	35.17	34.45	34.79	1394334	88532512.00
2016/10/31	34.56	36.59	34.39	36.39	3194698	208686112.00
2016/11/01	36.55	38.22	36.09	37.56	4146766	280166336.00
2016/11/02	37.30	37.76	36.79	37.45	2715903	184493024.00
2016/11/03	37.34	38.55	37.21	37.34	2859394	197108176.00
2016/11/04	37.06	38.10	36.84	37.69	2574889	175737456.00
2016/11/07	37.84	37.88	36.85	36.87	2063574	140496672.00
2016/11/08	37.06	37.47	36.77	37.19	1710562	115768624.00
2016/11/09	37.10	38.36	36.84	37.40	2839089	194712720.00
2016/11/10	37.67	38.72	37.67	38.27	2696897	188151808.00
2016/11/11	38.38	38.96	37.67	38.45	2374645	165763696.00
2016/11/14	38.44	40.01	38.39	39.43	2872160	205879936.00
2016/11/15	39.46	39.46	38.45	39.06	2139106	151163888.00
2016/11/16	39.28	40.67	37.89	37.89	3227178	230617392.00
2016/11/17	37.76	37.76	36.23	36.27	3722394	249249312.00
2016/11/18	36.00	37.26	35.96	37.04	4182085	280739456.00
2016/11/21	37.00	38.50	36.61	38.41	3879069	266136096.00
2016/11/22	38.66	39.17	38.12	38.72	3412059	239988224.00
2016/11/23	38.45	38.81	37.48	37.71	2659204	184592464.00
2016/11/24	37.61	38.40	36.69	36.83	2756477	188227712.00
2016/11/25	36.61	36.94	35.40	36.80	2442304	161027696.00
2016/11/28	36.72	36.77	35.93	35.96	1428442	94362728.00
2016/11/29	36.20	36.39	35.14	35.38	1817609	118853440.00
2016/11/30	35.33	36.27	35.18	35.93	1744969	114074384.00
2016/12/01	36.04	36.04	35.32	35.61	1335902	86992848.00
2016/12/02	35.56	35.72	34.00	34.04	2150952	136338512.00
2016/12/05	33.51	34.50	33.38	33.99	1033641	64168996.00
2016/12/06	34.28	34.42	33.56	33.67	1239580	76830432.00
2016/12/07	33.70	34.28	33.55	34.26	1127373	69828704.00
2016/12/08	34.26	34.39	33.61	33.71	876156	54266756.00
2016/12/09	33.51	33.83	33.26	33.42	1101084	67335904.00
2016/12/12	33.45	33.53	30.04	30.04	2639920	150139456.00
2016/12/13	29.82	30.11	29.34	29.77	1718026	93318736.00
2016/12/14	29.77	30.04	29.01	29.23	1336144	72116352.00
2016/12/15	29.27	30.44	29.27	29.97	1399363	76653864.00
2016/12/16	29.98	31.34	29.67	30.51	1215954	67997408.00
2016/12/19	30.51	30.86	30.11	30.43	798763	44475696.00
2016/12/20	30.43	30.93	30.20	30.67	901392	50408884.00
2016/12/21	30.81	31.21	30.69	30.94	797220	45001676.00
2016/12/22	30.76	30.95	30.05	30.53	743763	41318744.00
2016/12/23	30.53	30.53	29.86	29.95	834693	46017332.00
2016/12/26	29.89	31.34	29.03	31.11	1198536	66419908.00
2016/12/27	31.10	31.10	30.74	30.83	666353	37605496.00
2016/12/28	30.98	31.12	30.68	30.87	663582	37458908.00
2016/12/29	31.03	31.75	30.75	30.90	1116611	63885984.00
2016/12/30	30.76	30.88	30.12	30.43	867813	48270572.00
2017/01/03	30.48	31.05	30.48	30.80	767271	43174620.00
2017/01/04	30.78	31.20	30.54	31.08	916929	51772504.00
2017/01/05	31.11	31.16	30.81	30.81	874218	49395932.00
2017/01/06	30.68	31.06	29.67	29.71	972577	53597652.00
2017/01/09	29.76	30.09	29.12	29.89	662679	36037668.00
2017/01/10	29.84	30.51	29.82	29.88	636967	35121016.00
2017/01/11	29.84	29.99	29.06	29.06	882776	47530544.00
2017/01/12	29.06	29.42	28.65	28.72	686317	36440336.00
2017/01/13	28.73	29.00	26.50	26.82	1489829	75108008.00
2017/01/16	26.88	26.89	24.25	25.43	1555216	73292968.00
2017/01/17	25.28	27.28	24.83	26.97	1432215	68565032.00
2017/01/18	26.71	26.83	26.11	26.23	787603	38068652.00
2017/01/19	26.23	27.78	25.18	26.47	856765	41622428.00
2017/01/20	26.47	27.58	26.29	27.34	996333	49582220.00
2017/01/23	27.34	27.69	27.12	27.43	786140	39399456.00
2017/01/25	27.89	28.86	27.78	28.13	1125031	58080792.00
2017/01/26	28.14	29.00	28.12	28.69	884187	46115184.00
2017/02/03	28.93	28.99	27.95	28.12	481442	24870556.00
2017/02/06	28.12	28.42	28.00	28.30	532501	27460860.00
2017/02/07	28.28	28.29	27.60	27.76	820831	41772356.00
2017/02/08	27.77	28.19	27.70	28.12	490477	25035058.00
2017/02/09	28.20	28.74	28.03	28.48	929134	48177592.00
2017/02/10	28.46	28.64	27.94	27.98	595456	30701196.00
2017/02/13	27.95	28.38	27.77	28.19	574630	29577186.00
2017/02/14	28.25	28.51	28.06	28.15	477637	24657668.00
2017/02/15	28.15	28.45	27.68	27.71	698990	35820768.00
2017/02/16	27.71	27.79	27.17	27.28	843458	42266944.00
2017/02/17	27.37	27.62	26.31	26.49	965761	47367068.00
2017/02/20	26.51	26.63	25.98	26.63	800400	38568784.00
2017/02/21	26.77	27.62	26.42	27.45	935372	46522484.00
2017/02/22	27.35	27.53	27.06	27.40	565124	28179056.00
2017/02/23	27.44	28.25	27.24	28.00	949169	48098364.00
2017/02/24	28.12	28.56	27.92	28.44	1130318	58478844.00
2017/02/27	28.45	28.81	28.24	28.36	976694	50895084.00
2017/02/28	28.75	28.84	28.29	28.57	646948	33722188.00
2017/03/01	29.68	31.47	29.10	31.47	3858560	216322624.00
2017/03/02	31.39	34.50	31.09	32.88	5052765	303182592.00
2017/03/03	32.34	32.73	31.45	32.09	2522258	146932560.00
2017/03/06	32.08	33.11	31.88	33.11	2800017	165980400.00
2017/03/07	32.99	33.10	32.39	32.53	1476741	87919296.00
2017/03/08	32.53	32.53	31.50	31.56	1687127	97856984.00
2017/03/09	32.21	32.21	31.44	31.86	1184078	68624968.00
2017/03/10	31.95	32.05	31.45	31.55	1003272	57993532.00
2017/03/13	31.45	31.96	30.79	31.86	1320787	75851640.00
2017/03/14	31.76	32.09	31.57	31.68	996813	57807236.00
2017/03/15	31.45	31.98	31.45	31.85	897590	52114160.00
2017/03/16	31.81	32.21	31.68	32.11	1188852	69348960.00
2017/03/17	32.14	33.17	31.85	31.88	1998668	118546336.00
2017/03/20	31.88	32.05	31.50	31.92	953440	55287068.00
2017/03/21	31.92	33.09	31.86	32.50	1506793	89695904.00
2017/03/22	32.23	32.50	31.69	32.14	1074408	62831884.00
2017/03/23	32.39	33.17	32.06	32.88	1552647	92547600.00
2017/03/24	33.45	34.56	33.31	33.89	2822531	175192688.00
2017/03/27	33.94	33.94	32.94	32.98	1635155	99103728.00
2017/03/28	33.11	33.79	32.81	32.83	1078007	65388712.00
2017/03/29	32.87	32.95	30.95	30.95	1664998	95999800.00
2017/03/30	30.84	30.84	29.78	30.00	1162226	63921120.00
2017/03/31	29.95	30.65	29.95	30.29	808506	44869504.00
2017/04/05	30.24	31.46	30.00	31.16	655302	36929112.00
2017/04/06	31.01	31.20	30.59	30.72	809210	45524200.00
2017/04/07	30.67	30.91	30.46	30.53	559181	31308952.00
2017/04/10	30.61	30.61	28.84	28.94	1369994	73936720.00
2017/04/11	28.68	29.56	28.67	29.56	712797	37925072.00
2017/04/12	29.47	29.77	28.73	29.17	652252	35063032.00
2017/04/13	29.28	30.36	29.17	29.99	816034	44662648.00
2017/04/14	29.84	29.94	29.02	29.17	599116	32175668.00
2017/04/17	28.73	28.79	28.06	28.24	578362	30032462.00
2017/04/18	27.60	28.08	27.17	27.31	752314	37976372.00
2017/04/19	27.07	27.50	26.42	27.08	742121	36547052.00
2017/04/20	26.81	27.45	26.60	27.01	482657	23849854.00
2017/04/21	27.45	27.45	26.65	26.79	383975	18955722.00
2017/04/24	26.80	27.06	25.67	26.92	540940	26192300.00
2017/04/25	26.62	27.60	26.62	27.27	549848	27474248.00
2017/04/26	26.73	27.03	26.24	26.28	709787	34515484.00
2017/04/27	26.34	27.57	26.05	27.57	924847	45405756.00
2017/04/28	27.42	27.58	27.05	27.34	504176	25188316.00
2017/05/02	27.23	27.64	26.73	27.06	629463	31103764.00
2017/05/03	26.90	27.02	26.40	26.78	533028	25958968.00
2017/05/04	26.72	27.34	26.62	26.95	583000	28789780.00
2017/05/05	26.89	27.19	26.40	26.95	426555	20935482.00
2017/05/08	26.82	27.19	26.42	26.62	471768	23223890.00
2017/05/09	26.39	27.28	26.28	27.20	420200	20644440.00
2017/05/10	27.17	28.00	26.59	26.75	710931	35622252.00
2017/05/11	26.68	27.03	25.67	26.41	722395	34697948.00
2017/05/12	26.23	26.39	24.84	25.45	1135916	52943176.00
2017/05/15	25.67	25.77	25.12	25.13	549282	25683448.00
2017/05/16	24.63	25.68	24.40	25.64	817032	37451232.00
2017/05/17	25.40	26.66	25.40	25.82	793904	37795576.00
2017/05/18	25.65	26.18	25.45	25.92	383000	18188026.00
2017/05/19	25.87	26.08	25.51	25.77	348254	16432468.00
2017/05/22	25.57	25.86	24.73	24.76	435900	20215324.00
2017/05/23	24.74	25.11	23.91	23.99	453900	20443354.00
2017/05/24	24.01	24.46	23.45	24.42	419206	18547800.00
2017/05/25	24.20	24.73	23.57	24.56	474130	21036746.00
2017/05/26	24.59	24.89	24.43	24.61	350100	15804971.00
2017/05/31	25.01	25.22	24.70	24.77	425470	19511410.00
2017/06/01	24.79	24.96	23.26	23.29	514400	22587334.00
2017/06/02	23.01	24.17	22.92	23.93	559220	24113794.00
2017/06/05	24.01	24.41	23.73	24.14	489854	21746078.00
2017/06/06	23.89	24.51	23.89	24.43	360983	16092453.00
2017/06/07	24.29	25.17	24.29	25.06	679165	30972738.00
2017/06/08	24.98	25.17	24.70	25.17	621298	28321878.00
2017/06/09	25.17	25.23	24.66	24.95	382004	17400542.00
2017/06/12	24.66	24.88	23.99	24.14	403200	17962120.00
2017/06/13	24.33	25.00	24.19	24.66	434600	19519034.00
2017/06/14	24.70	26.09	24.49	25.11	811724	37365984.00
2017/06/15	25.07	26.14	24.70	25.96	1075505	50382712.00
2017/06/16	25.98	26.09	25.36	25.74	699700	32806132.00
2017/06/19	25.91	25.94	25.56	25.84	385811	18095380.00
2017/06/20	25.84	26.14	25.39	25.43	645831	30385754.00
2017/06/21	25.45	25.68	25.00	25.51	474318	21880916.00
2017/06/22	25.47	25.61	24.51	24.59	371398	17008594.00
2017/06/23	24.96	24.98	24.23	24.58	364030	16279821.00
2017/06/26	24.24	24.24	23.50	24.17	824250	35874040.00
2017/06/27	24.03	24.44	24.03	24.42	544951	24079316.00
2017/06/28	24.34	24.39	23.81	24.08	534914	23431014.00
2017/06/29	24.19	24.62	23.97	24.35	593552	26210992.00
2017/06/30	24.08	24.58	24.06	24.47	415204	18387580.00
2017/07/03	25.03	25.67	24.86	25.64	1433213	66135776.00
2017/07/04	25.76	25.92	25.33	25.52	757613	35306304.00
2017/07/05	25.53	25.79	25.38	25.72	586400	27305340.00
2017/07/06	25.80	25.88	25.04	25.29	670448	31120326.00
2017/07/07	25.57	27.05	25.48	26.50	1609426	77161536.00
2017/07/10	26.14	26.52	25.98	26.14	930989	44464860.00
2017/07/11	26.14	26.14	25.02	25.18	873228	40286628.00
2017/07/12	25.01	25.28	24.52	25.26	540850	24518268.00
2017/07/13	25.06	25.26	24.63	24.83	470805	21373422.00
2017/07/14	24.98	25.22	24.64	24.81	414632	18819676.00
2017/07/17	24.70	24.70	22.65	22.66	1122801	47520532.00
2017/07/18	22.31	22.91	21.86	22.69	786100	32004032.00
2017/07/19	22.63	22.63	22.08	22.57	464422	18951524.00
2017/07/20	22.64	22.96	21.92	22.20	841237	34286544.00
2017/07/21	22.15	22.40	21.92	22.26	493399	19880554.00
2017/07/24	22.05	22.46	21.93	22.40	705792	28594184.00
2017/07/25	22.10	22.20	21.51	22.20	1193597	47440864.00
2017/07/26	21.97	22.20	21.59	22.20	764825	30619420.00
2017/07/27	22.07	23.12	21.82	22.89	1519063	62401016.00
2017/07/28	22.72	22.85	22.33	22.39	876002	35996060.00
2017/07/31	22.58	22.58	21.99	22.20	686701	27739982.00
2017/08/01	22.41	22.42	22.11	22.23	584185	23691304.00
2017/08/02	21.60	22.21	21.60	22.19	1164874	46456236.00
2017/08/03	22.06	22.53	21.71	22.03	917974	37111652.00
2017/08/04	21.98	22.02	21.68	21.68	610600	24300418.00
2017/08/07	21.68	21.91	21.15	21.20	857700	33669124.00
2017/08/08	21.24	21.85	21.15	21.82	1070212	42145348.00
2017/08/09	21.92	22.07	21.65	21.69	702400	28005210.00
2017/08/10	21.68	22.58	21.48	22.58	1576065	63249240.00
2017/08/11	22.37	22.39	21.65	21.65	1214318	48933456.00
2017/08/14	21.69	23.75	21.68	23.23	2151265	90445232.00
2017/08/15	23.23	24.02	22.98	23.68	2555199	108792240.00
2017/08/16	23.57	23.87	23.24	23.48	1857034	79800600.00
2017/08/17	23.31	24.14	23.15	23.62	1542358	66494852.00
2017/08/18	23.58	23.58	23.12	23.13	911830	38664052.00
2017/08/21	23.00	23.34	23.00	23.27	562600	23790652.00
2017/08/22	23.26	23.26	22.61	22.61	762670	31864972.00
2017/08/23	22.68	23.20	22.56	22.89	902970	37622112.00
2017/08/24	22.72	22.86	22.39	22.44	825844	34021700.00
2017/08/25	22.44	22.76	22.44	22.72	797245	32919476.00
2017/08/28	22.76	23.52	22.76	23.26	1085642	45954976.00
2017/08/29	23.31	23.42	22.98	23.10	750700	31656496.00
2017/08/30	23.11	23.26	22.90	22.96	819944	34462992.00
2017/08/31	23.03	23.19	22.84	23.14	985700	41386228.00
2017/09/01	23.16	23.58	23.12	23.49	1797297	76582480.00
2017/09/04	23.15	24.11	22.97	23.97	2225543	95838904.00
2017/09/05	23.81	24.07	23.42	23.58	1510690	65091256.00
2017/09/06	23.43	24.03	23.37	23.94	1372469	59152892.00
2017/09/07	23.94	24.69	23.76	23.81	2267148	100219992.00
2017/09/08	23.79	24.02	23.48	23.86	1062910	46003840.00
2017/09/11	24.14	24.14	23.80	24.07	1013863	44254500.00
2017/09/12	24.07	24.20	23.21	23.31	1279100	55199652.00
2017/09/13	23.37	23.51	23.03	23.37	725720	30793404.00
2017/09/14	23.37	23.47	23.12	23.19	766200	32507652.00
2017/09/15	23.09	23.27	22.96	23.04	578023	24301872.00
2017/09/18	23.08	23.18	22.95	23.18	543200	22870510.00
2017/09/19	23.18	23.24	22.94	22.99	542856	22842194.00
2017/09/20	23.03	23.28	22.95	23.21	677436	28546118.00
2017/09/21	23.31	23.78	23.20	23.23	964380	41245400.00
2017/09/22	23.09	23.24	22.76	23.00	827323	34571336.00
2017/09/25	22.92	23.19	22.54	22.54	720829	29993264.00
2017/09/26	22.54	22.63	21.92	22.07	857842	34699256.00
2017/09/27	22.20	22.36	22.10	22.26	482667	19558428.00
2017/09/28	22.26	22.34	22.09	22.12	401480	16275142.00
2017/09/29	22.12	22.45	22.12	22.40	378034	15395587.00
2017/10/09	22.54	22.86	22.52	22.67	523676	21648704.00
2017/10/10	23.03	23.31	22.68	23.27	896412	37780512.00
2017/10/11	23.45	24.07	23.26	23.37	1579434	68147632.00
2017/10/12	23.33	23.44	22.48	23.01	716432	30119568.00
2017/10/13	23.08	25.34	23.05	24.04	2058840	91286200.00
2017/10/16	23.69	23.96	22.83	23.36	1492965	63768840.00
2017/10/17	23.08	23.69	22.92	23.62	1157212	49361516.00
2017/10/18	23.48	23.96	22.65	22.74	1117100	47565012.00
2017/10/19	22.74	22.91	22.48	22.70	561839	23233482.00
2017/10/20	22.66	23.01	22.59	23.01	468557	19515670.00
2017/10/23	23.32	23.41	22.99	23.37	858239	36343196.00
2017/10/24	23.28	23.58	22.94	23.24	642317	27179976.00
2017/10/25	23.08	24.05	23.08	23.90	1467235	63488044.00
2017/10/26	23.82	23.94	23.66	23.74	790740	34279636.00
2017/10/27	23.74	24.26	23.64	23.78	1062464	46418048.00
2017/10/30	23.81	23.95	22.77	23.03	960192	40520748.00
2017/10/31	22.96	23.29	22.86	23.22	573365	24152788.00
2017/11/01	23.20	24.12	23.09	23.82	1316256	56960244.00
2017/11/02	23.66	23.90	23.42	23.83	989962	42642300.00
2017/11/03	23.72	24.39	23.60	24.26	1527869	66937256.00
2017/11/06	24.53	24.53	23.92	24.28	1172467	51882648.00
2017/11/07	24.29	24.29	23.59	24.03	1092812	47620580.00
2017/11/08	23.97	24.28	23.85	23.88	1001415	43890920.00
2017/11/09	23.76	24.11	23.43	23.82	1268630	54833592.00
2017/11/10	23.70	24.02	23.62	23.84	1082416	47061412.00
2017/11/13	23.83	23.83	23.43	23.68	880652	37875916.00
2017/11/14	23.68	23.68	21.92	22.31	1842716	76823696.00
2017/11/15	21.98	22.19	21.78	21.92	1343822	53805152.00
2017/11/16	21.81	22.05	21.75	21.78	798750	31897188.00
2017/11/17	21.78	21.78	19.57	19.57	2956960	109329760.00
2017/11/20	19.53	19.71	19.08	19.60	1198575	42580720.00
2017/11/21	19.50	19.73	19.16	19.58	1033419	36722844.00
2017/11/22	19.49	20.01	19.37	19.65	1206376	43443888.00
2017/11/23	19.66	19.77	19.21	19.25	983166	34920184.00
2017/11/24	19.20	19.42	19.15	19.15	584555	20635866.00
2017/11/27	19.15	19.41	18.88	18.99	472155	16533320.00
2017/11/28	18.86	19.31	18.86	19.24	712374	24892618.00
2017/11/29	19.23	19.23	18.51	18.98	1308694	44881404.00
2017/11/30	18.86	18.98	18.60	18.98	1081298	37208048.00
2017/12/01	18.82	19.15	18.71	18.98	1372794	47444476.00
2017/12/04	18.83	18.98	18.14	18.95	1770245	60385020.00
2017/12/05	18.81	18.84	17.90	18.02	1020640	34342324.00
2017/12/06	18.00	18.19	17.54	17.85	1250900	40742512.00
2017/12/07	17.85	18.30	17.72	18.17	1149528	38023536.00
2017/12/08	18.55	20.02	18.55	20.02	2008325	71220184.00
2017/12/11	21.28	22.06	20.73	21.08	5393757	209985440.00
2017/12/12	21.05	21.05	20.09	20.09	2739812	102263168.00
2017/12/13	20.07	20.44	19.92	20.26	1599653	58989368.00
2017/12/14	20.15	20.18	19.56	20.13	1516498	55110448.00
2017/12/15	19.94	20.50	19.73	19.93	1434100	52833700.00
2017/12/18	20.25	20.80	20.02	20.04	1425020	52981544.00
2017/12/19	20.23	22.07	20.07	22.07	2435994	96361392.00
2017/12/20	23.59	24.03	22.81	23.48	8263380	352145408.00
2017/12/21	23.29	24.06	23.09	23.86	7451677	320888352.00
2017/12/22	23.59	23.70	22.81	23.41	5273142	223794592.00
2017/12/25	22.92	22.96	21.31	21.75	4493334	180247120.00
2017/12/26	21.88	22.27	21.43	21.79	2956705	118012072.00
2017/12/27	21.87	22.48	21.38	21.38	2577283	103135552.00
2017/12/28	21.50	21.64	20.95	21.46	2620287	101728536.00
2017/12/29	21.37	22.04	21.15	21.83	2377466	93964312.00
2018/01/02	21.90	21.90	21.27	21.80	1671493	65873220.00
2018/01/03	22.13	22.18	21.65	22.02	1449021	57883872.00
2018/01/04	22.20	22.99	22.02	22.47	2277886	93855440.00
2018/01/05	24.74	24.74	24.48	24.74	8607104	387864928.00
2018/01/08	24.69	27.24	24.45	26.21	11670369	545747520.00
2018/01/09	25.20	25.81	24.51	25.17	6936563	316226880.00
2018/01/10	26.64	27.72	25.32	27.72	9129315	444274080.00
2018/01/11	28.03	30.52	27.73	28.89	13369098	715573440.00
2018/01/12	28.27	30.24	27.26	27.84	10572052	550693696.00
2018/01/15	26.03	27.09	25.48	26.22	7581412	361876512.00
2018/01/16	26.92	26.98	25.47	25.53	6289023	299568128.00
2018/01/17	23.03	23.57	22.94	22.94	3593700	151383536.00
2018/01/18	22.48	22.81	21.50	21.67	6304549	253432784.00
2018/01/19	22.03	22.15	20.92	21.08	4652409	183528464.00
2018/01/22	21.03	21.51	20.65	21.06	3594831	138633776.00
2018/01/23	21.20	21.35	20.98	21.26	2342422	90399984.00
2018/01/24	21.19	21.82	20.97	21.67	3230779	126610512.00
2018/01/25	21.67	22.17	21.40	21.70	3662069	145588480.00
2018/01/26	21.56	22.01	20.81	21.22	2555900	100359880.00
2018/01/29	20.93	21.21	20.25	20.97	3179336	120477528.00
2018/01/30	20.87	21.07	20.20	20.20	2021282	76048360.00
2018/01/31	20.08	20.08	19.05	19.06	2376000	84565960.00
2018/02/01	19.30	19.80	19.04	19.26	2093027	74322080.00
2018/02/02	19.09	19.41	18.62	19.01	1485414	51713116.00
2018/02/05	18.81	19.12	18.37	19.01	1093953	37577252.00
2018/02/06	18.70	18.91	17.31	17.41	1806403	60176932.00
2018/02/07	17.87	18.26	17.31	17.94	1560738	51075316.00
2018/02/08	17.98	18.67	17.91	18.17	1631131	54702984.00
2018/02/09	17.59	18.01	17.20	17.60	1552158	50081576.00
2018/02/12	17.06	17.91	16.90	17.84	2136753	68353824.00
2018/02/13	17.79	17.96	17.39	17.45	1340823	43484332.00
2018/02/14	17.55	17.65	17.19	17.21	846680	26958896.00
2018/02/22	17.41	18.58	17.41	18.56	2443784	81511792.00
2018/02/23	18.42	18.42	18.01	18.31	1703964	56820180.00
2018/02/26	18.53	19.01	18.32	18.99	2377063	81863656.00
2018/02/27	19.11	20.73	19.10	19.95	3487359	127362528.00
2018/02/28	19.56	21.22	19.43	20.54	4658902	174632640.00
2018/03/01	19.92	21.13	19.81	21.00	3564472	133640352.00
2018/03/02	20.86	20.91	20.13	20.20	2687057	100587072.00
2018/03/05	20.46	20.90	20.33	20.60	2078296	78017992.00
2018/03/06	20.73	20.74	20.23	20.32	2454301	91662736.00
2018/03/07	20.26	20.46	19.98	20.02	1772221	65275328.00
2018/03/08	19.96	21.64	19.96	20.85	3892401	148380288.00
2018/03/09	20.70	22.12	20.37	21.64	4674999	182847872.00
2018/03/12	21.64	22.17	21.45	21.65	4565510	181435152.00
2018/03/13	21.45	23.84	21.28	23.02	7912469	329001600.00
2018/03/14	22.72	23.31	22.10	22.17	4904833	202604160.00
2018/03/15	21.81	22.69	21.19	21.78	4772431	190153616.00
2018/03/16	21.65	22.20	21.37	21.59	3288967	130144536.00
2018/03/19	21.45	21.84	21.10	21.36	2390589	94101200.00
2018/03/20	20.95	21.24	20.57	21.06	2551471	97059368.00
2018/03/21	21.32	22.26	21.02	21.12	3533401	140314848.00
2018/03/22	20.86	22.05	20.86	21.65	3216981	126607216.00
2018/03/23	20.74	21.09	19.45	19.45	3664835	134810928.00
2018/03/26	18.85	20.02	18.42	20.01	2129519	75463920.00
2018/03/27	20.36	21.09	20.26	20.78	3122502	118152000.00
2018/03/28	20.30	22.03	20.27	21.55	3897267	151407472.00
2018/03/29	21.55	21.98	21.02	21.51	2799098	109600160.00
2018/03/30	21.67	22.48	21.67	22.22	3947448	159775696.00
2018/04/02	22.03	22.92	21.75	22.42	4110270	168285872.00
2018/04/03	22.01	22.37	21.69	22.16	2361253	94688192.00
2018/04/04	22.26	22.46	21.28	21.31	2297882	91299288.00
2018/04/09	20.93	21.91	20.87	21.74	1969401	77409040.00
2018/04/10	22.20	22.42	21.45	22.42	3496180	140712784.00
2018/04/11	22.70	23.86	22.07	23.57	5877596	247584416.00
2018/04/12	23.14	23.50	22.92	23.11	3767000	159433968.00
2018/04/13	23.48	24.12	22.80	22.95	4068508	174661088.00
2018/04/16	22.53	23.48	22.26	23.27	3019484	126029944.00
2018/04/17	23.18	23.36	21.86	21.90	2858877	117718088.00
2018/04/18	22.15	22.96	21.55	22.77	2856064	115643688.00
2018/04/19	22.64	23.20	21.97	22.02	2693434	111110760.00
2018/04/20	22.09	23.01	22.00	22.03	3229739	132501352.00
2018/04/23	22.48	23.13	20.84	21.45	3770134	152471856.00
2018/04/24	21.45	22.92	21.31	22.92	3713922	151465776.00
2018/04/25	23.08	23.51	22.76	23.34	4721814	199502592.00
2018/04/26	23.34	23.92	22.92	23.14	4743094	202622240.00
2018/04/27	23.26	23.70	22.48	23.11	2619916	110824888.00
2018/05/02	22.79	22.86	20.87	21.56	3530284	140605392.00
2018/05/03	21.37	22.29	20.90	22.17	2352400	92844624.00
2018/05/04	22.03	22.14	21.49	21.53	1421484	56565928.00
2018/05/07	21.64	22.33	21.40	22.27	1796122	72378448.00
2018/05/08	22.27	22.45	22.02	22.27	1714022	69514536.00
2018/05/09	22.25	22.79	22.11	22.75	2656471	108564464.00
2018/05/10	22.73	22.73	21.88	22.05	2414208	98037096.00
2018/05/11	22.15	22.47	21.45	21.45	1908400	76421592.00
2018/05/14	21.34	21.56	20.26	20.61	2099874	80540520.00
2018/05/15	20.71	21.15	20.54	21.12	1210874	46096188.00
2018/05/16	21.15	21.15	20.63	20.65	870690	33218584.00
2018/05/17	20.88	21.08	20.66	20.87	834449	31731504.00
2018/05/18	20.86	20.88	20.26	20.72	1150640	43289164.00
2018/05/21	20.85	21.47	20.85	21.34	1328839	51442564.00
2018/05/22	21.06	21.30	20.96	21.30	1299840	50152628.00
2018/05/23	20.98	21.08	20.81	20.86	1245513	47585192.00
2018/05/24	20.80	20.97	20.59	20.74	907510	34442324.00
2018/05/25	20.65	20.76	20.23	20.31	1103230	41112932.00
2018/05/28	20.25	20.80	20.14	20.51	882101	33031478.00
2018/05/29	20.58	21.06	20.36	20.41	1395770	52942160.00
2018/05/30	20.15	20.15	18.34	19.15	1493411	53519360.00
2018/05/31	19.46	19.67	19.15	19.53	778500	27681708.00
2018/06/01	19.47	19.53	18.89	19.25	724450	25503390.00
2018/06/04	19.45	19.70	19.26	19.67	578090	20661204.00
2018/06/05	19.63	20.19	19.56	20.17	881510	32253388.00
2018/06/06	20.17	21.02	19.99	20.58	1270845	47921264.00
2018/06/07	20.60	20.90	20.37	20.52	971281	36524444.00
2018/06/08	20.52	20.56	20.01	20.47	713711	26473202.00
2018/06/11	20.47	20.57	20.02	20.08	886980	32770612.00
2018/06/12	20.11	20.23	19.24	19.76	1513090	54323872.00
2018/06/13	19.73	19.87	19.32	19.34	817900	29311080.00
2018/06/14	19.36	19.58	19.20	19.34	729851	25878138.00
2018/06/15	19.34	19.45	18.40	18.59	1242600	42615424.00
2018/06/19	18.09	18.42	16.70	16.91	1745945	55362580.00
2018/06/20	16.92	17.51	16.54	17.29	1136180	35598328.00
2018/06/21	17.26	17.45	16.59	16.66	998649	31079658.00
2018/06/22	16.68	17.20	16.37	17.03	668500	20707024.00
2018/06/25	17.23	17.64	17.15	17.32	846428	27005976.00
2018/06/26	17.32	18.10	17.15	17.91	1125880	36666980.00
2018/06/27	17.92	18.07	17.51	17.72	958530	31227008.00
2018/06/28	17.67	19.52	17.38	18.61	5660170	108506704.00
2018/06/29	18.35	19.24	17.93	18.97	5581599	104829328.00
2018/07/02	18.74	19.02	17.85	17.98	3180187	58873068.00
2018/07/03	17.88	18.90	17.79	18.77	3133620	58210040.00
2018/07/04	18.65	18.65	17.65	17.80	2596741	47317996.00
2018/07/05	17.73	18.10	16.99	17.03	2410453	42776236.00
2018/07/06	17.16	17.67	16.93	17.19	2006457	35049324.00
2018/07/09	17.25	17.80	17.06	17.68	1851649	32887540.00
2018/07/10	17.64	18.33	17.61	18.16	2360253	42845856.00
2018/07/11	17.65	17.77	16.43	17.14	3034701	52694308.00
2018/07/12	17.22	17.95	17.05	17.69	2240669	39896608.00
2018/07/13	17.95	18.20	17.40	17.56	1875779	33502464.00
2018/07/16	17.44	18.30	17.44	18.25	3191649	58068112.00
2018/07/17	18.08	18.21	17.59	18.11	2601961	46928544.00
2018/07/18	18.27	18.65	17.97	17.98	3197128	59261584.00
2018/07/19	18.00	18.04	17.13	17.36	2387829	42157328.00
2018/07/20	17.28	17.82	17.15	17.68	1587683	28250410.00
2018/07/23	17.55	18.29	17.46	18.10	2418258	44007072.00
2018/07/24	18.03	18.43	17.96	18.19	2527798	46322192.00
2018/07/25	18.19	18.63	18.04	18.23	2603593	48051740.00
2018/07/26	18.10	18.24	17.66	17.70	2057101	36928236.00
2018/07/27	17.70	17.94	17.56	17.61	1115044	19929220.00
2018/07/30	17.45	17.70	17.11	17.29	1387605	24204448.00
2018/07/31	17.14	17.35	16.91	17.08	1156382	19973790.00
2018/08/01	17.23	17.43	16.85	16.88	1155578	19971300.00
2018/08/02	16.88	16.92	15.93	16.30	1946225	32231908.00
2018/08/03	16.40	16.45	16.00	16.00	806187	13210743.00
2018/08/06	16.00	16.20	15.52	15.70	897146	14396323.00
2018/08/07	15.85	16.16	15.58	16.13	1292690	20814462.00
2018/08/08	16.03	16.11	15.56	15.70	1270224	20289762.00
2018/08/09	15.64	16.41	15.47	16.23	1544592	25247384.00
2018/08/10	16.16	16.42	16.09	16.30	961635	15773673.00
2018/08/13	15.97	16.76	15.86	16.68	1568008	25905172.00
2018/08/14	16.56	16.62	16.21	16.35	1079717	17825812.00
2018/08/15	16.42	16.45	15.88	15.95	1115534	18182746.00
2018/08/16	15.73	16.23	15.66	15.94	856905	13824940.00
2018/08/17	16.06	16.31	15.58	15.58	1142955	18395072.00
2018/08/20	15.58	16.14	15.45	16.08	1432928	22884490.00
2018/08/21	16.20	17.20	15.75	16.60	3177218	53090816.00
2018/08/22	16.29	16.51	15.97	16.00	1779877	29244594.00
2018/08/23	16.01	16.49	16.01	16.32	1715146	28264564.00
2018/08/24	16.32	16.48	16.10	16.19	1331143	21848906.00
2018/08/27	15.96	16.45	15.87	16.39	1682025	27590602.00
2018/08/28	16.43	16.65	16.30	16.48	1695271	28210040.00
2018/08/29	16.52	16.52	16.05	16.21	1124731	18403730.00
2018/08/30	16.31	16.31	15.76	15.79	1268835	20456066.00
2018/08/31	15.81	16.20	15.65	15.75	1334970	21512294.00
2018/09/03	15.82	16.73	15.59	16.32	2520109	41209272.00
2018/09/04	16.15	16.48	15.85	16.34	2597095	42324352.00
2018/09/05	16.25	16.25	15.80	15.83	1596209	25820668.00
2018/09/06	15.86	16.43	15.73	16.12	2331656	37987120.00
2018/09/07	15.98	16.40	15.75	15.84	1950114	31517052.00
2018/09/10	15.86	15.97	14.76	14.81	2520092	38549180.00
2018/09/11	14.83	15.14	14.75	14.94	1110646	16763163.00
2018/09/12	14.88	15.13	14.83	14.99	960676	14542005.00
2018/09/13	15.20	15.45	14.96	15.21	1305567	20025524.00
2018/09/14	15.21	15.34	14.73	14.75	1429717	21762104.00
2018/09/17	14.75	14.85	13.93	14.13	2224259	31950392.00
2018/09/18	14.01	14.25	13.67	14.18	2174213	30792976.00
2018/09/19	14.15	14.43	13.89	14.24	1587786	22777256.00
2018/09/20	14.24	14.30	14.01	14.04	1068072	15280746.00
2018/09/21	14.05	14.21	12.85	13.75	2947308	40477656.00
2018/09/25	13.60	14.03	13.50	13.80	1647797	22949850.00
2018/09/26	13.85	14.20	13.70	13.95	1744941	24592638.00
2018/09/27	14.01	14.01	13.29	13.37	2182116	29988402.00
2018/09/28	13.46	13.68	13.37	13.58	1596379	21822064.00
2018/10/08	13.22	13.33	12.51	12.52	2098483	27429144.00
2018/10/09	12.60	12.93	12.56	12.70	1116213	14365229.00
2018/10/10	12.83	12.98	12.57	12.83	1068341	13846361.00
2018/10/11	12.30	12.59	11.53	11.53	2256415	27228566.00
2018/10/12	11.53	11.53	10.65	11.03	3144619	35123080.00
2018/10/15	11.17	12.15	11.14	12.15	4834095	58632120.00
2018/10/16	12.25	12.40	11.30	11.58	6340848	76375856.00
2018/10/17	11.58	12.75	11.58	12.75	6503068	82267008.00
2018/10/18	12.80	13.65	12.40	12.41	11974769	157516608.00
2018/10/19	12.02	13.67	11.70	13.67	10633337	141054288.00
2018/10/22	14.35	14.81	13.73	14.61	14559653	209978320.00
2018/10/23	14.15	14.43	13.76	14.22	9303099	132570616.00
2018/10/24	13.96	14.43	13.80	13.90	7248536	103541704.00
2018/10/25	13.20	14.43	12.98	14.14	8312774	117418704.00
2018/10/26	14.25	14.43	13.65	13.71	5497179	77150984.00
2018/10/29	13.74	14.18	13.51	13.91	4614193	65058892.00
2018/10/30	13.81	13.99	12.85	13.64	5752363	78328424.00
2018/10/31	13.68	13.80	13.38	13.59	4601348	63377348.00
2018/11/01	13.71	14.35	13.60	13.73	5747566	80814064.00
2018/11/02	13.95	14.22	13.60	14.18	6081766	86244200.00
2018/11/05	14.15	14.35	13.60	13.97	5546577	78301248.00
2018/11/06	13.97	14.01	13.38	13.73	4115724	56579984.00
2018/11/07	13.68	14.11	13.60	13.90	5161020	72241040.00
2018/11/08	14.04	14.55	13.50	13.53	3541534	49207216.00
2018/11/09	13.38	13.63	13.22	13.23	3154810	42797876.00
2018/11/12	13.33	13.63	13.15	13.63	3118987	42453632.00
2018/11/13	13.46	14.03	13.37	13.85	5079507	70694776.00
2018/11/14	13.83	14.01	13.61	13.71	3858596	53774532.00
2018/11/15	13.68	14.30	13.66	14.24	6546237	93152592.00
2018/11/16	14.26	14.57	14.10	14.48	6501876	94336504.00
2018/11/19	14.42	14.49	13.96	14.31	4373867	62588864.00
2018/11/20	14.07	14.32	13.70	13.94	4209228	59478796.00
2018/11/21	13.78	13.80	13.30	13.58	3436859	47143648.00
2018/11/22	13.65	13.91	13.57	13.71	2634642	36612616.00
2018/11/23	13.64	13.77	12.47	12.50	4567539	60755748.00
2018/11/26	12.55	12.80	12.39	12.42	2150908	27325516.00
2018/11/27	12.61	12.84	12.51	12.67	1690896	21649974.00
2018/11/28	12.72	12.82	12.42	12.80	1754511	22460892.00
2018/11/29	12.91	13.04	12.36	12.55	2085308	26908398.00
2018/11/30	12.50	12.84	12.08	12.57	2624001	33119898.00
2018/12/03	12.89	13.15	12.76	13.01	2678744	35145540.00
2018/12/04	12.99	13.15	12.87	13.10	1863772	24601036.00
2018/12/05	12.82	13.12	12.74	13.00	1552030	20322116.00
2018/12/06	12.96	13.24	12.67	12.72	2047346	26800204.00
2018/12/07	12.71	13.10	12.69	12.85	1987700	26063680.00
2018/12/10	12.68	12.84	12.55	12.58	1240137	15903067.00
2018/12/11	12.73	12.90	12.57	12.87	1223271	15819683.00
2018/12/12	12.92	13.00	12.61	12.66	1172273	15136298.00
2018/12/13	12.81	12.97	12.61	12.75	1577795	20453602.00
2018/12/14	12.76	12.83	12.17	12.29	1772586	22339422.00
2018/12/17	12.15	12.44	11.85	12.07	2468486	30081904.00
2018/12/18	12.08	12.08	11.36	11.77	3228330	38439948.00
2018/12/19	11.77	11.91	11.68	11.73	2087031	24916122.00
2018/12/20	11.73	12.05	11.73	11.90	1815300	21854598.00
2018/12/21	11.90	12.08	11.73	11.96	1538632	18611312.00
2018/12/24	11.92	12.19	11.79	12.17	1826982	22322456.00
2018/12/25	11.99	12.34	11.43	12.10	2097723	25276424.00
2018/12/26	12.08	12.31	12.00	12.13	1796155	22107322.00
2018/12/27	12.32	12.41	11.75	12.00	2388613	29357190.00
2018/12/28	11.85	12.10	11.75	11.90	1860445	22387706.00
2019/01/02	11.93	12.10	11.56	11.95	2345497	28168494.00
2019/01/03	11.85	12.05	11.68	11.83	2249660	27065454.00
2019/01/04	11.70	12.30	11.61	12.21	2763922	33649752.00
2019/01/07	12.27	12.53	12.13	12.42	2699896	33782224.00
2019/01/08	12.38	12.53	12.27	12.34	1668794	20912868.00
2019/01/09	12.39	12.55	12.24	12.27	2211568	27775108.00
2019/01/10	12.31	12.44	12.21	12.31	1624471	20262112.00
2019/01/11	12.83	13.13	12.39	12.42	3144258	40221600.00
2019/01/14	12.29	12.42	11.97	12.02	2293806	28188478.00
2019/01/15	12.00	12.37	11.99	12.34	2068878	25584792.00
2019/01/16	12.27	12.92	12.27	12.58	3456875	44321820.00
2019/01/17	12.57	12.68	12.35	12.45	2199512	27819054.00
2019/01/18	12.43	12.56	12.04	12.26	2507206	31037698.00
2019/01/21	12.28	12.72	12.28	12.35	1665167	20919368.00
2019/01/22	12.35	12.42	12.01	12.08	1469621	18136072.00
2019/01/23	12.06	12.14	11.97	12.08	695049	8484010.00
2019/01/24	12.08	12.39	12.00	12.28	1699816	21040916.00
2019/01/25	12.20	12.46	12.18	12.23	1871996	23353106.00
2019/01/28	12.39	12.48	12.10	12.10	1710250	21288000.00
2019/01/29	12.10	12.13	11.26	11.55	2171580	25540514.00
2019/01/30	11.40	11.58	11.08	11.11	1549442	17749624.00
2019/01/31	11.18	11.35	10.73	10.85	2086545	23274306.00
2019/02/01	10.96	11.34	10.89	11.34	1060064	11992196.00
2019/02/11	11.36	11.73	11.36	11.71	1335169	15664902.00
2019/02/12	11.69	11.93	11.61	11.85	1508667	18055706.00
2019/02/13	11.87	12.25	11.80	12.14	2280762	27898790.00
2019/02/14	12.10	12.43	12.05	12.22	2342917	29028848.00
2019/02/15	12.45	12.46	12.12	12.19	1799051	22373834.00
2019/02/18	12.31	13.42	12.25	13.42	2973729	39364832.00
2019/02/19	14.78	14.78	13.86	14.15	15121547	220149056.00
2019/02/20	14.65	15.05	14.01	14.16	11775922	172551984.00
2019/02/21	13.81	14.34	13.58	13.99	8139997	114094248.00
2019/02/22	13.74	14.50	13.60	14.31	7296879	104029928.00
2019/02/25	15.31	15.76	14.76	15.46	11883166	182459648.00
2019/02/26	15.80	15.95	14.74	14.99	10898777	168792544.00
2019/02/27	15.23	15.80	14.71	15.01	9154729	141361840.00
2019/02/28	14.56	14.94	14.44	14.68	5179205	76519528.00
2019/03/01	14.78	15.14	14.40	14.95	5546435	83204792.00
2019/03/04	15.35	15.50	14.87	15.04	8243397	126350904.00
2019/03/05	14.95	16.06	14.83	15.71	8754775	136963280.00
2019/03/06	15.75	17.30	15.21	17.13	16749732	277000000.00
2019/03/07	16.80	17.68	16.56	17.12	10152191	174390304.00
2019/03/08	16.49	17.56	16.06	16.15	8349112	140987760.00
2019/03/11	16.51	17.12	16.25	17.06	5895573	99187920.00
2019/03/12	17.06	17.66	16.84	17.35	7490785	130811416.00
2019/03/13	17.27	17.42	16.20	16.38	6039355	102189272.00
2019/03/14	16.55	16.70	15.50	15.85	4637288	74939920.00
2019/03/15	16.00	16.09	15.44	15.77	3443370	54920580.00
2019/03/18	15.84	16.21	15.75	16.13	2875341	46410724.00
2019/03/19	16.22	16.80	16.02	16.57	4780727	79292560.00
2019/03/20	16.48	16.61	15.85	16.35	3292968	54000192.00
2019/03/21	16.36	16.75	16.26	16.46	3954140	66102732.00
2019/03/22	16.32	16.50	16.01	16.37	2810785	46044072.00
2019/03/25	15.65	16.37	15.48	15.80	3907355	63045304.00
2019/03/26	15.94	17.40	15.94	17.40	7134334	122504944.00
2019/03/27	18.35	18.82	17.38	18.18	19519243	355113536.00
2019/03/28	17.83	19.72	17.70	19.05	18955949	359109568.00
2019/03/29	17.70	18.53	17.13	18.15	15477133	279379904.00
2019/04/01	19.96	19.98	19.96	19.98	4840420	97411040.00
2019/04/02	21.85	21.99	21.05	21.99	25545793	559318912.00
2019/04/03	21.26	21.84	20.25	21.14	17085976	362650720.00
2019/04/04	20.86	21.05	20.15	20.46	12276849	253412288.00
2019/04/08	20.46	20.80	19.66	20.05	8620040	174250800.00
2019/04/09	19.85	21.04	19.85	20.98	9983219	206187296.00
2019/04/10	20.55	20.55	19.47	19.56	8358832	167971232.00
2019/04/11	19.37	19.81	18.88	19.12	5287211	102379032.00
2019/04/12	18.85	19.69	18.85	19.03	3918245	76021016.00
2019/04/15	19.63	19.63	18.61	18.65	4084182	78557416.00
2019/04/16	18.53	19.38	18.26	19.20	4013397	76264256.00
2019/04/17	19.25	19.35	18.85	19.05	3642569	70100872.00
2019/04/18	19.05	19.25	18.73	18.87	3276646	62742324.00
2019/04/19	18.32	19.23	17.86	19.11	5806678	109719944.00
2019/04/22	19.00	19.35	18.23	18.68	3927876	74075072.00
2019/04/23	18.85	18.89	18.17	18.29	2905272	54151808.00
2019/04/24	18.53	18.91	18.43	18.81	3223291	60791496.00
2019/04/25	18.75	19.20	16.91	17.70	3936066	73200984.00
2019/04/26	17.53	18.13	17.49	17.61	2438938	43872280.00
2019/04/29	17.30	17.71	16.43	17.07	3266777	56554980.00
2019/04/30	17.07	18.43	17.07	17.76	3548210	63805992.00
2019/05/06	16.85	17.43	15.97	15.97	4353685	72390728.00
2019/05/07	16.15	16.30	14.95	15.31	4701632	73507480.00
2019/05/08	15.03	16.14	14.91	15.65	4480514	70447360.00
2019/05/09	15.71	16.12	15.46	15.83	2902891	46707240.00
2019/05/10	16.23	16.61	15.35	16.48	3836158	62933124.00
2019/05/13	16.61	17.13	16.06	16.24	4003152	66901572.00
2019/05/14	16.34	17.25	16.34	16.47	4597526	77734312.00
2019/05/15	16.53	16.81	16.30	16.71	3923076	65635292.00
2019/05/16	16.65	16.68	16.15	16.20	3426021	56414320.00
2019/05/17	16.27	16.51	15.48	15.54	2721767	44000708.00
2019/05/20	15.39	16.02	15.39	15.80	2125715	33818992.00
2019/05/21	15.95	16.41	15.38	16.22	2784918	45296904.00
2019/05/22	16.22	16.53	15.99	16.27	2611768	42806032.00
2019/05/23	16.40	16.60	15.85	15.99	3039395	49866432.00
2019/05/24	15.68	16.12	15.68	15.86	2028544	32568274.00
2019/05/27	15.85	16.63	15.85	16.60	2596428	42825080.00
2019/05/28	16.67	17.51	16.51	16.89	4428830	75635240.00
2019/05/29	16.62	17.09	16.54	16.72	2532921	42963352.00
2019/05/30	16.72	16.79	16.23	16.55	2335201	38758776.00
2019/05/31	16.56	17.03	16.47	16.61	2437589	41269640.00
2019/06/03	16.79	16.79	16.22	16.36	1790284	29675238.00
2019/06/04	16.35	16.42	15.75	15.86	1681982	27338184.00
2019/06/05	16.10	16.43	15.95	16.15	1656466	27057314.00
2019/06/06	16.30	16.30	15.45	15.46	2016583	32002100.00
2019/06/10	15.58	15.88	15.28	15.65	1099967	17365610.00
2019/06/11	16.05	16.25	15.38	16.14	2090252	33614244.00
2019/06/12	16.14	16.31	16.01	16.19	1635324	26636234.00
2019/06/13	16.11	16.73	15.99	16.51	2893356	48084596.00
2019/06/14	16.58	16.58	15.80	15.85	2290808	37405148.00
2019/06/17	15.85	16.34	15.65	16.15	2313169	37458572.00
2019/06/18	16.21	16.69	15.98	16.56	3114439	51754960.00
2019/06/19	17.07	17.28	16.30	16.54	5162606	86863136.00
2019/06/20	16.33	16.82	15.86	16.82	4593497	76014576.00
2019/06/21	16.97	17.75	16.78	17.75	6055408	105067448.00
2019/06/24	18.13	18.31	17.25	17.36	6569063	117577152.00
2019/06/25	17.17	17.38	16.47	16.79	4226726	71667328.00
2019/06/26	16.90	17.65	16.73	17.08	5007246	87018728.00
2019/06/27	17.41	17.45	16.80	16.99	4078344	70366344.00
2019/06/28	16.62	16.62	16.00	16.14	3901692	63898408.00
2019/07/01	16.42	16.76	16.28	16.65	3155667	52610672.00
2019/07/02	16.64	16.79	16.35	16.48	2400002	40099416.00
2019/07/03	16.53	16.55	16.20	16.27	1346706	22231800.00
2019/07/04	16.27	16.34	15.85	16.14	2594446	42187924.00
2019/07/05	16.16	16.31	16.02	16.25	934479	15245775.00
2019/07/08	16.20	16.20	15.36	15.62	2035978	32110706.00
2019/07/09	16.12	16.12	15.56	15.74	1460892	23120786.00
2019/07/10	15.56	16.11	15.56	16.04	1790708	28538404.00
2019/07/11	16.04	16.14	15.73	15.73	917023	14616562.00
2019/07/12	15.81	15.95	15.60	15.79	635105	10030442.00
2019/07/15	15.90	16.50	15.57	16.32	1586280	25600626.00
2019/07/16	16.30	16.39	16.02	16.37	1723282	27989622.00
2019/07/17	16.20	16.41	16.11	16.23	1729662	28094828.00
2019/07/18	16.01	16.14	15.58	15.72	1290270	20383780.00
2019/07/19	15.72	16.47	15.67	16.44	3545643	57879364.00
2019/07/22	16.26	16.68	15.75	15.80	2349835	37791432.00
2019/07/23	15.85	16.08	15.73	16.08	1267803	20137956.00
2019/07/24	15.98	16.38	15.94	16.34	1831884	29763282.00
2019/07/25	16.43	16.59	16.25	16.30	2129517	34885664.00
2019/07/26	16.23	16.34	16.02	16.11	1090384	17601698.00
2019/07/29	16.11	16.32	15.80	16.32	1185872	19181132.00
2019/07/30	16.33	16.55	16.18	16.48	1707848	28037490.00
2019/07/31	16.48	16.48	16.11	16.11	1242954	20140798.00
2019/08/01	15.99	16.22	15.95	16.06	936515	15027928.00
2019/08/02	15.80	15.87	15.61	15.77	1403381	22100178.00
2019/08/05	15.82	16.15	15.63	15.80	1209031	19292546.00
2019/08/06	15.33	15.60	14.99	15.22	1778513	27081444.00
2019/08/07	15.22	15.56	15.01	15.01	751925	11439362.00
2019/08/08	15.20	15.33	15.07	15.21	794309	12091320.00
2019/08/09	15.21	15.53	15.21	15.29	1047361	16103011.00
2019/08/12	15.35	15.80	15.26	15.80	1279900	19959164.00
2019/08/13	15.46	15.88	15.40	15.72	954523	15024203.00
2019/08/14	15.90	16.03	15.70	15.82	812007	12867420.00
2019/08/15	15.58	15.95	15.42	15.95	1191713	18671488.00
2019/08/16	15.92	16.15	15.86	15.96	1430044	22924836.00
2019/08/19	17.56	17.56	16.84	16.98	6883827	118232472.00
2019/08/20	17.05	18.18	17.05	17.36	7492415	131805328.00
2019/08/21	17.80	17.80	17.07	17.26	4932219	85864856.00
2019/08/22	17.38	18.99	17.22	18.99	9354422	169542160.00
2019/08/23	20.13	20.89	19.43	19.62	19933052	406881344.00
2019/08/26	18.00	18.82	18.00	18.05	11366611	207610032.00
2019/08/27	18.31	18.67	18.05	18.20	7344146	134462256.00
2019/08/28	18.02	18.80	17.70	18.40	6596422	121178504.00
2019/08/29	18.33	18.97	17.98	18.75	6025984	111957416.00
2019/08/30	19.40	20.63	18.40	18.40	10484777	205226352.00
2019/09/02	18.89	19.58	18.40	19.53	8094573	154620528.00
2019/09/03	19.17	19.35	18.88	19.15	5647045	107791832.00
2019/09/04	19.00	19.05	18.36	18.63	6890202	128421552.00
2019/09/05	18.77	20.20	18.77	20.01	11215264	218997392.00
2019/09/06	19.89	20.05	19.39	19.69	6582633	129631856.00
2019/09/09	19.90	21.66	19.80	21.66	15065645	320478560.00
2019/09/10	21.30	22.49	21.05	21.53	15100653	328949696.00
2019/09/11	21.65	22.48	21.15	21.88	9921672	216881312.00
2019/09/12	21.97	23.69	21.54	22.58	9816597	219786576.00
2019/09/16	23.26	24.84	23.26	24.84	17897530	440750496.00
2019/09/17	24.10	24.94	23.03	23.28	17218759	415423776.00
2019/09/18	23.66	24.55	22.54	23.12	11735590	275040864.00
2019/09/19	23.27	23.30	22.39	23.01	9730874	221771520.00
2019/09/20	22.96	23.95	22.66	22.96	9492110	220662784.00
2019/09/23	22.70	24.25	22.70	23.87	11289353	266487264.00
2019/09/24	23.41	25.50	22.00	23.50	15798123	375310336.00
2019/09/25	22.80	24.47	22.51	23.99	16463747	390539168.00
2019/09/26	23.60	23.65	21.59	21.59	13024507	289910624.00
2019/09/27	21.00	21.78	20.52	20.72	9913348	209395344.00
2019/09/30	20.73	21.30	20.52	20.59	5555058	116479408.00
2019/10/08	20.92	21.40	20.39	20.60	6378991	133683776.00
2019/10/09	20.41	21.13	19.80	21.01	7729555	158912192.00
2019/10/10	21.20	21.88	20.80	21.70	11965688	255997824.00
2019/10/11	21.39	22.00	21.17	21.24	10541613	227045968.00
2019/10/14	21.45	22.22	21.04	21.97	10884532	235797632.00
2019/10/15	21.55	21.64	20.29	20.62	9108019	190290000.00
2019/10/16	20.79	21.20	20.35	20.58	5003978	103998184.00
2019/10/17	20.58	20.98	20.23	20.38	4923278	101464160.00
2019/10/18	20.59	20.85	19.65	19.85	6088997	122563560.00
2019/10/21	19.88	20.14	19.18	20.10	4687391	92458048.00
2019/10/22	19.83	20.55	19.83	20.41	6025471	121926024.00
2019/10/23	21.80	22.45	21.80	22.45	4294965	96205992.00
2019/10/24	23.50	24.70	22.91	24.70	25247481	599499008.00
2019/10/25	26.35	27.17	25.31	25.54	34191323	904926144.00
2019/10/28	28.09	28.09	28.09	28.09	805608	22629528.00
2019/10/29	30.90	30.90	30.09	30.90	20376835	628947136.00
2019/10/30	32.00	33.99	30.90	32.02	45482958	1499444608.00
2019/10/31	28.82	29.80	28.82	28.82	25484526	737825856.00
2019/11/01	26.50	28.23	26.50	27.17	26540744	723840064.00
数据来源:通达信
