300542 新晨科技 日线 前复权
      日期	    开盘	    最高	    最低	    收盘	    成交量	    成交额
2016/09/20	3.09	3.46	3.09	3.46	5001	59020.58
2016/09/21	3.82	3.82	3.82	3.82	2000	26000.00
2016/09/22	4.21	4.21	4.21	4.21	2100	30030.00
2016/09/23	4.64	4.64	4.64	4.64	3200	50336.00
2016/09/26	5.11	5.11	5.11	5.11	5600	96880.00
2016/09/27	5.64	5.64	5.64	5.64	3752	71400.56
2016/09/28	6.21	6.21	6.21	6.21	7988	167188.84
2016/09/29	6.84	6.84	6.84	6.84	12244	281856.88
2016/09/30	7.53	7.53	7.53	7.53	9441	239046.13
2016/10/10	8.30	8.30	8.30	8.30	15782	439528.69
2016/10/11	9.14	9.14	9.14	9.14	13787	422433.69
2016/10/12	10.06	10.06	10.06	10.06	12401	417913.69
2016/10/13	11.08	11.08	11.08	11.08	15148	561536.38
2016/10/14	12.20	12.20	12.20	12.20	61028	2488721.75
2016/10/17	13.43	13.43	13.43	13.43	19500	874770.00
2016/10/18	14.78	14.78	14.78	14.78	401492	19813630.00
2016/10/19	16.27	16.27	16.27	16.27	237310	12883560.00
2016/10/20	17.91	17.91	17.91	17.91	65285	3898820.25
2016/10/21	19.71	19.71	19.71	19.71	117929	7746756.00
2016/10/24	20.11	20.71	18.93	19.91	13463014	892285696.00
2016/10/25	19.79	21.83	19.79	20.28	10114179	699157440.00
2016/10/26	20.47	21.28	20.11	20.80	7722510	532421280.00
2016/10/27	20.77	22.81	20.47	22.33	8053972	576832256.00
2016/10/28	21.92	23.28	21.47	21.88	7033365	518816160.00
2016/10/31	21.83	21.83	20.56	20.62	5101212	357236448.00
2016/11/01	20.43	21.18	20.42	20.84	3292141	229220768.00
2016/11/02	20.47	21.46	20.46	21.05	3602717	252480624.00
2016/11/03	20.83	21.13	20.30	20.38	4084127	281829664.00
2016/11/04	20.39	21.12	20.35	20.84	3198817	220451184.00
2016/11/07	20.98	22.02	20.82	21.44	4471566	319442368.00
2016/11/08	21.31	22.18	21.31	21.76	3607492	260618992.00
2016/11/09	21.73	22.05	21.01	21.63	3763550	269516448.00
2016/11/10	21.83	23.06	21.71	22.67	4267588	318767168.00
2016/11/11	22.85	23.57	22.22	22.55	4387678	332633600.00
2016/11/14	22.58	22.98	22.07	22.27	2675192	199505200.00
2016/11/15	22.28	22.43	21.43	21.75	2086277	151553424.00
2016/11/16	21.91	22.20	21.28	21.30	1899234	137129056.00
2016/11/17	21.32	21.33	20.95	21.15	1271183	89445216.00
2016/11/18	21.49	21.89	21.16	21.29	1746569	125476976.00
2016/11/21	21.40	21.79	20.94	21.52	1666604	118300776.00
2016/11/22	21.47	23.68	21.47	23.09	6347163	483720128.00
2016/11/23	22.76	22.82	21.92	21.98	4369738	325508896.00
2016/11/24	21.92	22.11	21.30	21.41	1885808	136281264.00
2016/11/25	21.13	21.93	20.56	21.92	2265799	160822672.00
2016/11/28	21.65	21.98	21.32	21.34	1358885	97753952.00
2016/11/29	21.38	21.77	20.83	20.98	1222122	86225608.00
2016/11/30	20.56	21.18	20.56	21.02	958851	66978908.00
2016/12/01	21.09	21.51	20.98	21.06	1083466	76522864.00
2016/12/02	21.10	21.15	20.28	20.38	1530401	104953000.00
2016/12/05	20.02	20.40	19.94	19.96	815708	54672004.00
2016/12/06	20.08	20.25	19.86	20.02	664065	44433368.00
2016/12/07	19.93	20.32	19.53	20.13	1106838	73514128.00
2016/12/08	20.14	20.18	19.77	19.90	756748	50423696.00
2016/12/09	19.85	20.14	19.14	19.14	1954210	128719040.00
2016/12/12	18.66	18.84	17.22	17.22	1968182	117349112.00
2016/12/13	16.96	17.26	16.62	16.93	1209435	68202200.00
2016/12/14	16.94	17.12	16.64	16.67	716385	40198520.00
2016/12/15	16.67	17.39	16.61	16.88	1257687	71448608.00
2016/12/16	16.93	17.23	16.89	17.03	786751	44780180.00
2016/12/19	17.08	17.19	16.79	17.03	519328	29400778.00
2016/12/20	17.03	17.15	16.66	16.76	789708	44481192.00
2016/12/21	16.87	17.03	16.61	16.95	996569	55986356.00
2016/12/22	16.79	17.03	16.49	16.88	931365	52188204.00
2016/12/23	16.92	16.93	15.76	15.77	1531023	82733448.00
2016/12/26	15.58	16.18	15.18	16.14	1190575	62664944.00
2016/12/27	16.14	16.33	15.94	16.04	554607	29776448.00
2016/12/28	16.15	16.15	15.82	15.88	584634	31206338.00
2016/12/29	15.97	16.12	15.58	15.70	811890	43114028.00
2016/12/30	15.59	15.78	15.30	15.40	808751	41928196.00
2017/01/03	15.52	15.80	15.31	15.78	709832	37165200.00
2017/01/04	15.73	16.02	15.73	15.96	810722	43049812.00
2017/01/05	15.90	16.00	15.73	15.79	619767	32840264.00
2017/01/06	15.76	15.76	15.05	15.10	1086748	55654668.00
2017/01/09	14.87	14.98	14.52	14.84	853847	42171356.00
2017/01/10	14.93	15.35	14.84	14.95	1017113	51251348.00
2017/01/11	14.83	14.89	14.05	14.07	1031245	49746368.00
2017/01/12	14.31	14.31	13.80	13.86	926202	43523312.00
2017/01/13	13.78	13.96	12.98	12.98	1260646	56528072.00
2017/01/16	12.72	12.84	11.67	12.01	1334672	55091128.00
2017/01/17	12.00	13.13	11.64	12.70	1715718	70904456.00
2017/01/18	12.73	12.80	12.27	12.45	1163688	48837696.00
2017/01/19	12.35	13.16	12.21	12.67	1579117	67563800.00
2017/01/20	12.62	13.38	12.50	13.06	1815925	79874336.00
2017/01/23	12.98	14.07	12.96	13.64	1625970	73482408.00
2017/01/24	13.43	13.56	13.11	13.19	1049115	46597984.00
2017/01/25	13.10	13.43	13.03	13.34	1646253	72994296.00
2017/01/26	13.29	13.46	13.17	13.30	961547	42688192.00
2017/02/03	13.32	13.37	12.81	12.86	798811	34669212.00
2017/02/06	12.91	13.43	12.91	13.40	1174930	51727884.00
2017/02/07	13.40	13.47	13.05	13.18	965751	42700220.00
2017/02/08	13.16	13.77	13.08	13.68	1585995	71287192.00
2017/02/09	13.67	14.04	13.60	13.68	1798061	83086160.00
2017/02/10	13.79	13.80	13.28	13.30	1420362	64015648.00
2017/02/13	13.26	13.73	13.05	13.51	1423546	63986644.00
2017/02/14	13.50	13.53	13.32	13.47	1030034	46243948.00
2017/02/15	13.46	13.76	13.37	13.46	1535635	69769032.00
2017/02/16	13.39	13.39	13.05	13.26	1065462	47150468.00
2017/02/17	13.13	13.34	12.86	12.89	1037259	45428496.00
2017/02/20	12.89	13.01	12.29	12.68	1031674	43493364.00
2017/02/21	12.81	13.38	12.74	13.26	1320797	57879292.00
2017/02/22	13.17	13.44	13.00	13.44	1333732	58973408.00
2017/02/23	13.37	13.68	13.23	13.51	1214931	54541644.00
2017/02/24	13.46	14.00	13.39	13.92	1788245	82549160.00
2017/02/27	13.79	14.04	13.70	13.80	1340746	61925160.00
2017/02/28	13.80	13.84	13.43	13.77	1412653	64168484.00
2017/03/01	13.71	14.04	13.64	13.66	1269572	58517888.00
2017/03/02	13.71	13.76	13.56	13.63	880576	40153244.00
2017/03/03	13.64	13.65	13.29	13.58	1019433	45823444.00
2017/03/06	13.53	14.23	13.53	14.14	2076520	96917840.00
2017/03/07	14.31	14.36	14.07	14.23	1790914	85053784.00
2017/03/08	14.26	14.49	14.04	14.16	1427712	68026992.00
2017/03/09	14.14	14.37	13.91	14.32	1507560	71002936.00
2017/03/10	14.36	14.87	14.32	14.71	2791826	136612704.00
2017/03/13	14.61	14.93	14.42	14.87	1836561	90004984.00
2017/03/14	14.72	15.01	14.68	15.01	2155824	106850456.00
2017/03/15	14.98	14.98	14.71	14.90	1504275	74653624.00
2017/03/16	14.81	15.35	14.81	15.18	2028811	102381152.00
2017/03/17	15.13	15.22	14.35	14.36	3444935	169189616.00
2017/03/20	14.41	14.58	14.25	14.58	1528619	73703432.00
2017/03/21	14.58	16.05	14.53	16.05	4508843	229287120.00
2017/03/22	16.03	16.36	15.39	16.18	5344553	280856192.00
2017/03/23	16.03	16.03	15.28	15.63	3707787	194614544.00
2017/03/24	15.58	15.73	15.40	15.70	2078965	107886784.00
2017/03/27	15.70	15.88	15.32	15.43	1706004	88429928.00
2017/03/28	15.34	15.56	14.92	15.01	1594183	80662840.00
2017/03/29	14.94	15.04	13.98	13.98	2114338	102267768.00
2017/03/30	13.77	13.77	12.98	13.02	2085250	93137336.00
2017/03/31	13.16	13.33	13.02	13.12	1136342	49908080.00
2017/04/05	13.03	13.62	13.03	13.51	935336	41918044.00
2017/04/06	13.52	13.79	13.52	13.62	962451	43990816.00
2017/04/07	13.54	13.63	13.19	13.21	1040300	46499112.00
2017/04/10	12.68	12.83	11.88	11.88	2232518	90944760.00
2017/04/11	11.88	12.39	11.78	12.32	1236468	49976540.00
2017/04/12	12.32	12.47	11.99	12.08	1047079	42986576.00
2017/04/13	12.02	12.35	12.02	12.21	794621	32491552.00
2017/04/14	12.04	12.26	11.66	11.86	874851	35004608.00
2017/04/17	11.59	11.59	10.84	11.13	1123702	42291200.00
2017/04/18	11.17	11.41	11.00	11.03	614600	23078848.00
2017/04/19	10.96	11.29	10.91	11.26	810060	30126496.00
2017/04/20	11.26	11.35	10.75	10.89	833742	30815492.00
2017/04/21	10.87	10.99	10.69	10.78	662920	24096216.00
2017/04/24	10.74	10.89	10.45	10.81	1019595	36494224.00
2017/04/25	10.90	11.21	10.67	10.98	764512	28251722.00
2017/04/26	11.00	11.22	10.91	11.06	554901	20564506.00
2017/04/27	11.06	11.41	10.47	11.39	1311298	48397932.00
2017/04/28	11.24	11.49	11.20	11.32	715758	27195326.00
2017/05/02	11.32	11.41	10.99	11.08	745687	27834768.00
2017/05/03	11.11	11.28	10.97	11.17	622924	23199016.00
2017/05/04	11.17	11.17	10.72	10.87	668301	24489436.00
2017/05/05	10.87	10.93	10.61	10.62	735001	26482904.00
2017/05/08	10.63	10.63	10.03	10.03	953092	32979640.00
2017/05/09	10.03	10.35	9.95	10.32	678586	23178160.00
2017/05/10	10.35	10.41	10.08	10.09	821717	28246358.00
2017/05/11	9.98	10.24	9.42	10.11	1574405	51564920.00
2017/05/12	10.04	10.35	9.81	10.22	861987	29152096.00
2017/05/15	10.29	10.59	10.24	10.32	967711	33820808.00
2017/05/16	10.27	10.63	10.04	10.60	1107310	38289564.00
2017/05/17	10.60	10.82	10.53	10.56	999061	35667704.00
2017/05/18	10.45	10.76	10.40	10.55	940600	33380460.00
2017/05/19	10.48	10.62	10.27	10.28	571369	19927942.00
2017/05/22	10.30	10.45	9.49	9.53	849097	28238728.00
2017/05/23	9.53	9.54	8.71	8.78	996546	30542620.00
2017/05/24	8.83	8.97	8.56	8.95	780278	23070488.00
2017/05/25	8.91	9.13	8.67	9.03	945778	28171836.00
2017/05/26	9.01	9.19	8.92	9.06	569682	17273454.00
2017/05/31	9.45	9.52	8.94	8.95	848233	26385486.00
2017/06/01	8.91	9.03	8.43	8.47	802731	23499234.00
2017/06/02	8.40	9.32	8.35	9.32	1239222	37359772.00
2017/06/05	9.62	9.73	9.31	9.48	1822402	58048324.00
2017/06/06	9.51	9.60	9.36	9.48	786304	24895290.00
2017/06/07	9.49	9.89	9.44	9.75	1325375	43059824.00
2017/06/08	9.68	10.14	9.66	9.70	1524583	50142540.00
2017/06/09	9.62	9.68	9.33	9.58	949478	30174436.00
2017/06/12	9.48	9.53	9.02	9.11	943701	29130664.00
2017/06/13	9.13	9.50	9.08	9.36	858238	26816842.00
2017/06/14	9.49	9.57	9.33	9.42	1054944	33301610.00
2017/06/15	9.46	9.97	9.46	9.72	1547377	50487104.00
2017/06/16	9.77	10.01	9.60	9.64	1182375	38515736.00
2017/06/19	9.72	10.00	9.45	9.70	1085289	35513152.00
2017/06/20	9.73	9.96	9.55	9.55	1276009	41666480.00
2017/06/21	9.60	9.81	9.47	9.67	995200	31961104.00
2017/06/22	9.84	9.84	9.15	9.18	1486095	47708180.00
2017/06/23	9.12	9.31	8.81	9.05	1296519	39257268.00
2017/06/26	9.00	9.16	8.92	9.11	817799	24754924.00
2017/06/27	9.09	9.30	9.09	9.21	620987	19100312.00
2017/06/28	9.12	9.21	8.98	9.06	448888	13627265.00
2017/06/29	9.01	9.35	9.01	9.18	663000	20478628.00
2017/06/30	9.12	9.33	9.12	9.26	645172	19961352.00
2017/07/03	9.32	9.67	9.27	9.62	1144065	36191400.00
2017/07/04	9.63	9.65	9.47	9.51	544775	17355662.00
2017/07/05	9.47	9.67	9.47	9.64	746399	23953812.00
2017/07/06	9.66	9.68	9.48	9.56	902136	28917258.00
2017/07/07	9.57	9.84	9.50	9.74	1124873	36579720.00
2017/07/10	9.64	9.66	9.24	9.27	1089500	34272576.00
2017/07/11	9.27	9.37	9.07	9.08	600268	18503200.00
2017/07/12	9.12	9.19	8.90	9.17	657252	19838666.00
2017/07/13	9.16	9.16	8.91	8.94	613300	18438050.00
2017/07/14	8.94	9.05	8.84	8.94	334600	10029628.00
2017/07/17	8.87	8.87	8.04	8.04	1161828	32187348.00
2017/07/18	7.89	8.19	7.82	8.04	726877	19429048.00
2017/07/19	8.04	8.11	7.89	8.06	478280	12843711.00
2017/07/20	8.06	8.29	7.99	8.02	682012	18641266.00
2017/07/21	7.96	8.07	7.88	7.90	523800	14037867.00
2017/07/24	7.78	8.06	7.64	8.03	549188	14488592.00
2017/07/25	7.96	8.08	7.92	8.05	373900	10047283.00
2017/07/26	8.02	8.08	7.93	7.98	377201	10091238.00
2017/07/27	7.93	8.39	7.93	8.36	954129	26284640.00
2017/07/28	8.36	8.36	8.07	8.09	637400	17512252.00
2017/07/31	8.11	8.24	8.06	8.13	327674	8913065.00
2017/08/01	8.13	8.19	8.02	8.12	450474	12187493.00
2017/08/02	8.04	8.14	7.85	7.88	535000	14292546.00
2017/08/03	7.89	8.39	7.83	8.23	1079114	29681460.00
2017/08/04	8.14	8.22	8.05	8.08	669553	18192760.00
2017/08/07	8.15	8.25	8.08	8.15	468125	12825236.00
2017/08/08	8.12	8.37	8.03	8.36	1094254	30292632.00
2017/08/09	8.29	8.59	8.24	8.47	1056653	29908450.00
2017/08/10	8.38	9.33	8.38	9.33	3885496	118201816.00
2017/08/11	9.33	9.82	9.12	9.53	4811668	152468784.00
2017/08/14	9.42	9.97	9.27	9.95	4320697	139984096.00
2017/08/15	9.87	9.92	9.51	9.54	3294801	106459944.00
2017/08/16	9.42	9.64	9.33	9.48	2518758	80066896.00
2017/08/17	9.36	9.69	9.32	9.45	2293191	72608032.00
2017/08/18	9.45	9.52	9.19	9.33	1813500	56230828.00
2017/08/21	9.37	9.44	9.12	9.42	1717280	53549244.00
2017/08/22	9.44	9.54	9.21	9.45	1576699	49421512.00
2017/08/23	9.39	9.59	9.30	9.46	2108323	66912468.00
2017/08/24	9.38	9.44	9.03	9.08	1623403	49902148.00
2017/08/25	9.02	9.26	9.02	9.26	1194044	36680316.00
2017/08/28	9.26	9.86	9.26	9.67	2647263	84991344.00
2017/08/29	9.57	9.92	9.52	9.76	2796090	91254144.00
2017/08/30	9.66	10.14	9.60	9.83	2771088	91712048.00
2017/08/31	9.76	10.41	9.76	10.37	3635211	123137128.00
2017/09/01	10.35	10.35	10.07	10.21	2686889	91527840.00
2017/09/04	10.20	10.61	10.05	10.38	2845866	98519112.00
2017/09/05	10.41	10.44	9.87	10.05	2717542	91487056.00
2017/09/06	9.95	10.16	9.91	10.08	1650823	55490892.00
2017/09/07	10.08	10.88	10.03	10.43	3750134	132363056.00
2017/09/08	10.28	10.42	10.11	10.28	1718804	58856196.00
2017/09/11	10.37	10.75	10.34	10.44	2125169	74755464.00
2017/09/12	10.35	10.44	9.87	10.04	2105468	71120160.00
2017/09/13	9.96	10.23	9.96	10.23	1112271	37609936.00
2017/09/14	10.23	10.25	9.91	9.95	1203601	40385576.00
2017/09/15	9.96	9.96	9.59	9.60	1226311	39926088.00
2017/09/18	9.45	9.70	9.43	9.69	855399	27419340.00
2017/09/19	9.63	9.71	9.44	9.45	934675	29929386.00
2017/09/20	9.52	10.32	9.42	10.32	2534307	84478888.00
2017/09/21	10.44	10.44	9.97	9.97	2001888	67925712.00
2017/09/22	9.92	10.31	9.69	10.14	2056800	69130976.00
2017/09/25	10.13	10.61	10.10	10.45	2596174	90647872.00
2017/09/26	10.37	10.45	9.96	10.27	1567475	53264392.00
2017/09/27	10.18	11.31	10.17	10.87	3794325	137660432.00
2017/09/28	10.59	11.04	10.59	10.73	2708286	97448264.00
2017/09/29	10.66	11.23	10.47	11.08	3389209	122520104.00
2017/10/09	11.18	11.22	10.90	11.03	2227122	82191760.00
2017/10/10	11.02	11.34	10.93	11.06	2240518	83062112.00
2017/10/11	11.03	11.03	10.51	10.53	1873239	67163264.00
2017/10/12	10.44	10.67	10.44	10.58	1269029	44724048.00
2017/10/13	10.56	10.98	10.52	10.52	1574473	56577796.00
2017/10/16	10.53	10.59	9.74	9.93	2093169	71086704.00
2017/10/17	9.84	10.16	9.84	9.96	882266	29505450.00
2017/10/18	9.87	10.01	9.49	9.57	1318797	43039512.00
2017/10/19	9.69	9.69	9.12	9.35	919999	28857272.00
2017/10/20	9.31	9.46	9.24	9.41	666013	20836088.00
2017/10/23	9.39	9.53	9.33	9.51	527729	16678568.00
2017/10/24	9.51	9.51	9.14	9.27	884161	27468590.00
2017/10/25	9.27	9.48	9.21	9.45	655202	20592482.00
2017/10/26	9.45	9.76	9.42	9.71	966401	31066526.00
2017/10/27	9.60	9.79	9.60	9.64	689130	22250214.00
2017/10/30	9.44	9.48	8.84	8.96	1375590	41768808.00
2017/10/31	8.84	9.07	8.84	9.02	564038	16966678.00
2017/11/01	9.00	9.11	8.97	9.00	488594	14775917.00
2017/11/02	8.97	8.97	8.61	8.62	1218650	35561772.00
2017/11/03	8.65	8.65	8.33	8.43	960852	27282618.00
2017/11/06	8.39	8.66	8.39	8.63	621300	17842418.00
2017/11/07	8.62	8.72	8.56	8.67	710117	20545784.00
2017/11/08	8.70	8.93	8.63	8.81	848512	25039874.00
2017/11/09	8.89	9.23	8.77	9.14	1351695	40985604.00
2017/11/10	9.06	9.13	8.93	9.04	898400	27112880.00
2017/11/13	9.01	9.10	8.94	9.00	704100	21208368.00
2017/11/14	9.00	9.21	8.66	8.72	989171	29288848.00
2017/11/15	8.72	8.78	8.55	8.62	712699	20649596.00
2017/11/16	8.60	8.69	8.30	8.37	620700	17741294.00
2017/11/17	8.40	8.44	7.66	7.67	1004517	27031728.00
2017/11/20	7.70	7.92	7.46	7.83	722100	18732004.00
2017/11/21	7.86	7.92	7.61	7.88	686629	18011166.00
2017/11/22	7.86	8.03	7.76	7.88	677220	17862300.00
2017/11/23	7.81	8.14	7.80	7.90	806900	21509152.00
2017/11/24	7.88	8.27	7.80	8.10	819900	22221558.00
2017/11/27	8.19	8.91	8.06	8.30	1564122	44181592.00
2017/11/28	8.21	8.54	8.14	8.50	1129721	31653678.00
2017/11/29	8.48	8.48	8.12	8.18	947151	26227432.00
2017/11/30	8.12	8.45	8.03	8.27	999079	27641570.00
2017/12/01	8.26	8.52	8.26	8.48	961100	27120830.00
2017/12/04	8.50	8.50	7.76	7.94	856102	23496808.00
2017/12/05	7.88	8.06	7.64	7.79	706263	18630658.00
2017/12/06	7.70	8.14	7.70	8.06	686584	18291340.00
2017/12/07	8.06	8.20	8.02	8.07	497394	13509187.00
2017/12/08	8.26	8.88	8.20	8.88	2364901	69284600.00
2017/12/11	8.97	9.12	8.68	8.87	2707785	80754304.00
2017/12/12	8.81	8.81	8.61	8.68	1369302	39892152.00
2017/12/13	8.58	8.78	8.56	8.69	1238110	35929664.00
2017/12/14	8.68	8.78	8.58	8.72	1124111	32687340.00
2017/12/15	8.70	8.75	8.52	8.60	987105	28578602.00
2017/12/18	8.59	8.77	8.57	8.77	1169617	33974276.00
2017/12/19	8.77	9.66	8.75	9.66	4132737	129499928.00
2017/12/20	9.57	9.65	9.25	9.35	3132805	98533560.00
2017/12/21	9.36	9.41	9.17	9.40	2354247	73040192.00
2017/12/22	9.30	9.32	9.15	9.20	1530123	47142928.00
2017/12/25	9.05	9.11	8.63	8.63	2156188	63346184.00
2017/12/26	8.56	8.75	8.56	8.74	1261389	36513064.00
2017/12/27	8.73	8.83	8.58	8.78	1346688	39211928.00
2017/12/28	8.72	8.74	8.45	8.47	1242717	35916144.00
2017/12/29	8.45	8.62	8.36	8.60	869554	24743810.00
2018/01/02	8.60	8.75	8.52	8.74	797300	23087456.00
2018/01/03	8.74	8.77	8.57	8.71	1042718	30246194.00
2018/01/04	8.74	9.12	8.69	8.73	1516655	44788568.00
2018/01/05	9.07	9.61	8.97	8.99	3256355	100821936.00
2018/01/08	8.89	9.89	8.83	9.89	6826305	220708128.00
2018/01/09	9.88	10.40	9.52	9.99	7374655	244713328.00
2018/01/10	10.28	11.00	10.23	11.00	9016682	324586496.00
2018/01/11	12.11	12.11	12.11	12.11	3885457	157011312.00
2018/01/12	13.32	13.32	13.32	13.32	1632667	72572048.00
2018/01/15	13.14	14.67	13.14	14.67	13134255	609689280.00
2018/01/16	15.29	15.44	13.79	14.24	14476568	701692736.00
2018/01/17	12.81	12.81	12.81	12.81	804000	34371000.00
2018/01/18	11.68	12.16	11.52	11.53	12517657	489478912.00
2018/01/19	11.53	11.83	11.19	11.19	9891892	380028512.00
2018/01/22	10.81	11.13	10.64	11.03	6557801	238257888.00
2018/01/23	10.90	11.05	10.78	10.86	4642546	169065312.00
2018/01/24	10.87	11.21	10.75	10.99	5809858	213238704.00
2018/01/25	10.86	11.39	10.48	11.05	7445582	274378784.00
2018/01/26	10.78	11.31	10.64	10.65	5843288	214006768.00
2018/01/29	10.44	11.18	10.37	10.94	6222049	222307344.00
2018/01/30	10.75	10.76	9.89	9.92	5403502	187419088.00
2018/01/31	9.90	9.90	9.42	9.55	3868917	124423384.00
2018/02/01	9.74	9.79	9.17	9.19	2831716	90019064.00
2018/02/02	9.27	9.39	8.88	9.10	2369777	72849576.00
2018/02/05	8.96	9.08	8.64	8.75	2063443	61239304.00
2018/02/06	8.73	8.91	8.12	8.18	2700495	77272792.00
2018/02/07	8.35	8.55	8.04	8.40	2594160	72792344.00
2018/02/08	8.42	8.63	8.37	8.49	1886455	53840944.00
2018/02/09	8.14	8.47	7.92	8.22	2075804	57057696.00
2018/02/12	8.39	8.59	8.33	8.44	1943800	55142352.00
2018/02/13	8.44	8.58	8.27	8.29	1777456	50117332.00
2018/02/14	8.27	8.38	7.95	7.96	1583156	43088308.00
2018/02/22	8.09	8.76	8.03	8.76	2970500	84155928.00
2018/02/23	8.81	9.01	8.56	8.78	4729371	138992480.00
2018/02/26	8.81	9.20	8.81	9.00	4812133	144720592.00
2018/02/27	9.06	9.91	8.98	9.91	4024046	129281040.00
2018/02/28	9.87	10.71	9.65	10.16	9975135	340421568.00
2018/03/01	9.77	10.76	9.68	10.50	8335478	283240128.00
2018/03/02	10.08	10.30	9.95	9.95	5325964	180034336.00
2018/03/05	9.93	10.41	9.93	10.16	4490348	153002336.00
2018/03/06	10.13	10.35	9.87	10.20	4779868	161527296.00
2018/03/07	10.10	10.61	10.02	10.55	6035286	208627376.00
2018/03/08	10.45	11.61	10.38	11.03	10133101	375996992.00
2018/03/09	10.77	11.50	10.69	10.97	8296735	305728896.00
2018/03/12	10.93	11.31	10.87	11.10	6166679	227906576.00
2018/03/13	10.97	11.67	10.63	11.35	8143310	304306752.00
2018/03/14	11.08	11.22	10.37	10.41	5655702	204503856.00
2018/03/15	10.22	10.91	10.22	10.60	4909208	173062592.00
2018/03/16	10.44	10.82	10.42	10.42	4040674	143401040.00
2018/03/19	10.49	10.71	10.43	10.55	3057886	108084152.00
2018/03/20	10.40	10.44	9.99	10.30	3810401	129965560.00
2018/03/21	10.65	11.34	10.65	10.83	9728747	362173568.00
2018/03/22	10.78	11.76	10.63	11.50	10499071	392046464.00
2018/03/23	10.62	11.22	10.35	10.38	6703198	241474272.00
2018/03/26	10.38	11.43	10.37	11.43	6713475	246011376.00
2018/03/27	11.76	12.38	11.47	12.05	10486953	417247008.00
2018/03/28	11.53	13.26	11.52	12.66	11486387	480057760.00
2018/03/29	12.57	12.58	11.70	12.07	7888287	318857440.00
2018/03/30	12.19	12.48	12.01	12.18	6829363	278941216.00
2018/04/02	12.03	12.34	11.67	11.98	5962872	239062432.00
2018/04/03	11.64	11.91	11.49	11.83	4216960	164461392.00
2018/04/04	11.96	11.97	11.30	11.31	3495548	135777360.00
2018/04/09	11.22	11.58	10.96	11.53	3062411	116509528.00
2018/04/10	11.27	11.67	10.97	11.66	4017877	152296336.00
2018/04/11	11.77	12.37	11.67	12.08	6513230	261261680.00
2018/04/12	11.85	12.30	11.74	11.87	4834430	193653744.00
2018/04/13	12.16	12.83	11.88	11.89	5497959	224597424.00
2018/04/16	11.57	12.21	11.57	12.18	4396152	176255808.00
2018/04/17	12.04	12.25	10.95	10.95	5244476	200714816.00
2018/04/18	10.95	11.16	10.20	10.95	3848699	136839504.00
2018/04/19	10.81	11.06	10.46	10.46	2867400	103074240.00
2018/04/20	10.46	10.74	10.25	10.27	2343500	82461056.00
2018/04/23	10.63	11.05	10.40	10.56	2823206	100831336.00
2018/04/24	10.61	11.01	10.48	10.98	2702065	97746224.00
2018/04/25	10.95	11.30	10.84	11.16	3632245	135268496.00
2018/04/26	11.08	11.44	10.93	11.09	3461450	129813456.00
2018/04/27	11.17	11.23	10.39	10.48	2961300	105244608.00
2018/05/02	10.50	10.62	9.58	9.85	2643680	88548288.00
2018/05/03	9.99	10.25	9.68	10.22	2100210	70306784.00
2018/05/04	10.22	10.38	10.02	10.02	1535966	52349732.00
2018/05/07	10.06	10.40	10.06	10.31	1640184	56400764.00
2018/05/08	10.25	10.52	10.25	10.46	1729363	60176660.00
2018/05/09	10.46	10.89	10.36	10.86	3369325	120590456.00
2018/05/10	10.85	10.88	10.58	10.74	2279641	81681456.00
2018/05/11	10.83	11.13	10.63	10.65	2633125	95393184.00
2018/05/14	10.44	10.44	10.02	10.11	2106941	71841784.00
2018/05/15	10.14	10.34	9.99	10.32	1735515	59037852.00
2018/05/16	10.17	10.64	10.17	10.47	2325754	81216280.00
2018/05/17	10.45	10.47	10.17	10.23	1603400	55067028.00
2018/05/18	10.20	10.37	10.08	10.31	1415287	48566676.00
2018/05/21	10.35	10.63	10.32	10.56	1668925	58771756.00
2018/05/22	10.64	10.93	10.53	10.90	2950900	105884608.00
2018/05/23	10.84	10.97	10.72	10.77	2114516	76452120.00
2018/05/24	10.72	10.99	10.68	10.87	1929625	69865208.00
2018/05/25	10.84	10.91	10.47	10.51	1969425	69798912.00
2018/05/28	10.33	10.93	9.99	10.47	3274429	67051356.00
2018/05/29	10.34	11.52	10.34	11.52	5901198	132192344.00
2018/05/30	11.52	12.23	10.75	10.89	18315707	421751328.00
2018/05/31	10.53	11.99	10.53	11.58	16091927	361179648.00
2018/06/01	11.22	12.74	11.13	12.74	18933389	440695200.00
2018/06/04	12.91	13.22	11.46	11.58	18337971	437685024.00
2018/06/05	11.63	12.37	11.22	12.04	14816923	346832256.00
2018/06/06	11.79	12.99	11.59	12.39	17867464	433192000.00
2018/06/07	12.14	12.25	11.58	11.78	11843219	276051584.00
2018/06/08	11.61	11.61	11.22	11.44	7321335	163477424.00
2018/06/11	11.32	11.66	11.17	11.42	5396842	120488104.00
2018/06/12	11.43	11.47	10.27	10.66	8187574	171802448.00
2018/06/13	10.56	10.91	10.30	10.44	5178036	107881440.00
2018/06/14	10.29	10.86	10.20	10.50	4061900	84257136.00
2018/06/15	10.50	10.61	9.45	9.46	6444124	124761760.00
2018/06/19	8.83	9.12	8.50	8.50	3826132	65800540.00
2018/06/20	8.29	8.78	8.14	8.56	3690108	61792340.00
2018/06/21	8.54	9.01	8.30	8.31	4036312	68240608.00
2018/06/22	8.04	8.53	7.97	8.41	3391110	55522112.00
2018/06/25	8.54	8.61	8.23	8.34	2864342	47435936.00
2018/06/26	8.15	8.66	8.15	8.63	3674982	61177640.00
2018/06/27	8.60	8.78	8.53	8.74	3593507	61031256.00
2018/06/28	8.71	9.17	8.63	8.85	4836689	84853496.00
2018/06/29	8.71	9.27	8.49	9.16	5727025	100617720.00
2018/07/02	9.06	9.14	8.56	8.75	3866337	67403160.00
2018/07/03	8.71	9.12	8.60	9.03	3711546	64847280.00
2018/07/04	8.96	8.99	8.14	8.32	4452077	74615408.00
2018/07/05	8.32	8.65	8.20	8.25	3641635	60350420.00
2018/07/06	8.29	8.56	8.19	8.42	3054330	50231868.00
2018/07/09	8.45	8.63	8.45	8.60	2575460	43263864.00
2018/07/10	8.63	8.91	8.51	8.87	4339640	74598672.00
2018/07/11	8.55	8.59	8.14	8.39	4459880	73498112.00
2018/07/12	8.39	8.90	8.39	8.69	4367010	74295688.00
2018/07/13	8.76	9.16	8.73	8.84	5648790	99206040.00
2018/07/16	8.59	9.01	8.53	8.89	3694092	64016636.00
2018/07/17	8.86	8.88	8.57	8.78	2970375	50879480.00
2018/07/18	8.93	9.12	8.81	8.82	4621260	81419424.00
2018/07/19	8.71	8.81	8.43	8.79	3458800	58247496.00
2018/07/20	8.62	8.83	8.51	8.72	2676230	45682944.00
2018/07/23	8.72	8.89	8.60	8.79	2983732	51224780.00
2018/07/24	8.73	9.00	8.62	8.98	4735892	82302824.00
2018/07/25	9.27	9.43	8.89	8.92	4379852	78023552.00
2018/07/26	8.81	8.93	8.66	8.69	3122752	53676464.00
2018/07/27	8.63	8.73	8.31	8.32	2968620	49260396.00
2018/07/30	8.32	8.43	8.08	8.13	1710310	27714188.00
2018/07/31	8.10	8.27	8.10	8.19	1336630	21525504.00
2018/08/01	8.22	8.39	7.79	7.79	2354290	37369272.00
2018/08/02	7.84	7.84	7.02	7.25	3455220	49816160.00
2018/08/03	7.20	7.31	7.02	7.03	1728130	24454986.00
2018/08/06	7.03	7.11	6.80	6.86	1662340	22733766.00
2018/08/07	6.87	7.07	6.82	7.06	1862840	25575906.00
2018/08/08	7.05	7.07	6.62	6.67	2116360	28403694.00
2018/08/09	6.68	7.27	6.67	7.08	3297500	45801740.00
2018/08/10	7.01	7.27	7.01	7.20	2416900	33998612.00
2018/08/13	7.04	7.56	7.00	7.43	2922110	41744060.00
2018/08/14	7.39	7.43	7.23	7.29	2239620	32142486.00
2018/08/15	7.19	7.35	6.96	7.09	1981800	27837408.00
2018/08/16	6.98	7.19	6.89	6.97	1559552	21644204.00
2018/08/17	7.03	7.67	7.03	7.67	3158900	47148812.00
2018/08/20	7.98	8.45	7.89	8.45	12677249	204050400.00
2018/08/21	8.44	9.30	8.44	9.30	14180812	245792048.00
2018/08/22	9.33	9.63	8.39	8.59	16587935	291310784.00
2018/08/23	8.37	9.10	8.26	8.82	14809594	254546224.00
2018/08/24	8.40	8.75	8.20	8.30	10378915	171947168.00
2018/08/27	8.18	8.60	8.18	8.30	8995364	148001744.00
2018/08/28	8.34	9.13	8.27	9.13	16859386	293050976.00
2018/08/29	9.01	9.68	8.76	9.40	17334094	310052032.00
2018/08/30	9.11	9.20	8.84	8.89	10628674	187951616.00
2018/08/31	8.67	8.81	8.47	8.56	7039710	119204480.00
2018/09/03	8.60	8.78	8.24	8.77	6650670	111405848.00
2018/09/04	8.66	8.86	8.49	8.71	7384410	125912888.00
2018/09/05	8.61	8.68	8.30	8.38	5450040	91001992.00
2018/09/06	8.30	8.94	8.30	8.76	9131001	156216320.00
2018/09/07	8.68	8.81	8.18	8.37	7215681	120074760.00
2018/09/10	8.33	8.36	7.52	7.52	6734161	102578304.00
2018/09/11	7.49	7.79	7.49	7.73	3920330	59003972.00
2018/09/12	7.79	7.88	7.56	7.71	2942811	44742296.00
2018/09/13	7.84	8.49	7.74	8.14	6224800	99925280.00
2018/09/14	8.21	8.37	7.84	7.94	4706150	74537896.00
2018/09/17	7.98	8.28	7.88	7.99	3770060	59568252.00
2018/09/18	7.93	8.10	7.58	8.10	4159460	63793076.00
2018/09/19	8.04	8.23	7.87	8.07	4344170	68780352.00
2018/09/20	7.89	8.14	7.87	7.89	2363260	36996536.00
2018/09/21	7.98	8.22	7.74	8.11	3740900	59294696.00
2018/09/25	8.09	8.56	7.97	8.50	6608790	108223256.00
2018/09/26	8.50	8.55	8.33	8.43	4416090	72885720.00
2018/09/27	8.41	8.55	8.31	8.45	4268620	70851328.00
2018/09/28	8.37	8.55	8.13	8.28	3397372	55529228.00
2018/10/08	8.14	8.14	7.49	7.57	3089850	46953332.00
2018/10/09	7.72	7.75	7.56	7.60	1418150	21234716.00
2018/10/10	7.60	7.72	7.54	7.68	1474130	22187206.00
2018/10/11	7.13	7.32	6.90	6.90	2840540	39390344.00
2018/10/12	6.81	7.04	6.30	6.91	2647260	35339632.00
2018/10/15	6.97	7.21	6.87	6.95	2106570	29262328.00
2018/10/16	6.94	7.57	6.94	7.11	2771202	39306960.00
2018/10/17	7.49	7.71	7.20	7.36	3611040	52711644.00
2018/10/18	7.16	7.24	6.90	7.02	2714200	37822468.00
2018/10/19	6.83	7.68	6.79	7.47	5243760	76610424.00
2018/10/22	7.35	7.90	7.35	7.80	5263970	79402144.00
2018/10/23	7.76	7.84	7.52	7.53	3284980	49381620.00
2018/10/24	7.47	7.64	7.42	7.47	2425110	35755188.00
2018/10/25	7.11	7.31	6.97	7.28	2296230	32359506.00
2018/10/26	7.39	7.51	7.13	7.27	1897670	27286852.00
2018/10/29	7.15	7.44	7.15	7.27	1755410	25176804.00
2018/10/30	7.29	7.30	6.94	7.21	2184620	30669834.00
2018/10/31	7.21	7.44	7.18	7.30	2441650	35098668.00
2018/11/01	7.38	7.62	7.30	7.39	4136982	60769940.00
2018/11/02	7.53	7.72	7.42	7.64	4379851	65267820.00
2018/11/05	7.63	8.03	7.43	7.76	5153580	77618360.00
2018/11/06	7.63	7.68	7.43	7.62	3415040	50631068.00
2018/11/07	7.58	7.84	7.55	7.61	4063560	61521872.00
2018/11/08	7.68	7.72	7.44	7.48	2717610	40414212.00
2018/11/09	7.38	7.57	7.38	7.38	1688542	24796954.00
2018/11/12	7.40	7.64	7.39	7.63	2502762	37080960.00
2018/11/13	7.54	7.76	7.49	7.71	3660734	55058792.00
2018/11/14	7.71	7.89	7.62	7.76	3711837	56521052.00
2018/11/15	7.69	8.03	7.69	8.00	4691040	72638448.00
2018/11/16	7.98	8.20	7.94	8.11	4879639	77476904.00
2018/11/19	8.23	8.44	7.89	8.03	3989358	63270368.00
2018/11/20	7.94	8.01	7.68	7.77	3192590	49292724.00
2018/11/21	7.66	7.86	7.66	7.77	1969261	30023610.00
2018/11/22	7.83	7.87	7.71	7.76	1861791	28514872.00
2018/11/23	7.74	7.80	7.18	7.23	3710598	53750648.00
2018/11/26	7.19	7.31	7.02	7.12	1934420	27125000.00
2018/11/27	7.17	7.26	7.13	7.24	1318450	18667624.00
2018/11/28	7.25	7.34	7.06	7.34	1723290	24504276.00
2018/11/29	7.38	7.42	6.91	6.99	1807760	25607048.00
2018/11/30	6.99	7.22	6.87	7.19	1523680	21071058.00
2018/12/03	7.31	7.48	7.26	7.40	2069760	29992764.00
2018/12/04	7.34	7.40	7.30	7.36	1406610	20318324.00
2018/12/05	7.18	7.31	7.18	7.26	1185089	16878910.00
2018/12/06	7.22	7.36	7.09	7.09	1301879	18435918.00
2018/12/07	7.09	7.20	7.07	7.16	1015630	14267834.00
2018/12/10	7.16	7.19	6.97	7.05	1059540	14682365.00
2018/12/11	7.05	7.13	7.03	7.09	829871	11552188.00
2018/12/12	7.11	7.15	7.05	7.07	799010	11128946.00
2018/12/13	7.07	7.38	7.07	7.23	1931181	27441804.00
2018/12/14	7.20	7.23	6.97	6.99	1316163	18351454.00
2018/12/17	6.92	7.04	6.88	7.01	821913	11216712.00
2018/12/18	6.91	7.05	6.87	6.97	714280	9755492.00
2018/12/19	6.97	7.05	6.92	6.96	745406	10251050.00
2018/12/20	6.93	7.09	6.93	7.07	999197	13839929.00
2018/12/21	7.13	7.17	6.94	7.00	1072217	14813377.00
2018/12/24	7.00	7.22	6.97	7.22	1690231	23669084.00
2018/12/25	7.12	7.36	6.96	7.32	2245029	31571332.00
2018/12/26	7.27	7.42	7.20	7.23	1810227	25965034.00
2018/12/27	7.35	7.35	7.01	7.01	1564867	22164996.00
2018/12/28	7.01	7.14	6.96	7.04	910710	12615524.00
2019/01/02	7.05	7.08	6.97	7.00	643319	8889482.00
2019/01/03	7.03	7.21	7.00	7.04	1313960	18373614.00
2019/01/04	6.96	7.16	6.61	7.14	1962460	26915978.00
2019/01/07	7.15	7.42	7.09	7.33	2626320	37521204.00
2019/01/08	7.27	7.33	7.14	7.18	1585590	22532970.00
2019/01/09	7.23	7.34	7.16	7.16	1559420	22195662.00
2019/01/10	7.27	7.40	7.12	7.22	2188431	31238868.00
2019/01/11	7.32	7.44	7.25	7.33	1887981	27152604.00
2019/01/14	7.27	7.27	6.94	6.96	2522360	35022236.00
2019/01/15	6.94	7.04	6.89	7.02	1305231	17944590.00
2019/01/16	7.02	7.60	6.99	7.22	2948422	42093820.00
2019/01/17	7.13	7.25	6.97	7.05	1563180	21814124.00
2019/01/18	6.99	7.08	6.94	7.02	1262591	17375108.00
2019/01/21	7.04	7.12	6.99	7.04	768830	10650437.00
2019/01/22	7.08	7.08	6.89	6.94	856442	11708258.00
2019/01/23	6.93	6.97	6.89	6.94	520692	7093692.00
2019/01/24	6.96	7.22	6.92	7.03	1561970	21743652.00
2019/01/25	7.01	7.15	6.96	6.97	1086362	15046508.00
2019/01/28	7.02	7.16	6.93	6.98	821520	11344552.00
2019/01/29	6.94	6.94	6.65	6.72	1338240	17777736.00
2019/01/30	6.68	6.75	6.62	6.63	774597	10175515.00
2019/01/31	6.76	6.76	6.36	6.48	1031849	13257690.00
2019/02/01	6.48	6.67	6.48	6.65	885350	11516598.00
2019/02/11	6.70	6.84	6.66	6.83	871570	11659915.00
2019/02/12	6.81	6.94	6.77	6.90	1151870	15582410.00
2019/02/13	6.91	7.16	6.89	7.06	1789773	24745034.00
2019/02/14	7.02	7.10	6.97	7.01	1495520	20700810.00
2019/02/15	7.06	7.14	7.01	7.03	1337240	18599118.00
2019/02/18	7.12	7.46	7.07	7.41	3872810	55598372.00
2019/02/19	7.38	7.59	7.27	7.37	3854893	56094376.00
2019/02/20	7.53	7.72	7.29	7.39	3850869	56647628.00
2019/02/21	7.30	7.52	7.21	7.27	4085097	58874764.00
2019/02/22	7.23	7.54	7.23	7.51	3933967	57450260.00
2019/02/25	7.78	8.11	7.67	7.98	5230067	81081512.00
2019/02/26	8.13	8.36	7.74	8.22	7176200	113627512.00
2019/02/27	8.31	8.34	7.88	8.05	4857110	77070200.00
2019/02/28	8.10	8.12	7.76	7.87	4034083	62575856.00
2019/03/01	7.87	7.97	7.72	7.88	2771681	42773360.00
2019/03/04	7.96	8.20	7.85	7.99	5314638	84007520.00
2019/03/05	7.83	8.45	7.82	8.38	6253318	100382832.00
2019/03/06	8.56	8.56	8.17	8.50	7491031	123711352.00
2019/03/07	8.83	9.29	8.71	8.87	8272432	144198464.00
2019/03/08	8.48	9.01	8.36	8.43	6339810	107692416.00
2019/03/11	8.60	8.98	8.45	8.97	6346955	108704576.00
2019/03/12	8.93	9.25	8.74	8.99	6829833	120482272.00
2019/03/13	9.05	9.05	8.45	8.50	4797231	82126760.00
2019/03/14	8.54	8.54	7.90	8.14	3880381	62279616.00
2019/03/15	8.21	8.27	7.94	8.16	3175171	50759764.00
2019/03/18	8.16	8.30	7.99	8.29	2995161	47941960.00
2019/03/19	8.29	8.48	8.23	8.30	2577290	42220652.00
2019/03/20	8.35	8.53	8.10	8.35	2699824	44052372.00
2019/03/21	8.32	8.56	8.30	8.50	3555270	59002412.00
2019/03/22	8.42	8.55	8.20	8.37	2717294	44509036.00
2019/03/25	8.14	8.50	8.10	8.30	2144281	35003052.00
2019/03/26	8.32	9.14	8.30	9.14	5137240	90545944.00
2019/03/27	9.17	10.05	8.74	9.53	16485899	300352992.00
2019/03/28	9.22	10.49	9.12	10.49	15140808	289244160.00
2019/03/29	10.65	11.20	10.09	10.33	18372671	382423072.00
2019/04/01	11.27	11.37	10.81	11.37	15753840	346052864.00
2019/04/02	11.22	12.49	10.97	11.48	21038414	486887904.00
2019/04/03	10.97	11.40	10.66	11.02	13169450	284677760.00
2019/04/04	10.94	11.16	10.37	10.45	10010226	208379584.00
2019/04/08	10.45	10.69	10.30	10.68	7654081	157515040.00
2019/04/09	10.61	10.78	10.40	10.47	5770629	119587128.00
2019/04/10	10.45	10.45	9.88	9.90	6354001	125185912.00
2019/04/11	9.99	10.19	9.75	9.87	4579979	90074688.00
2019/04/12	9.96	10.76	9.86	10.61	8316939	169025840.00
2019/04/15	10.61	10.81	10.30	10.32	6942760	144390064.00
2019/04/16	10.26	10.37	9.76	10.34	5705798	112076928.00
2019/04/17	10.24	10.30	10.02	10.12	4072740	81295216.00
2019/04/18	10.11	10.58	10.02	10.56	6353393	129898936.00
2019/04/19	10.52	10.53	10.25	10.43	4055018	82483088.00
2019/04/22	10.45	10.46	9.81	9.87	4512050	89147160.00
2019/04/23	9.88	9.97	9.48	9.58	3135705	59656576.00
2019/04/24	9.58	9.83	9.43	9.69	2830146	53369024.00
2019/04/25	9.68	9.81	9.05	9.12	3628665	67519488.00
2019/04/26	9.17	9.42	9.16	9.24	2709358	49496228.00
2019/04/29	9.20	9.31	8.47	8.69	3749630	64883532.00
2019/04/30	8.74	9.20	8.74	9.04	3018440	53470004.00
2019/05/06	8.90	8.91	8.14	8.22	3762220	63284716.00
2019/05/07	8.56	9.05	8.54	9.05	1199125	21058714.00
2019/05/08	9.24	9.93	9.17	9.38	8509405	159272704.00
2019/05/09	9.19	10.31	9.17	10.09	20849410	274084992.00
2019/05/10	9.80	10.62	9.53	10.47	21582495	282410624.00
2019/05/13	11.10	11.52	11.10	11.52	8048830	120472096.00
2019/05/14	12.67	12.67	12.67	12.67	4476388	73949928.00
2019/05/15	13.94	13.94	13.94	13.94	4446354	80790256.00
2019/05/16	13.94	14.20	12.54	12.63	39380485	682638464.00
2019/05/17	12.47	12.76	11.37	11.37	27459028	426627712.00
2019/05/20	11.25	11.38	10.55	10.98	18367611	260844240.00
2019/05/21	10.81	11.40	10.62	11.04	17849096	255168224.00
2019/05/22	10.89	11.00	10.47	10.81	13240805	185749360.00
2019/05/23	10.73	10.73	9.73	9.73	14442771	191018208.00
2019/05/24	9.84	10.07	9.60	9.67	9804029	126153072.00
2019/05/27	9.99	10.34	9.93	10.16	12292650	162642704.00
2019/05/28	10.07	10.42	9.96	10.06	11674396	155479952.00
2019/05/29	9.78	10.29	9.78	10.22	10305599	135820608.00
2019/05/30	10.07	10.17	9.26	9.60	12611654	158465056.00
2019/05/31	9.73	10.26	9.70	9.75	9693085	125192504.00
2019/06/03	9.78	10.11	9.47	9.50	7364350	93180048.00
2019/06/04	9.52	10.46	9.49	10.46	14522166	191556080.00
2019/06/05	10.72	11.18	10.29	10.62	25365956	355461472.00
2019/06/06	10.63	11.06	10.11	10.23	14825713	204062304.00
2019/06/10	10.04	10.12	9.53	9.90	12334083	157206544.00
2019/06/11	9.99	10.31	9.63	10.27	13284158	173785728.00
2019/06/12	10.09	10.30	10.00	10.08	10707728	141899520.00
2019/06/13	10.25	10.47	10.12	10.30	11073688	149033760.00
2019/06/14	10.24	11.03	10.24	10.47	16243325	224872944.00
2019/06/17	10.62	11.53	10.49	11.53	12535368	180883856.00
2019/06/18	11.53	12.54	11.26	11.90	31496591	492399872.00
2019/06/19	12.27	12.55	11.43	11.49	25660155	400689312.00
2019/06/20	11.20	11.24	10.70	11.02	19156435	274101312.00
2019/06/21	11.19	12.13	11.07	12.13	22999381	347133504.00
2019/06/24	13.34	13.34	12.50	13.34	39629429	677391552.00
2019/06/25	12.73	13.03	12.00	12.10	31491955	504695712.00
2019/06/26	11.87	13.32	11.69	12.53	31048824	513733664.00
2019/06/27	12.63	13.14	11.98	12.19	25623999	415694656.00
2019/06/28	11.12	11.49	10.97	11.04	18548679	270914432.00
2019/07/01	11.23	11.58	11.20	11.50	14031439	208317888.00
2019/07/02	11.48	11.54	11.12	11.23	11123035	163246096.00
2019/07/03	11.39	11.83	11.24	11.43	14183230	213907600.00
2019/07/04	11.14	11.56	10.99	11.07	9963338	145654512.00
2019/07/05	11.06	11.24	10.97	11.11	6277493	90830112.00
2019/07/08	11.10	11.10	10.03	10.31	10095873	136903968.00
2019/07/09	10.40	10.73	10.23	10.59	7927604	109130296.00
2019/07/10	10.62	11.12	10.43	10.83	9802555	138144928.00
2019/07/11	10.73	10.94	10.45	10.54	8128445	113219528.00
2019/07/12	10.43	10.70	10.32	10.35	5305696	72128360.00
2019/07/15	10.27	10.64	9.87	10.55	7385089	99397424.00
2019/07/16	10.59	10.59	10.31	10.43	4728113	64332436.00
2019/07/17	10.41	10.50	10.24	10.29	4789708	64863932.00
2019/07/18	10.37	11.07	10.25	10.69	9446248	130515136.00
2019/07/19	10.49	10.79	10.43	10.58	7665485	106201920.00
2019/07/22	10.47	10.64	9.70	9.92	5570820	73227624.00
2019/07/23	9.97	10.34	9.83	10.20	4670015	61455236.00
2019/07/24	10.18	10.51	10.12	10.29	4993413	67363128.00
2019/07/25	10.29	10.70	10.22	10.57	6867605	94061448.00
2019/07/26	10.55	10.55	10.17	10.25	5616785	75536008.00
2019/07/29	10.21	10.46	10.19	10.39	3917152	52853860.00
2019/07/30	10.33	10.53	10.28	10.37	3929262	53358640.00
2019/07/31	10.29	10.31	10.13	10.14	3208065	42688140.00
2019/08/01	10.05	10.37	9.99	10.18	3437815	45815476.00
2019/08/02	9.89	10.01	9.75	9.93	4228690	54495564.00
2019/08/05	10.31	10.93	10.31	10.93	18142154	256253552.00
2019/08/06	10.70	11.88	10.44	11.35	25516405	363299488.00
2019/08/07	10.99	11.30	10.74	10.89	14717265	211971568.00
2019/08/08	11.01	11.26	10.75	11.17	11916635	171523824.00
2019/08/09	11.10	11.79	10.95	11.47	19220140	285250560.00
2019/08/12	11.43	11.75	11.27	11.60	16924691	255335728.00
2019/08/13	10.99	11.34	10.99	11.28	11934541	173334464.00
2019/08/14	11.39	11.50	11.04	11.10	9697200	141775040.00
2019/08/15	10.43	10.97	10.33	10.83	9020787	125587656.00
2019/08/16	10.90	10.99	10.76	10.93	7956645	112746832.00
2019/08/19	11.12	11.42	10.86	11.29	11137034	162442384.00
2019/08/20	11.50	11.97	11.27	11.29	15085564	227426048.00
2019/08/21	11.50	12.12	11.35	11.72	17619358	267987152.00
2019/08/22	11.53	11.63	11.37	11.54	9500634	142409936.00
2019/08/23	11.73	11.92	11.06	11.13	13240452	198545760.00
2019/08/26	10.60	10.89	10.53	10.77	7437952	104065552.00
2019/08/27	10.82	11.07	10.77	10.93	6801652	96942216.00
2019/08/28	10.87	11.37	10.82	11.28	9801505	142974176.00
2019/08/29	11.16	11.62	10.96	11.48	12479016	184076384.00
2019/08/30	11.56	11.66	10.90	11.33	10882316	161144064.00
2019/09/02	11.33	12.47	11.26	12.09	28448772	450410208.00
2019/09/03	11.94	12.31	11.81	12.28	22452012	352918208.00
2019/09/04	12.12	12.26	11.73	11.98	14947275	232786144.00
2019/09/05	12.05	13.18	11.97	13.18	27327915	444717184.00
2019/09/06	12.73	13.03	12.70	12.74	21848802	366127936.00
2019/09/09	12.80	13.42	12.65	13.02	17069242	288192416.00
2019/09/10	13.08	13.73	12.52	13.40	22084869	377134304.00
2019/09/11	13.53	13.53	12.70	12.70	13349088	226328624.00
2019/09/12	12.88	12.89	12.57	12.70	8698944	144725520.00
2019/09/16	12.70	13.87	12.67	13.24	23122282	402083104.00
2019/09/17	13.01	13.04	12.21	12.85	16681522	275872416.00
2019/09/18	12.73	12.73	12.29	12.31	10772494	174927904.00
2019/09/19	12.38	12.50	11.98	12.47	9561095	153080288.00
2019/09/20	12.29	12.77	12.27	12.57	10446858	171336080.00
2019/09/23	12.56	12.68	11.97	12.47	6772959	109193152.00
2019/09/24	12.47	13.00	12.27	12.88	15318075	254726288.00
2019/09/25	12.70	13.13	12.60	13.07	17144579	288306912.00
2019/09/26	13.00	13.00	11.77	11.77	13499220	214327664.00
2019/09/27	11.35	11.91	11.27	11.53	6972853	105622368.00
2019/09/30	11.73	12.02	11.58	11.60	5291510	81438696.00
2019/10/08	11.63	11.99	11.52	11.56	4943510	75672328.00
2019/10/09	11.61	12.00	11.45	11.97	6931420	106830968.00
2019/10/10	11.97	12.47	11.84	12.43	10412401	166135360.00
2019/10/11	12.65	12.87	12.35	12.48	10757369	176517088.00
2019/10/14	12.65	12.90	12.40	12.70	10285840	169360464.00
2019/10/15	12.49	12.50	12.00	12.14	8874270	141096640.00
2019/10/16	11.99	12.39	11.93	12.00	5065975	80058936.00
2019/10/17	11.97	12.64	11.90	12.36	9841796	158712112.00
2019/10/18	12.40	12.83	12.10	12.27	8371489	135451952.00
2019/10/21	12.52	13.35	12.07	12.97	19188546	321865760.00
2019/10/22	12.75	13.83	12.66	13.54	23781826	412479776.00
2019/10/23	13.41	13.53	13.10	13.40	13995663	242677008.00
2019/10/24	13.35	13.38	12.76	13.20	12313352	210142208.00
2019/10/25	13.23	13.68	12.76	13.54	15983100	276456704.00
2019/10/28	14.90	14.90	14.90	14.90	1604035	31150360.00
2019/10/29	16.40	16.40	15.06	15.27	19492976	401348544.00
2019/10/30	15.26	15.72	14.04	14.24	30454486	594314688.00
2019/10/31	13.73	14.03	12.81	12.94	23096494	400813920.00
2019/11/01	12.89	13.20	12.73	12.97	12760877	216559392.00
2019/11/04	13.17	13.53	12.89	12.92	14199034	243847408.00
2019/11/05	12.97	13.10	12.66	13.07	10702754	180234672.00
2019/11/06	12.99	13.07	12.37	12.59	11226180	184818384.00
2019/11/07	12.72	13.85	12.71	13.85	29210729	519628512.00
2019/11/08	13.63	13.78	13.24	13.27	26366757	465067552.00
2019/11/11	13.25	13.70	12.93	13.62	18122004	317326304.00
2019/11/12	13.51	14.30	13.33	14.17	22218370	403311488.00
2019/11/13	13.93	14.18	13.45	14.05	15464720	278602816.00
2019/11/14	13.90	14.18	13.69	13.81	12266257	222697904.00
2019/11/15	13.63	14.04	13.10	13.14	13464010	238739696.00
2019/11/18	12.95	13.50	12.82	13.34	9194708	158783456.00
2019/11/19	13.40	13.55	13.16	13.45	9160991	159654864.00
2019/11/20	13.52	13.77	13.18	13.23	9383475	164674864.00
2019/11/21	13.03	13.40	12.86	13.22	6556110	112328048.00
2019/11/22	13.32	13.41	12.66	12.80	8938335	150986864.00
2019/11/25	12.71	12.85	11.67	11.74	9780533	152536128.00
2019/11/26	11.83	12.01	11.62	11.73	4909830	75788880.00
2019/11/27	11.71	11.85	11.59	11.67	4331500	66198356.00
2019/11/28	11.70	11.82	11.40	11.61	5595415	84847224.00
2019/11/29	11.64	11.71	11.43	11.51	3670415	55216632.00
2019/12/02	11.61	11.62	11.35	11.37	4110975	61434228.00
2019/12/03	11.38	11.50	11.30	11.50	3905526	58082496.00
2019/12/04	11.12	11.17	10.75	11.12	7572141	108198208.00
2019/12/05	11.12	11.37	11.06	11.27	4856255	71180088.00
2019/12/06	11.27	11.45	11.13	11.40	4289250	63207620.00
2019/12/09	11.38	11.77	11.37	11.63	5640995	85662360.00
2019/12/10	11.50	11.76	11.50	11.70	4388420	66734844.00
2019/12/11	11.64	11.99	11.64	11.75	5149000	79456032.00
2019/12/12	11.73	11.87	11.59	11.70	4157829	63697888.00
2019/12/13	11.87	11.87	11.66	11.80	3954475	60672804.00
2019/12/16	11.89	12.01	11.77	12.01	4480143	69574816.00
2019/12/17	12.05	12.23	11.97	12.15	5895260	93047680.00
2019/12/18	12.15	12.23	12.02	12.05	4987455	78681688.00
2019/12/19	12.11	12.22	12.00	12.19	4912470	77720016.00
2019/12/20	12.17	12.18	11.73	11.73	5160065	80259904.00
2019/12/23	11.81	11.81	11.31	11.32	4124175	62067828.00
2019/12/24	11.40	11.67	11.40	11.61	2956225	44505724.00
2019/12/25	11.66	12.25	11.66	11.77	5820650	90712184.00
2019/12/26	11.53	11.94	11.53	11.89	3855265	59319072.00
2019/12/27	11.89	11.97	11.58	11.59	4547141	69698600.00
2019/12/30	11.61	11.64	11.24	11.59	3498420	52434984.00
2019/12/31	11.35	11.73	11.31	11.35	4410122	65810092.00
2020/01/02	11.38	11.70	11.38	11.67	4420445	66896048.00
2020/01/03	11.73	11.88	11.63	11.83	4418540	67691136.00
2020/01/06	11.88	12.00	11.74	11.96	5232610	81317584.00
2020/01/07	12.02	12.23	11.90	12.22	6959692	109719472.00
2020/01/08	12.12	12.36	11.87	11.97	7436310	117711392.00
2020/01/09	12.12	12.50	12.12	12.47	9166125	147854624.00
2020/01/10	12.45	12.88	12.45	12.47	9250575	152135840.00
2020/01/13	12.19	12.62	11.89	12.57	8574815	138199984.00
2020/01/14	12.59	13.10	12.39	12.91	11633927	193326784.00
2020/01/15	12.93	13.55	12.74	13.48	14704181	255799648.00
2020/01/16	13.35	13.36	12.87	13.04	10433786	177505296.00
2020/01/17	12.97	13.07	12.70	12.80	6284752	105400200.00
2020/01/20	13.00	13.33	12.89	12.97	6814791	116397544.00
2020/01/21	12.97	13.49	12.81	13.04	6659221	114713360.00
2020/01/22	12.92	13.24	12.49	12.95	6622101	111374856.00
2020/01/23	12.87	13.43	12.57	12.72	8599233	146303504.00
2020/02/03	11.44	11.44	11.44	11.44	508500	7586820.00
2020/02/04	10.30	11.12	10.30	10.73	8122501	113765848.00
2020/02/05	10.83	11.30	10.83	11.07	5322665	77089888.00
2020/02/06	11.11	11.50	11.08	11.49	6413480	94640264.00
2020/02/07	11.48	12.36	11.47	12.16	7037650	108829000.00
2020/02/10	12.27	12.73	12.17	12.52	7752429	126377376.00
2020/02/11	12.58	12.58	12.08	12.16	6099339	97484328.00
2020/02/12	12.22	12.47	12.01	12.42	5055899	80966888.00
2020/02/13	12.56	12.80	12.33	12.53	7068739	115825304.00
2020/02/14	12.47	12.77	12.18	12.43	7306768	118615488.00
2020/02/17	12.42	12.93	12.38	12.88	7974304	132368216.00
2020/02/18	12.81	13.16	12.68	13.12	8642976	145972560.00
2020/02/19	13.05	13.05	12.67	12.69	6931745	116170536.00
2020/02/20	12.80	13.10	12.43	13.06	8883315	148803136.00
2020/02/21	13.08	13.62	13.02	13.32	11076925	192415936.00
2020/02/24	13.31	13.94	13.20	13.66	10845915	192642640.00
2020/02/25	13.20	14.03	12.96	13.98	15607790	276628768.00
2020/02/26	13.67	13.73	12.73	12.92	12047653	208157072.00
2020/02/27	13.10	13.22	12.62	12.91	7136665	120559848.00
2020/02/28	12.47	12.50	11.67	11.72	9159178	144180736.00
2020/03/02	11.93	12.56	11.50	12.42	5739345	91313024.00
2020/03/03	12.77	13.10	12.63	12.87	6604845	110894360.00
2020/03/04	12.95	13.23	12.73	13.12	6064195	102921872.00
2020/03/05	13.43	13.50	12.87	13.01	5413570	92465208.00
2020/03/06	12.84	13.16	12.67	13.04	4169675	70316424.00
2020/03/09	13.04	13.23	12.37	12.40	6241342	104288328.00
2020/03/10	12.03	12.92	12.03	12.89	5658873	92154096.00
2020/03/11	12.92	13.36	12.81	13.02	8563250	146546992.00
2020/03/12	12.87	13.37	12.67	13.25	9415382	161453168.00
2020/03/13	12.02	13.65	11.97	13.52	11209092	190507792.00
2020/03/16	13.74	13.74	12.20	12.42	11429812	193621856.00
2020/03/17	12.66	12.83	11.84	12.15	5677888	90865808.00
2020/03/18	12.33	12.47	11.67	11.72	5565820	88103104.00
2020/03/19	11.87	12.10	11.57	11.97	4645078	71859472.00
2020/03/20	12.07	12.17	11.79	11.97	3089200	48179868.00
2020/03/23	11.57	11.83	11.03	11.11	4262246	63414524.00
2020/03/24	11.34	11.50	10.97	11.43	3728888	55001116.00
2020/03/25	11.71	11.86	11.58	11.65	3346943	51013252.00
2020/03/26	11.55	11.67	11.27	11.35	2700015	40383616.00
2020/03/27	11.48	11.55	11.20	11.24	2367350	35177968.00
2020/03/30	10.98	11.18	10.59	10.81	3734780	52693028.00
2020/03/31	10.98	11.05	10.63	10.67	2121390	29928100.00
2020/04/01	10.73	10.95	10.57	10.60	1881813	26346048.00
2020/04/02	10.60	10.94	10.52	10.94	1854980	26076942.00
2020/04/03	10.97	11.02	10.62	10.66	1870528	26287302.00
2020/04/07	10.93	11.40	10.93	11.40	4191968	61795544.00
2020/04/08	11.23	11.57	11.20	11.25	2971757	43847068.00
2020/04/09	11.34	11.45	11.26	11.37	2359330	34985344.00
2020/04/10	11.13	11.24	10.74	10.86	3210256	45811624.00
2020/04/13	10.89	10.89	10.34	10.50	2588725	35594480.00
2020/04/14	10.64	10.77	10.51	10.72	1744200	24263840.00
2020/04/15	10.85	11.05	10.68	10.70	2507061	35476816.00
2020/04/16	10.68	11.23	10.51	11.19	4485314	64236868.00
2020/04/17	11.27	11.51	10.98	11.03	4914733	72314480.00
2020/04/20	11.10	11.33	10.85	11.27	3114733	45437016.00
2020/04/21	11.27	11.62	11.12	11.49	4575257	68306352.00
2020/04/22	11.36	11.56	11.26	11.48	3117253	46495520.00
2020/04/23	11.48	11.66	11.20	11.48	3918301	58420220.00
2020/04/24	11.40	11.58	11.12	11.49	2799771	41223616.00
2020/04/27	11.43	11.54	11.00	11.04	2775775	40761364.00
2020/04/28	11.00	11.11	10.36	10.66	2551010	35671544.00
2020/04/29	10.77	10.85	10.53	10.63	1293765	17997288.00
2020/04/30	10.74	11.05	10.70	11.00	1557797	22165634.00
2020/05/06	10.87	11.40	10.78	11.39	2321770	33791484.00
2020/05/07	11.33	11.54	11.21	11.27	1771785	26150518.00
2020/05/08	11.40	11.59	11.33	11.34	2780240	41446524.00
2020/05/11	11.40	11.48	11.15	11.23	1743038	25690150.00
2020/05/12	11.26	11.26	10.81	11.03	1850668	26534906.00
2020/05/13	11.04	11.15	10.89	11.11	1249024	17960676.00
2020/05/14	11.09	11.37	10.97	11.08	2000160	29197908.00
2020/05/15	11.20	11.39	11.14	11.30	2432655	35826868.00
2020/05/18	11.35	11.39	11.02	11.03	2076305	30346586.00
2020/05/19	11.17	11.24	11.01	11.08	1297990	18786328.00
2020/05/20	11.07	11.11	10.70	10.74	2392375	33733948.00
2020/05/21	10.74	10.87	10.63	10.67	1352700	18889254.00
2020/05/22	10.72	10.77	10.47	10.56	1542365	21304034.00
2020/05/25	10.57	10.60	10.45	10.59	948815	13028344.00
2020/05/26	10.59	10.80	10.58	10.78	1153135	16089024.00
2020/05/27	10.81	10.83	10.66	10.73	1081281	15152853.00
2020/05/28	10.76	10.80	10.47	10.64	1178005	16303789.00
2020/05/29	10.68	10.68	10.57	10.66	1101520	15267923.00
2020/06/01	10.70	11.02	10.60	10.95	2176151	30902514.00
2020/06/02	11.04	11.25	10.92	11.02	2899244	31914978.00
2020/06/03	11.10	11.66	10.98	11.31	5621492	63972484.00
2020/06/04	11.22	11.36	11.05	11.23	2409707	27042166.00
2020/06/05	11.19	11.28	11.13	11.15	1637991	18318624.00
2020/06/08	11.19	11.34	11.04	11.14	1823840	20369882.00
2020/06/09	11.48	11.48	11.23	11.26	2540439	28744060.00
2020/06/10	11.26	11.30	11.02	11.12	1962966	21811120.00
2020/06/11	11.09	11.22	11.02	11.12	1888127	20974222.00
2020/06/12	10.88	11.05	10.75	10.98	2195684	23874874.00
2020/06/15	10.96	11.19	10.91	10.98	2049178	22716230.00
2020/06/16	11.05	11.28	11.05	11.23	2124575	23713918.00
2020/06/17	11.20	11.24	11.06	11.22	2348253	26143520.00
2020/06/18	11.16	11.30	11.11	11.24	1695538	19012056.00
2020/06/19	11.23	11.25	11.15	11.19	1848392	20715022.00
2020/06/22	11.16	11.30	11.13	11.16	2106595	23622820.00
2020/06/23	11.24	11.24	11.03	11.04	2393754	26571574.00
2020/06/24	11.11	11.16	10.91	10.97	1709999	18841432.00
2020/06/29	10.95	10.95	10.65	10.71	2380769	25658370.00
2020/06/30	10.79	11.04	10.78	11.00	2542187	27753204.00
2020/07/01	11.20	11.22	10.80	10.99	1746313	19197312.00
2020/07/02	11.00	11.13	10.88	11.11	2248963	24790858.00
2020/07/03	11.18	11.36	11.05	11.26	4028355	45139752.00
2020/07/06	11.35	11.77	11.30	11.69	5908967	68200464.00
2020/07/07	11.78	12.13	11.60	11.98	7502523	89202768.00
2020/07/08	11.91	12.38	11.81	12.13	7241098	87639080.00
2020/07/09	12.11	12.43	12.00	12.24	7297935	89438120.00
2020/07/10	12.15	12.33	11.95	11.97	7194600	87178944.00
2020/07/13	11.88	12.50	11.83	12.34	6235502	76740408.00
2020/07/14	12.30	12.48	11.88	12.25	5515191	67353968.00
2020/07/15	12.28	12.37	11.74	11.80	4267430	51106260.00
2020/07/16	11.81	12.00	11.51	11.57	4187885	49270048.00
2020/07/17	11.57	11.74	11.38	11.47	2713335	31323704.00
2020/07/20	11.56	11.95	11.56	11.92	2689952	31822452.00
2020/07/21	12.08	12.87	12.01	12.29	9418177	117496304.00
2020/07/22	12.36	13.31	12.35	12.75	13909500	176859088.00
2020/07/23	12.49	12.53	12.07	12.42	7994416	98369336.00
2020/07/24	12.25	13.20	12.13	12.21	10614469	133977304.00
2020/07/27	12.89	12.97	12.21	12.39	8302809	104196408.00
2020/07/28	12.30	13.30	12.03	12.90	11847398	150380496.00
2020/07/29	12.78	12.93	12.45	12.87	8474473	107673808.00
2020/07/30	12.82	13.05	12.40	12.54	6497391	81989424.00
2020/07/31	12.60	13.11	12.36	12.94	8045779	102792304.00
2020/08/03	12.99	13.29	12.86	13.16	8164214	107165312.00
2020/08/04	13.36	13.58	12.70	12.91	8492901	112010304.00
2020/08/05	13.01	13.05	12.69	12.92	4919688	63367972.00
2020/08/06	13.10	13.45	12.91	13.07	6899889	90816248.00
2020/08/07	13.01	13.12	12.29	12.55	6699448	84196536.00
2020/08/10	12.36	12.96	12.36	12.73	4988424	63764628.00
2020/08/11	12.77	12.77	12.05	12.12	5597276	69225464.00
2020/08/12	12.08	12.15	11.65	11.87	3585345	42405720.00
2020/08/13	11.92	12.05	11.78	11.84	2164632	25765586.00
2020/08/14	11.75	12.19	11.71	12.15	3240184	38855552.00
2020/08/17	12.33	12.84	12.01	12.78	5600607	70257704.00
2020/08/18	12.69	12.95	12.60	12.81	5624962	72135216.00
2020/08/19	12.77	12.89	12.20	12.20	4100804	51158544.00
2020/08/20	12.07	12.90	12.06	12.34	5290836	66193476.00
2020/08/21	12.32	12.48	11.99	12.14	3899680	47564276.00
2020/08/24	12.15	13.09	11.85	12.93	8842112	112098832.00
2020/08/25	12.88	13.27	12.79	13.01	7303249	95087488.00
2020/08/26	12.99	13.42	12.90	13.00	9321193	122573296.00
2020/08/27	13.09	13.42	12.71	13.29	8432972	111456704.00
2020/08/28	13.36	14.44	13.14	13.90	14594200	200130960.00
2020/08/31	14.01	14.12	13.35	13.45	12498795	170917072.00
2020/09/01	13.31	13.72	13.22	13.51	7612522	102907344.00
2020/09/02	13.52	14.47	13.26	13.88	12245484	169142576.00
2020/09/03	13.77	14.00	13.36	13.45	7872521	106873016.00
2020/09/04	12.74	14.40	12.74	14.06	15028097	208629824.00
2020/09/07	14.26	14.57	13.83	13.94	13194218	187333680.00
2020/09/08	14.15	14.65	13.89	14.47	12139147	173435504.00
2020/09/09	14.15	15.98	13.82	14.65	17971450	265474400.00
2020/09/10	14.61	14.75	12.66	12.74	15824425	215301328.00
2020/09/11	12.50	12.94	12.42	12.82	7481597	95397616.00
2020/09/14	12.89	14.29	12.77	14.04	13383116	184381648.00
2020/09/15	14.04	14.35	13.84	14.23	9477687	133639456.00
2020/09/16	14.12	14.35	13.65	13.95	6717730	93527568.00
2020/09/17	13.95	14.56	13.85	14.43	10305404	147062608.00
2020/09/18	14.38	14.38	13.71	14.27	10143972	142158048.00
2020/09/21	14.46	15.10	14.25	14.79	13195796	193038064.00
2020/09/22	14.50	14.65	13.87	14.22	9741030	139090416.00
2020/09/23	14.21	14.31	13.85	14.25	6164203	86704416.00
2020/09/24	14.07	14.15	13.32	13.34	7009384	95120592.00
2020/09/25	13.39	13.78	13.20	13.64	5505182	74163368.00
2020/09/28	13.65	13.89	13.15	13.21	3929392	52782168.00
2020/09/29	13.47	15.85	13.47	15.48	30786630	465328064.00
2020/09/30	14.94	16.65	14.38	15.75	29774935	457597152.00
2020/10/09	16.19	18.90	15.54	18.90	31006861	527672768.00
2020/10/12	20.60	22.68	20.52	22.68	29514954	650888896.00
2020/10/13	24.77	25.34	21.56	21.78	55843838	1288664832.00
2020/10/14	21.78	22.68	21.02	22.28	35827819	785628608.00
2020/10/15	21.42	21.65	19.68	20.20	29875190	612959936.00
2020/10/16	20.20	20.74	19.78	20.17	19449304	394395744.00
2020/10/19	19.95	21.16	19.89	20.41	21994790	451041024.00
2020/10/20	20.20	20.51	19.01	20.51	20272399	399785408.00
2020/10/21	20.02	20.70	19.13	19.15	18734327	369865920.00
2020/10/22	19.01	20.51	19.01	19.70	21935957	437986848.00
2020/10/23	19.65	19.96	18.38	18.56	18170282	347812928.00
2020/10/26	18.78	19.25	18.50	18.78	11497672	217031104.00
2020/10/27	18.79	19.68	18.76	18.94	13596350	260855792.00
2020/10/28	19.21	19.40	18.33	18.55	12089595	224774816.00
2020/10/29	18.00	18.97	17.67	18.63	12301530	226019360.00
2020/10/30	18.59	18.77	17.30	17.31	14119922	253107392.00
2020/11/02	17.39	17.80	17.17	17.60	8406598	147265232.00
2020/11/03	17.77	17.98	17.41	17.74	8865195	156930464.00
2020/11/04	18.00	18.00	17.36	17.45	8621326	152168912.00
2020/11/05	17.47	17.93	17.45	17.76	8482541	150081280.00
2020/11/06	17.94	17.95	17.00	17.54	9059200	157885152.00
2020/11/09	17.70	17.88	17.48	17.82	10136555	179495136.00
2020/11/10	17.80	17.88	17.17	17.39	6934543	121537592.00
2020/11/11	17.43	17.48	16.70	16.72	7807085	132547472.00
2020/11/12	17.00	17.20	16.52	16.54	5099015	85615936.00
2020/11/13	16.80	16.80	16.31	16.56	4020618	66565880.00
2020/11/16	16.65	16.66	16.26	16.37	3555060	58269908.00
2020/11/17	16.33	16.49	15.66	16.00	5940412	94762888.00
2020/11/18	16.11	16.44	15.95	16.27	6386329	103539680.00
2020/11/19	16.25	17.12	16.00	16.98	13315248	222194800.00
2020/11/20	16.83	17.28	16.66	16.74	9660270	163096576.00
2020/11/23	16.59	17.06	16.25	16.62	9144494	151706000.00
2020/11/24	16.89	18.27	16.60	17.46	22938393	403580160.00
2020/11/25	17.46	18.10	17.23	17.80	16510244	291042080.00
2020/11/26	17.60	17.78	17.07	17.58	12131659	211545776.00
2020/11/27	17.38	17.58	16.61	16.75	12115424	205518688.00
2020/11/30	16.40	16.58	15.61	15.65	13119862	208719568.00
2020/12/01	15.60	18.78	15.58	18.78	15666233	278571936.00
2020/12/02	20.05	20.95	18.70	19.06	46463919	919694464.00
2020/12/03	18.33	18.68	17.71	18.45	27862944	504005248.00
2020/12/04	18.25	18.37	17.54	17.64	17442235	310699584.00
2020/12/07	17.41	17.95	17.30	17.54	12345720	216879104.00
2020/12/08	16.97	16.97	16.12	16.45	16363771	269700160.00
2020/12/09	16.34	16.52	15.71	15.76	12439559	199665248.00
2020/12/10	15.70	16.05	15.57	15.87	8611890	136465344.00
2020/12/11	15.87	15.87	15.15	15.34	9750900	150878272.00
2020/12/14	15.47	15.79	14.97	15.61	6365249	98279184.00
2020/12/15	16.07	16.54	15.60	15.64	9656810	155137808.00
2020/12/16	15.06	15.53	14.90	14.94	8662484	130957952.00
2020/12/17	15.99	16.55	15.51	15.66	14342984	228434432.00
2020/12/18	15.64	15.81	15.06	15.16	9966000	153079312.00
2020/12/21	14.95	15.36	14.91	15.15	5920953	89811728.00
2020/12/22	15.07	15.10	14.50	14.52	8211498	120927896.00
2020/12/23	14.51	14.70	14.19	14.67	6670981	96174360.00
2020/12/24	14.68	14.70	14.25	14.38	6015247	86787104.00
2020/12/25	14.38	14.56	14.05	14.09	4922181	70038208.00
2020/12/28	14.25	14.99	14.11	14.41	8680914	126219224.00
2020/12/29	14.15	14.80	14.04	14.30	5985329	86620320.00
2020/12/30	14.13	14.42	13.76	14.38	6319087	89040856.00
2020/12/31	14.35	14.79	14.32	14.50	5369335	78196104.00
2021/01/04	14.80	15.29	14.60	15.03	7986084	119291864.00
2021/01/05	14.68	15.00	14.47	14.65	6786573	99893736.00
2021/01/06	14.50	14.66	14.00	14.05	5695876	80845752.00
2021/01/07	13.86	14.30	13.08	13.25	8146051	110658912.00
2021/01/08	13.50	13.94	13.20	13.48	5596388	76294800.00
2021/01/11	13.11	13.46	12.80	12.80	5870081	76660232.00
2021/01/12	12.88	13.12	12.56	12.73	4022874	51456680.00
2021/01/13	12.76	12.84	12.11	12.17	5657708	69724824.00
2021/01/14	12.14	12.53	11.99	12.34	5015570	61868872.00
2021/01/15	12.50	12.88	12.42	12.73	4545805	57630224.00
2021/01/18	12.57	12.98	12.57	12.85	3619025	46515964.00
2021/01/19	12.80	13.35	12.73	13.35	5659468	74260568.00
2021/01/20	14.01	14.03	13.25	13.36	6609662	89208712.00
2021/01/21	13.11	13.63	13.10	13.39	4823362	64837880.00
2021/01/22	13.19	13.38	13.01	13.04	4346277	56983340.00
2021/01/25	13.17	13.29	12.61	12.67	3593561	46119664.00
2021/01/26	12.69	12.87	12.40	12.46	2985351	37635992.00
2021/01/27	12.49	12.64	12.27	12.33	2474501	30692752.00
2021/01/28	12.42	12.52	12.02	12.07	2902625	35435088.00
2021/01/29	12.08	12.19	11.60	11.77	3106235	36790312.00
2021/02/01	11.87	12.01	11.62	11.95	2228550	26295222.00
2021/02/02	11.95	11.98	11.70	11.76	1725335	20354346.00
2021/02/03	11.68	11.70	11.33	11.33	2469792	28384304.00
2021/02/04	11.33	11.44	10.88	10.97	2772383	30591724.00
2021/02/05	11.00	11.33	10.77	10.77	2288961	25283080.00
2021/02/08	10.77	10.98	10.66	10.83	1909791	20682090.00
2021/02/09	11.07	11.38	11.01	11.09	3157247	35274584.00
2021/02/10	11.06	11.20	10.96	11.13	2338850	25939258.00
2021/02/18	11.71	12.19	11.53	11.81	4942247	58674524.00
2021/02/19	11.77	11.97	11.57	11.94	4196824	49613852.00
2021/02/22	12.12	12.45	12.05	12.07	5232695	64149912.00
2021/02/23	11.90	12.10	11.78	11.84	3468817	41263548.00
2021/02/24	11.77	12.44	11.72	12.23	6415316	77696088.00
2021/02/25	12.05	12.21	11.80	11.99	4169329	49929104.00
2021/02/26	11.84	12.31	11.82	12.00	4735169	57120476.00
2021/03/01	12.12	12.40	12.11	12.30	4036370	49526976.00
2021/03/02	12.41	12.64	12.20	12.37	5353890	66379296.00
2021/03/03	12.31	12.50	12.11	12.26	3886780	47628496.00
2021/03/04	12.27	12.40	12.10	12.13	3922000	47964604.00
2021/03/05	12.05	12.45	11.96	12.39	4995595	61307836.00
2021/03/08	12.51	12.51	11.97	11.97	4623480	56543040.00
2021/03/09	11.99	12.10	11.24	11.24	4650594	53539304.00
2021/03/10	11.49	11.49	10.80	10.98	3726752	41351828.00
2021/03/11	10.98	11.23	10.85	11.20	2943718	32570480.00
2021/03/12	11.26	11.26	11.00	11.04	2249200	24974386.00
2021/03/15	11.07	11.10	10.77	10.91	2474223	26980776.00
2021/03/16	10.98	11.20	10.83	11.18	2941919	32500622.00
2021/03/17	11.09	11.36	11.01	11.35	3233096	36254056.00
2021/03/18	11.37	11.37	11.07	11.11	2506279	27944632.00
2021/03/19	11.25	11.66	11.12	11.24	4455011	50491556.00
2021/03/22	11.14	11.25	11.06	11.24	2870275	32029270.00
2021/03/23	11.24	11.75	11.15	11.57	5930048	67983512.00
2021/03/24	11.37	11.60	11.27	11.60	4434990	50731892.00
2021/03/25	11.49	12.29	11.39	11.95	8266337	98705856.00
2021/03/26	11.82	12.25	11.70	11.96	5216554	62380320.00
2021/03/29	11.88	12.30	11.88	12.10	4998394	60568708.00
2021/03/30	12.10	12.10	11.60	11.68	4319835	50793800.00
2021/03/31	11.67	12.17	11.67	11.94	4571854	54880544.00
2021/04/01	11.90	12.08	11.80	11.84	2899346	34521356.00
2021/04/02	11.87	12.69	11.80	12.65	9878443	122195264.00
数据来源:通达信
