300277 海联讯 日线 前复权
      日期	    开盘	    最高	    最低	    收盘	    成交量	    成交额
2015/09/02	6.59	7.06	5.96	6.20	3378625	55406256.00
2015/09/07	6.25	6.64	5.57	5.62	7458642	115653912.00
2015/09/08	5.46	6.20	5.16	6.15	4525965	65264152.00
2015/09/09	6.01	6.64	6.01	6.42	6029657	97401768.00
2015/09/10	6.22	6.74	6.22	6.45	4715504	78051872.00
2015/09/11	6.42	6.94	6.42	6.90	5181374	88529624.00
2015/09/14	6.90	6.97	6.20	6.20	3896414	63544152.00
2015/09/15	5.86	6.10	5.56	5.56	3094000	45635372.00
2015/09/16	5.54	6.14	5.52	6.14	2072366	31057418.00
2015/09/17	6.22	6.56	5.99	6.04	2470918	39929752.00
2015/09/18	6.34	6.52	6.04	6.42	2610684	42270500.00
2015/09/21	6.23	6.97	6.19	6.91	3384428	56864380.00
2015/09/22	6.90	6.95	6.59	6.77	3469350	59843512.00
2015/09/23	6.61	6.74	6.35	6.65	2593501	43657724.00
2015/09/24	6.66	6.78	6.60	6.72	1765613	30247798.00
2015/09/25	6.63	6.76	6.14	6.28	2035211	33221020.00
2015/09/28	6.28	6.70	6.18	6.66	1761612	28962360.00
2015/09/29	6.55	6.64	6.34	6.46	1271763	21089172.00
2015/09/30	6.48	6.58	6.31	6.44	1450001	23879284.00
2015/10/08	6.70	6.88	6.54	6.84	1732099	29930888.00
2015/10/09	6.82	7.45	6.71	7.38	3442718	61798064.00
2015/10/12	7.23	7.94	7.22	7.78	4619314	90362968.00
2015/10/13	7.72	7.81	7.52	7.70	2296047	44806344.00
2015/10/14	7.67	7.83	7.48	7.68	2474738	48429784.00
2015/10/15	7.63	8.08	7.55	8.03	3350921	66854736.00
2015/10/16	8.07	8.40	7.98	8.17	3336599	69113312.00
2015/11/04	9.00	9.00	9.00	9.00	50558	1155250.25
2015/11/05	9.92	9.92	9.92	9.92	50452	1268363.25
2015/11/06	10.92	10.92	10.92	10.92	113700	3143805.00
2015/11/09	12.03	12.03	12.03	12.03	101771	3095873.75
2015/11/10	13.25	13.25	13.25	13.25	259738	8690833.00
2015/11/11	14.59	14.59	14.59	14.59	175456	6458535.50
2015/11/12	16.02	16.02	15.02	15.52	10907167	428085472.00
2015/11/13	14.90	15.18	13.96	13.96	7763280	281463232.00
2015/11/16	12.96	13.90	12.88	13.88	4824846	164262752.00
2015/11/17	13.90	14.19	13.26	13.42	4570557	157859408.00
2015/11/18	13.43	13.94	12.94	13.00	3649848	124042392.00
2015/11/19	12.94	13.83	12.86	13.72	4583732	153815264.00
2015/11/20	13.70	13.78	13.31	13.44	4245940	144671888.00
2015/11/23	13.30	14.21	13.22	13.48	4217955	146620960.00
2015/11/24	13.38	14.06	13.28	14.00	3662480	126642608.00
2015/11/25	13.90	14.46	13.67	14.33	4412675	156265856.00
2015/11/26	14.33	15.30	14.21	14.64	4590156	170316656.00
2015/11/27	14.28	14.62	13.17	13.17	3281313	114490768.00
2015/11/30	12.91	13.13	11.88	12.42	3125662	98204496.00
2015/12/01	12.26	12.86	12.18	12.30	2147376	68074880.00
2015/12/02	12.33	12.33	11.46	11.88	2312102	69038864.00
2015/12/03	11.96	12.46	11.90	12.40	2023102	62793088.00
2015/12/04	12.38	13.65	12.26	13.65	4808881	160767408.00
2015/12/07	13.71	14.38	13.64	14.15	3958922	139297328.00
2015/12/08	14.36	15.02	13.86	14.18	3916059	141922992.00
2015/12/09	14.26	15.62	13.87	15.62	5193497	197121904.00
2015/12/10	15.78	16.97	15.06	16.14	4608476	187440144.00
2015/12/11	16.24	16.26	14.70	14.72	4150263	161536288.00
2015/12/14	14.26	15.22	14.10	14.86	2363120	88233320.00
2015/12/15	14.66	16.36	14.64	16.36	2094097	83138912.00
2015/12/16	17.06	18.00	16.70	18.00	1094356	48729268.00
2015/12/17	19.46	19.82	18.27	19.03	6954488	331527008.00
2015/12/18	19.13	19.46	18.07	18.81	4978997	236591632.00
2015/12/21	18.52	19.04	17.78	17.92	3479785	160890960.00
2015/12/22	17.66	18.38	17.41	17.94	2560599	114635496.00
2015/12/23	17.86	18.02	17.18	17.32	1859788	82391712.00
2015/12/24	17.54	17.80	16.57	17.69	1993372	86589240.00
2015/12/25	17.69	18.40	16.58	17.20	2187301	96496232.00
2015/12/28	16.85	17.26	15.92	15.97	2114701	88612720.00
2015/12/29	15.54	16.23	15.24	15.96	2465001	97196160.00
2015/12/30	16.12	16.44	15.66	16.07	2254066	91023624.00
2015/12/31	16.38	16.46	15.28	15.28	1945546	77135592.00
2016/01/04	15.72	15.72	13.74	13.74	1721455	61678760.00
2016/01/05	12.46	13.72	12.46	13.30	2792750	91970936.00
2016/01/06	13.46	14.02	12.87	13.78	1895627	65119660.00
2016/01/07	13.50	13.62	12.39	12.39	402100	13063563.00
2016/01/08	12.64	12.83	11.26	11.59	2949796	89309960.00
2016/01/11	11.14	11.42	10.42	10.55	4018887	109416168.00
2016/01/12	10.63	11.62	10.29	11.02	2762674	77551328.00
2016/01/13	11.26	11.79	10.78	11.14	3532344	101270952.00
2016/01/14	10.46	12.27	10.45	12.27	3530214	104049600.00
2016/01/15	11.89	12.46	11.54	11.78	2860329	86838952.00
2016/01/18	11.58	12.50	11.38	12.02	2887484	87812648.00
2016/01/19	12.00	12.66	11.54	12.55	3019275	92043208.00
2016/01/20	12.38	12.44	11.80	11.86	2452114	75083528.00
2016/01/21	11.47	12.21	10.86	10.88	2166733	63571032.00
2016/01/22	11.10	11.50	10.50	11.32	1776030	49895204.00
2016/01/25	11.44	11.58	11.14	11.17	2037470	58648728.00
2016/01/26	11.05	11.06	10.04	10.04	1893184	50351920.00
2016/01/27	10.04	10.10	9.06	9.81	2265947	54763612.00
2016/01/28	9.65	9.77	9.10	9.10	1568485	37686512.00
2016/01/29	10.02	10.02	10.02	10.02	247364	6280572.00
2016/02/01	10.42	11.04	10.26	11.04	4255969	117244136.00
2016/02/02	11.07	11.85	10.87	11.50	5699329	163442576.00
2016/02/03	11.30	11.46	10.90	11.34	3629977	102616184.00
2016/02/04	11.20	12.05	11.20	11.58	3301620	97484256.00
2016/02/05	11.49	11.66	10.95	11.01	2289651	65184812.00
2016/02/15	10.50	11.13	10.40	10.90	1515342	41373100.00
2016/02/16	11.08	11.86	10.94	11.63	3050343	88512896.00
2016/02/17	11.47	12.68	11.46	12.60	4207653	128554632.00
2016/02/18	12.66	12.73	12.14	12.21	2792633	87669120.00
2016/02/19	12.11	12.48	12.02	12.31	2117700	65675236.00
2016/02/22	12.43	12.62	12.21	12.50	2581761	81102560.00
2016/02/23	12.46	13.16	12.30	12.78	4093797	132422768.00
2016/02/24	12.59	12.72	12.06	12.32	2581717	80258768.00
2016/02/25	12.23	12.26	11.08	11.08	2096875	61445696.00
2016/02/26	11.08	11.26	10.39	10.62	1950371	53017804.00
2016/02/29	10.58	10.58	9.55	9.55	1748861	43133928.00
2016/03/01	9.55	10.52	9.38	10.52	2433794	62197708.00
2016/03/02	10.49	11.17	10.31	11.00	2355442	64361164.00
2016/03/03	11.06	11.28	10.71	10.82	2561055	71473240.00
2016/03/04	10.92	10.92	9.74	10.10	2566048	67387904.00
2016/03/07	10.26	10.86	10.23	10.46	1915856	51432644.00
2016/03/08	10.48	10.78	9.62	10.67	1950919	50435784.00
2016/03/09	10.28	10.60	10.11	10.26	1192037	31343038.00
2016/03/10	10.15	10.57	9.96	10.06	1122961	29365220.00
2016/03/11	9.88	10.26	9.77	10.14	767950	19581338.00
2016/03/14	10.35	11.10	10.34	10.76	2144614	58928616.00
2016/03/15	10.69	10.86	10.46	10.47	1413596	38132116.00
2016/03/16	10.80	11.53	10.76	10.87	2936489	82157848.00
2016/03/17	10.86	11.52	10.68	11.44	3181825	90194104.00
2016/03/18	11.43	12.02	11.36	11.86	3466440	103051920.00
2016/03/21	11.98	12.10	11.74	12.05	3158120	94922496.00
2016/03/22	11.90	12.59	11.74	12.31	3813958	116610592.00
2016/03/23	12.32	13.54	12.32	12.78	3534555	113830288.00
2016/03/24	12.66	13.66	12.44	12.86	3907058	128119728.00
2016/03/25	12.87	13.18	12.54	12.74	2252160	72788064.00
2016/03/28	12.76	13.33	12.18	12.20	2084882	67256672.00
2016/03/29	12.23	12.38	11.46	11.74	2445390	73349384.00
2016/03/30	11.97	12.93	11.88	12.93	3300408	103786400.00
2016/03/31	13.04	13.42	12.74	13.04	4935014	162680736.00
2016/04/01	13.02	13.24	12.66	13.14	2612427	85466088.00
2016/04/05	13.06	14.42	13.06	14.22	3922999	137082448.00
2016/04/06	13.98	15.15	13.88	14.66	3875134	139892096.00
2016/04/07	14.71	14.99	14.01	14.10	3484155	126590272.00
2016/04/08	14.10	14.69	13.66	14.63	3554688	127687320.00
2016/04/11	14.78	15.30	14.54	14.58	2504743	93470616.00
2016/04/12	14.55	14.55	13.46	14.01	1924594	68302520.00
2016/04/13	14.01	14.46	13.88	13.94	1781692	63889148.00
2016/04/14	14.00	14.22	13.86	14.10	1631318	57733212.00
2016/04/15	14.23	14.23	13.75	13.88	1409673	49458524.00
2016/04/18	13.97	13.97	13.54	13.69	1486962	51420528.00
2016/04/19	13.69	13.98	13.58	13.90	1479934	51494692.00
2016/04/20	14.02	14.02	12.50	12.50	2845595	93123608.00
2016/04/21	12.48	13.02	12.15	12.36	1974013	63088384.00
2016/04/22	12.42	12.80	12.28	12.80	1188011	37814952.00
2016/04/25	13.06	13.43	12.90	13.18	2193967	73211736.00
2016/04/26	12.96	13.42	12.91	13.38	1746039	58437388.00
2016/04/27	13.39	13.54	12.97	12.98	1270767	42430752.00
2016/04/28	12.98	13.34	12.37	12.88	1189626	38321100.00
2016/04/29	12.76	14.19	12.76	14.19	3800989	133665336.00
2016/05/03	14.58	15.62	14.23	15.07	22401922	334671872.00
2016/05/04	15.06	15.87	14.57	15.23	18960673	292149696.00
2016/05/05	15.14	16.77	14.78	16.77	21893103	345530656.00
2016/05/06	17.38	18.46	17.14	18.46	27504325	490908640.00
2016/05/09	18.28	19.77	17.41	17.59	38011348	713104384.00
2016/05/10	17.37	17.86	16.09	16.61	26910768	456072384.00
2016/05/11	16.56	17.06	15.90	16.11	22398589	369202784.00
2016/05/12	15.28	15.83	14.77	15.52	16943175	262260320.00
2016/05/13	15.46	15.79	14.59	14.90	17537565	269881344.00
2016/05/16	15.06	15.41	14.68	15.26	14343013	217924032.00
2016/05/17	15.41	16.26	14.82	15.73	25425201	397769472.00
2016/05/18	14.89	15.00	14.15	14.15	12966155	186706448.00
2016/05/19	13.40	14.16	13.40	13.78	17256800	239074880.00
2016/05/20	13.69	13.97	13.30	13.65	10130893	138289744.00
2016/05/23	13.68	14.06	13.60	13.80	12553950	175054160.00
2016/05/24	13.98	15.19	13.92	15.19	21385659	313241120.00
2016/05/25	15.18	16.58	14.80	15.93	29322594	463777760.00
2016/05/26	15.58	16.06	14.76	15.78	18856534	292738240.00
2016/05/27	15.62	15.75	15.18	15.27	12817079	199624384.00
2016/05/30	15.26	15.26	14.39	14.56	9184646	137129808.00
2016/05/31	14.88	15.54	14.60	15.41	13505893	206734032.00
2016/06/01	15.41	16.56	15.18	16.08	18295665	293565760.00
2016/06/02	15.73	16.14	15.59	16.13	13701318	219387168.00
2016/06/03	16.28	16.29	15.64	15.70	11495815	183579648.00
2016/06/06	15.70	15.96	15.23	15.58	8379221	130315656.00
2016/06/07	15.58	15.83	15.45	15.83	9241466	146256016.00
2016/06/08	15.86	15.86	15.08	15.11	8243778	127693384.00
2016/06/13	14.81	14.81	13.59	13.59	9127219	130631944.00
2016/06/14	13.63	13.87	13.41	13.78	5875969	80992248.00
2016/06/15	13.56	14.46	13.38	14.23	6579286	93887208.00
2016/06/16	14.23	14.35	13.76	13.83	6211063	87490096.00
2016/06/17	13.78	14.43	13.78	13.99	5146718	73209192.00
2016/06/20	14.13	14.14	13.46	13.66	4876158	67212800.00
2016/06/21	13.66	13.88	13.33	13.41	5248880	72055712.00
2016/06/22	13.33	13.84	13.32	13.83	4640198	63939532.00
2016/06/23	13.78	14.02	13.68	13.72	5087502	70944368.00
2016/06/24	13.67	13.86	12.55	13.49	5500740	74669752.00
2016/06/27	13.08	13.92	12.95	13.80	4818873	66351064.00
2016/06/28	13.83	14.38	13.70	14.33	8173061	117403520.00
2016/06/29	14.36	14.43	13.99	14.13	5574758	79421768.00
2016/06/30	14.20	14.32	14.03	14.22	4407392	62851108.00
2016/07/01	14.23	14.30	13.88	14.02	4027364	56959632.00
2016/07/04	13.95	14.18	13.76	14.08	4530469	63955460.00
2016/07/05	14.08	14.18	13.72	13.85	4799350	67243520.00
2016/07/06	13.85	13.85	13.65	13.74	4033928	55829672.00
2016/07/07	13.68	13.93	13.57	13.83	4452431	61736288.00
2016/07/08	13.78	13.97	13.78	13.83	3720576	52050048.00
2016/07/11	13.62	13.80	13.39	13.40	5440525	74760752.00
2016/07/12	13.48	13.68	13.28	13.65	3751270	51143344.00
2016/07/13	13.75	13.88	13.61	13.88	4591499	63610368.00
2016/07/14	14.03	15.28	13.98	15.28	9415680	141740448.00
2016/07/15	15.37	16.49	15.23	15.75	25700660	408489248.00
2016/07/18	15.65	15.68	14.93	15.38	12752560	196467264.00
2016/07/19	15.18	15.33	14.68	15.08	9658557	145663872.00
2016/07/20	15.11	15.15	14.88	14.98	6654379	100702808.00
2016/07/21	14.94	15.13	14.73	14.84	5843153	87813744.00
2016/07/22	14.83	15.18	14.78	14.91	6973669	105432936.00
2016/07/25	14.73	14.93	14.38	14.53	5330359	78133768.00
2016/07/26	14.52	15.56	14.52	15.39	9919789	151864480.00
2016/07/27	15.37	15.37	13.85	13.98	10474787	153500176.00
2016/07/28	14.06	14.10	13.19	13.52	6415457	87574352.00
2016/07/29	13.49	13.73	13.09	13.21	3761100	50470228.00
2016/08/01	13.10	13.13	12.29	12.83	5711116	72520160.00
2016/08/02	12.76	12.97	12.68	12.93	2973610	38581088.00
2016/08/03	12.95	12.95	12.57	12.73	2989344	38528528.00
2016/08/04	12.73	13.38	12.69	13.07	3904083	51776612.00
2016/08/05	12.94	13.10	12.82	12.89	2755082	35901300.00
2016/08/08	12.96	13.03	12.63	13.00	2280993	29644916.00
2016/08/09	13.18	13.96	13.03	13.56	5772272	78200000.00
2016/08/10	13.50	13.66	13.21	13.38	3891254	52795188.00
2016/08/11	13.36	13.47	12.97	12.97	2544330	33882012.00
2016/08/12	12.81	13.26	12.81	13.17	2344241	31037612.00
2016/08/15	13.13	13.58	12.98	13.52	4922089	66356568.00
2016/08/16	13.46	14.25	13.40	13.88	6506417	90458176.00
2016/08/17	14.07	14.49	13.75	14.21	6890309	98780736.00
2016/08/18	14.41	14.41	13.63	13.88	7383130	103856136.00
2016/08/19	13.74	13.85	13.45	13.62	4539909	62308956.00
2016/08/22	13.54	13.63	13.11	13.12	3451451	46710412.00
2016/08/23	13.06	13.38	13.06	13.24	2561942	34204616.00
2016/08/24	13.30	13.61	13.18	13.44	3373282	45754588.00
2016/08/25	13.34	13.50	12.98	13.15	3415156	45226856.00
2016/08/26	13.23	13.53	13.18	13.29	2555593	34464884.00
2016/08/29	13.23	13.85	13.13	13.71	6216973	85322304.00
2016/08/30	13.70	15.09	13.70	15.07	15958343	232048816.00
2016/08/31	14.70	15.39	14.27	14.98	15892629	237533184.00
2016/09/01	14.86	16.47	14.39	14.48	14584859	221140144.00
2016/09/02	14.53	14.68	13.89	13.99	8329444	118975480.00
2016/09/05	13.88	14.24	13.88	13.88	4857399	68612456.00
2016/09/06	13.79	14.15	13.48	14.03	6149638	85572776.00
2016/09/07	14.10	14.10	13.79	13.81	4203875	59083776.00
2016/09/08	13.74	14.12	13.70	14.10	4314628	60943764.00
2016/09/09	14.16	14.18	13.79	13.81	3165506	44502108.00
2016/09/12	13.52	13.56	12.98	12.98	4750750	63853256.00
2016/09/13	13.35	13.35	13.03	13.18	2565678	34122688.00
2016/09/14	13.02	13.33	12.93	13.16	1888746	25082132.00
2016/09/19	13.18	13.64	13.18	13.42	1812342	24564088.00
2016/09/20	13.43	13.53	13.18	13.23	1766293	23716996.00
2016/09/21	13.17	13.43	13.17	13.38	1459026	19655262.00
2016/09/22	13.48	13.58	13.38	13.38	2052383	27937018.00
2016/09/23	13.36	13.40	13.08	13.10	2702758	35972800.00
2016/09/26	13.11	13.37	12.79	12.81	2641700	34952032.00
2016/09/27	12.82	13.33	12.77	13.32	2573356	33776688.00
2016/09/28	13.18	13.28	13.05	13.09	1378232	18270878.00
2016/09/29	13.01	13.26	13.00	13.10	1472492	19542548.00
2016/09/30	13.09	13.27	12.89	13.26	2813492	37176064.00
2016/10/10	13.32	13.63	13.23	13.59	3254069	44161760.00
2016/10/11	13.61	13.64	13.43	13.51	2429393	33094228.00
2016/10/12	13.54	14.22	13.40	13.92	6454888	90127752.00
2016/10/13	13.81	13.96	13.69	13.83	2852219	39708788.00
2016/10/14	13.83	14.14	13.74	13.82	3140278	44097432.00
2016/10/17	13.96	13.96	13.39	13.42	3112563	42683776.00
2016/10/18	13.41	13.66	13.27	13.58	2377850	32337180.00
2016/10/19	13.71	13.71	13.37	13.41	2365877	32169692.00
2016/10/20	13.42	14.08	13.30	13.93	6577179	91813080.00
2016/10/21	13.90	13.90	13.50	13.80	4227786	58211400.00
2016/10/24	13.72	13.94	13.61	13.76	3358087	46650044.00
2016/10/25	13.78	13.93	13.69	13.77	2638000	36764888.00
2016/10/26	13.78	13.84	13.48	13.61	3143537	43239740.00
2016/10/27	13.54	13.71	13.44	13.48	2781035	38082360.00
2016/10/28	13.43	13.60	13.23	13.23	3358995	45288332.00
2016/10/31	13.21	13.29	12.99	13.23	1754337	23218202.00
2016/11/01	13.20	13.43	13.20	13.34	2066567	27761372.00
2016/11/02	13.37	13.51	13.14	13.16	2159531	28951862.00
2016/11/03	13.18	13.48	13.00	13.33	2675074	36001432.00
2016/11/04	13.34	13.43	13.05	13.16	3412935	45486660.00
2016/11/07	13.17	13.50	13.16	13.30	3225840	43514248.00
2016/11/08	13.36	13.38	13.16	13.30	2736500	36623756.00
2016/11/09	13.30	13.33	12.88	13.10	3919203	51953292.00
2016/11/10	13.27	13.65	13.22	13.47	4376623	59190644.00
2016/11/11	13.48	13.86	13.40	13.74	6732985	93028104.00
2016/11/14	13.71	13.88	13.47	13.61	4751446	65426820.00
2016/11/15	13.56	13.98	13.45	13.83	4865903	67340656.00
2016/11/16	13.83	15.23	13.83	15.23	15914152	235522416.00
2016/11/17	14.98	15.03	14.54	14.58	15087334	223563616.00
2016/11/18	14.48	14.68	14.20	14.30	9781136	141838448.00
2016/11/21	14.34	14.44	14.08	14.33	6350931	91175728.00
2016/11/22	14.30	14.56	14.16	14.54	7409533	107318728.00
2016/11/23	14.56	14.75	13.99	14.16	8036103	116513560.00
2016/11/24	14.02	14.16	13.79	13.85	5179594	72958568.00
2016/11/25	13.83	13.97	13.28	13.77	4728626	64870980.00
2016/11/28	13.85	13.85	13.54	13.59	3036121	42016632.00
2016/11/29	13.59	13.73	13.37	13.37	4048933	55196812.00
2016/11/30	13.32	13.64	13.28	13.37	3540550	48011836.00
2016/12/01	13.41	13.48	13.26	13.33	3884334	52296376.00
2016/12/02	13.26	13.35	12.98	13.03	3523075	46713936.00
2016/12/05	12.96	13.18	12.88	13.10	2061022	27204146.00
2016/12/06	13.26	13.26	13.08	13.11	1442876	19133580.00
2016/12/07	13.10	13.31	12.99	13.28	2182028	29077644.00
2016/12/08	13.35	13.38	13.08	13.10	2555540	34183508.00
2016/12/09	13.15	13.22	12.98	13.02	2485005	32784472.00
2016/12/12	13.08	13.08	11.71	11.71	7523044	92558312.00
2016/12/13	11.71	11.71	11.19	11.54	3017903	35033360.00
2016/12/14	11.44	11.58	11.23	11.36	2254273	26031688.00
2016/12/15	11.30	11.73	11.30	11.48	2455432	28684882.00
2016/12/16	11.61	11.83	11.48	11.67	2172222	25672016.00
2016/12/19	11.69	11.98	11.69	11.74	1976708	23625672.00
2016/12/20	11.78	11.86	11.61	11.78	1367459	16221071.00
2016/12/21	11.78	11.96	11.78	11.93	1672601	20113678.00
2016/12/22	11.93	12.19	11.74	12.09	2257350	27320418.00
2016/12/23	12.08	12.23	11.38	11.62	2071159	24967810.00
2016/12/26	11.63	12.78	11.50	12.32	4457186	54342944.00
2016/12/27	12.32	12.36	12.00	12.16	2467473	30330466.00
2016/12/28	11.99	12.25	11.93	11.93	1757478	21438606.00
2016/12/29	11.97	12.42	11.91	12.27	3088946	38057112.00
2016/12/30	12.38	12.38	12.03	12.31	1896199	23286270.00
2017/01/03	12.58	12.58	12.18	12.30	2265604	28029086.00
2017/01/04	12.28	12.38	12.16	12.29	2329721	28905868.00
2017/01/05	12.28	12.42	12.19	12.19	1400938	17413598.00
2017/01/06	12.19	12.33	11.93	11.94	1750347	21436100.00
2017/01/09	11.95	12.06	11.90	12.04	1784298	21625504.00
2017/01/10	12.05	12.12	11.93	11.94	1331427	16204041.00
2017/01/11	12.03	12.03	11.61	11.61	1687776	20171224.00
2017/01/12	11.68	11.81	11.63	11.65	1335471	15838434.00
2017/01/13	11.65	11.82	11.39	11.55	1407379	16564187.00
2017/01/16	11.68	11.68	10.38	10.76	3075439	34142456.00
2017/01/17	10.75	11.21	10.22	11.00	2317242	25136218.00
2017/01/18	11.00	11.08	10.64	10.65	1967493	21342714.00
2017/01/19	10.65	10.65	10.38	10.56	1484902	15782851.00
2017/01/20	10.48	11.18	10.48	10.83	2124010	23388674.00
2017/01/23	10.84	11.15	10.84	10.91	2170150	23934674.00
2017/01/24	10.91	11.38	10.87	11.09	2619479	29471074.00
2017/01/25	11.07	11.20	10.93	10.96	2352286	26172608.00
2017/01/26	11.02	11.28	10.95	11.28	1975373	22310030.00
2017/02/03	11.30	11.34	11.02	11.04	2105291	23631004.00
2017/02/06	10.93	11.28	10.93	11.23	2026149	22856224.00
2017/02/07	11.23	11.38	11.10	11.23	1935163	22003526.00
2017/02/08	11.23	11.40	11.08	11.32	1777729	20219856.00
2017/02/09	11.27	11.74	11.27	11.58	2702334	31557246.00
2017/02/10	11.59	11.67	11.39	11.40	1662172	19362276.00
2017/02/13	11.40	11.63	11.31	11.44	2507072	28945848.00
2017/02/14	11.38	11.51	11.20	11.25	1749236	19989586.00
2017/02/15	11.36	11.42	11.10	11.14	1563508	17849460.00
2017/02/16	11.17	11.29	11.01	11.24	1006880	11411317.00
2017/02/17	11.28	11.41	11.07	11.13	1202821	13644408.00
2017/02/20	11.20	11.25	11.06	11.24	1283157	14456760.00
2017/02/21	11.24	11.65	11.18	11.47	2327306	27051684.00
2017/02/22	11.53	12.63	11.40	12.25	11636104	143472640.00
2017/02/23	12.20	12.61	11.98	12.28	9245785	113939560.00
2017/02/24	12.20	12.21	11.88	11.93	5154264	62365092.00
2017/02/27	11.88	12.38	11.69	11.69	4073505	48934716.00
2017/02/28	11.68	11.78	11.52	11.67	2946332	34562368.00
2017/03/01	11.58	11.63	11.40	11.51	4201606	48837252.00
2017/03/02	11.55	11.55	11.27	11.31	2987186	34431228.00
2017/03/03	11.31	11.41	11.26	11.32	2745221	31400776.00
2017/03/06	11.37	11.54	11.33	11.54	2943914	34131632.00
2017/03/07	11.57	11.58	11.38	11.52	2838251	32906002.00
2017/03/08	11.52	11.54	11.25	11.35	2565317	29465812.00
2017/03/09	11.37	11.37	11.11	11.18	2876116	32542386.00
2017/03/10	11.18	11.34	11.17	11.32	2156781	24575228.00
2017/03/13	11.34	11.63	11.29	11.54	3818316	44359164.00
2017/03/14	11.53	11.58	11.28	11.32	2141973	24744280.00
2017/03/15	11.27	11.42	11.26	11.32	1470478	16837740.00
2017/03/16	11.36	11.51	11.32	11.46	1525043	17640074.00
2017/03/17	11.57	11.57	11.30	11.33	2040264	23581816.00
2017/03/20	11.37	11.38	11.14	11.32	2415908	27460510.00
2017/03/21	11.38	11.42	11.25	11.28	1804079	20669504.00
2017/03/22	11.24	11.34	11.14	11.22	1667603	18904978.00
2017/03/23	11.28	11.33	11.05	11.08	2465722	27889250.00
2017/03/24	11.08	11.28	11.08	11.25	2386158	26934484.00
2017/03/27	11.25	11.34	11.19	11.28	1971235	22470448.00
2017/03/28	11.15	11.35	11.15	11.26	1172174	13368007.00
2017/03/29	11.32	11.33	11.16	11.28	1699426	19337066.00
2017/03/30	11.21	11.27	10.71	10.73	3562340	39232320.00
2017/03/31	10.88	11.16	10.72	10.88	2483345	27469022.00
2017/04/05	10.89	11.04	10.67	11.03	2696192	29610972.00
2017/04/06	10.90	11.33	10.89	11.16	3106467	35064040.00
2017/04/07	11.03	11.18	11.00	11.03	1578096	17664672.00
2017/04/10	11.06	11.06	10.63	10.68	3079036	33424992.00
2017/04/11	10.56	10.75	10.48	10.74	2222377	23819386.00
2017/04/12	10.69	10.69	10.54	10.60	1409679	15110172.00
2017/04/13	10.71	10.71	10.33	10.65	2149703	22956450.00
2017/04/14	10.61	11.21	10.58	10.68	2059391	22329202.00
2017/04/17	10.71	10.72	10.28	10.41	1640559	17319882.00
2017/04/18	10.51	10.83	10.38	10.45	1678649	17859400.00
2017/04/19	10.50	10.50	9.90	10.14	2758768	28277860.00
2017/04/20	9.99	10.43	9.99	10.22	2283035	23445574.00
2017/04/21	10.28	10.33	9.97	10.05	1141763	11731585.00
2017/04/24	10.04	10.04	9.28	9.33	1976373	19116394.00
2017/04/25	9.33	9.45	9.10	9.16	1903562	17875576.00
2017/04/26	9.16	9.16	8.84	8.86	2294434	20766620.00
2017/04/27	8.86	9.05	8.51	8.95	2996434	26510382.00
2017/04/28	8.95	9.06	8.84	8.96	2367025	21483912.00
2017/05/02	8.98	9.15	8.80	9.00	2110981	19321396.00
2017/05/03	9.05	9.28	8.99	9.15	1995752	18526144.00
2017/05/04	9.16	9.29	9.08	9.14	1471369	13706894.00
2017/05/05	9.13	9.14	8.65	8.81	2048598	18595230.00
2017/05/08	8.97	8.97	8.48	8.59	1736000	15405079.00
2017/05/09	8.66	8.71	8.32	8.62	1935111	16731754.00
2017/05/10	8.56	8.82	8.28	8.32	1581705	13744196.00
2017/05/11	8.37	8.37	7.53	7.97	3069101	24634676.00
2017/05/12	7.96	7.99	7.68	7.83	1874883	14886446.00
2017/05/15	7.96	8.27	7.89	8.05	2028263	16687800.00
2017/05/16	8.08	8.87	7.94	8.87	3669570	31659776.00
2017/05/17	8.88	9.46	8.85	8.96	4772885	43925468.00
2017/05/18	8.95	9.13	8.76	8.95	2717356	24725318.00
2017/05/19	8.95	9.03	8.55	8.61	2924481	25816224.00
2017/05/22	8.63	8.73	8.29	8.36	2343481	20097800.00
2017/05/23	8.22	8.40	7.84	7.90	1753296	14440690.00
2017/05/24	7.79	8.33	7.68	8.28	1863924	15234753.00
2017/05/25	8.37	8.46	7.76	8.23	2370824	19636580.00
2017/05/26	8.23	8.43	8.18	8.23	1375096	11593513.00
2017/05/31	8.42	8.53	8.19	8.53	2234441	18946990.00
2017/06/01	8.37	8.66	8.07	8.09	2004568	16875332.00
2017/06/02	8.13	8.42	7.88	8.14	2073309	17054782.00
2017/06/05	8.17	8.36	8.09	8.19	1543164	12902608.00
2017/06/06	8.25	8.40	8.13	8.36	1548549	13027106.00
2017/06/07	8.32	8.64	8.30	8.55	2567354	22175116.00
2017/06/08	8.53	8.72	8.44	8.51	2053854	17820064.00
2017/06/09	8.52	8.52	8.25	8.41	1642989	13964241.00
2017/06/12	8.38	8.38	8.05	8.11	1807324	14936362.00
2017/06/13	8.14	8.32	8.09	8.28	1751167	14560733.00
2017/06/14	8.28	8.38	8.22	8.35	1675482	14039242.00
2017/06/15	8.24	8.72	8.24	8.60	2391927	20670538.00
2017/06/16	8.63	8.72	8.43	8.49	1810291	15578854.00
2017/06/19	8.50	8.59	8.43	8.58	1762736	15153891.00
2017/06/20	8.61	8.68	8.44	8.50	2122813	18375708.00
2017/06/21	8.50	8.56	8.37	8.48	1453548	12417392.00
2017/06/22	8.48	8.48	8.11	8.14	2414113	20153522.00
2017/06/23	8.30	8.30	7.97	8.12	2177895	17802914.00
2017/06/26	8.13	8.43	8.01	8.43	2883701	24055072.00
2017/06/27	8.43	8.73	8.34	8.73	4624603	40080948.00
2017/06/28	8.66	8.71	8.47	8.57	2066783	17820754.00
2017/06/29	8.53	8.68	8.49	8.55	1009450	8714846.00
2017/06/30	8.56	8.63	8.41	8.60	1691970	14562402.00
2017/07/03	8.62	8.69	8.47	8.60	1057963	9165451.00
2017/07/04	8.60	8.65	8.54	8.61	1063103	9208180.00
2017/07/05	8.60	8.62	8.46	8.62	1194588	10309788.00
2017/07/06	8.56	8.78	8.54	8.58	1214812	10580597.00
2017/07/07	8.57	8.65	8.53	8.64	1534003	13317412.00
2017/07/10	8.62	8.62	8.29	8.33	1976536	16842412.00
2017/07/11	8.33	8.40	8.23	8.23	1049050	8789729.00
2017/07/12	8.30	8.30	8.00	8.23	1569565	12904704.00
2017/07/13	8.26	8.26	8.04	8.16	744733	6119636.00
2017/07/14	8.16	8.18	8.05	8.10	705742	5772637.50
2017/07/17	8.01	8.09	7.33	7.38	1713947	13152766.00
2017/07/18	7.40	7.62	7.31	7.53	878981	6626130.00
2017/07/19	7.54	7.62	7.40	7.60	834198	6310644.50
2017/07/20	7.60	7.79	7.56	7.60	934189	7235087.50
2017/07/21	7.44	7.66	7.44	7.57	540581	4137394.00
2017/07/24	7.59	7.59	7.42	7.51	733161	5543851.50
2017/07/25	7.61	7.61	7.38	7.43	805512	6055089.50
2017/07/26	7.41	7.55	7.38	7.41	573937	4316965.00
2017/07/27	7.46	8.01	7.31	7.89	2879960	22567094.00
2017/07/28	7.85	7.98	7.70	7.70	1662111	13084077.00
2017/07/31	7.69	7.78	7.57	7.70	1140913	8821234.00
2017/08/01	7.76	7.76	7.58	7.65	836366	6467315.00
2017/08/02	7.68	7.69	7.56	7.61	945497	7267659.00
2017/08/03	7.59	7.85	7.54	7.72	1213330	9495947.00
2017/08/04	7.71	7.78	7.64	7.66	845156	6558242.00
2017/08/07	7.58	7.81	7.58	7.71	961033	7495143.00
2017/08/08	7.68	7.87	7.64	7.83	1275743	9978959.00
2017/08/09	7.83	7.88	7.77	7.82	759558	5995813.50
2017/08/10	7.77	8.19	7.77	7.88	2019219	16275228.00
2017/08/11	7.88	7.88	7.58	7.66	1632326	12660233.00
2017/08/14	7.65	7.99	7.65	7.97	1902866	15105732.00
2017/08/15	7.92	7.98	7.85	7.95	1215441	9695593.00
2017/08/16	7.96	8.18	7.90	8.08	1723349	14054126.00
2017/08/17	8.08	8.28	8.03	8.23	1921381	15837265.00
2017/08/18	8.22	8.26	8.05	8.13	1583108	13001548.00
2017/08/21	8.08	8.25	8.04	8.11	1156067	9453633.00
2017/08/22	8.13	8.14	7.93	8.01	1027244	8309400.00
2017/08/23	8.07	8.07	7.93	8.01	889146	7180531.50
2017/08/24	8.05	8.07	7.87	7.90	897796	7180016.50
2017/08/25	7.90	8.53	7.90	8.14	3003308	24885652.00
2017/08/28	8.08	8.25	8.01	8.23	2664799	21875808.00
2017/08/29	8.29	8.29	8.07	8.11	1812350	14863572.00
2017/08/30	8.13	8.18	8.06	8.10	1250254	10254819.00
2017/08/31	8.16	8.20	8.10	8.17	1083767	8913495.00
2017/09/01	8.20	8.47	8.08	8.37	3108888	26036110.00
2017/09/04	8.36	8.49	8.26	8.37	2113158	17854634.00
2017/09/05	8.35	8.58	8.31	8.39	2029904	17253278.00
2017/09/06	8.31	8.54	8.24	8.53	2557376	21692620.00
2017/09/07	8.48	8.72	8.35	8.38	2133040	18276162.00
2017/09/08	8.38	8.80	8.33	8.78	4273311	37163732.00
2017/09/11	8.63	8.81	8.58	8.77	2904612	25504754.00
2017/09/12	8.72	8.82	8.48	8.58	2750651	24017898.00
2017/09/13	8.49	8.66	8.48	8.56	1127900	9739794.00
2017/09/14	8.65	8.65	8.36	8.39	1434728	12260437.00
2017/09/15	8.40	8.57	8.33	8.42	1024074	8685724.00
2017/09/18	8.47	8.53	8.37	8.51	1078874	9186205.00
2017/09/19	8.48	8.61	8.44	8.52	1485938	12770199.00
2017/09/20	8.53	9.29	8.45	9.10	6242648	56568580.00
2017/09/21	9.10	9.19	8.95	9.01	4179652	38258148.00
2017/09/22	9.02	9.92	9.01	9.92	10671381	105210296.00
2017/09/25	10.33	10.92	9.96	10.92	13562160	142999792.00
2017/10/16	9.82	9.82	9.82	9.82	728700	7206843.00
2017/10/17	9.22	10.81	9.02	10.81	20619829	202947264.00
2017/10/18	11.33	11.90	11.11	11.90	36814619	434438752.00
2017/10/19	12.82	13.10	12.70	13.10	25986792	340888608.00
2017/10/20	11.94	13.81	11.78	13.03	48856238	646063104.00
2017/10/23	12.43	14.34	12.43	14.34	40171099	548154432.00
2017/10/24	14.53	15.22	13.04	13.60	42964916	610187584.00
2017/10/25	13.65	14.12	12.66	13.12	32116417	424493728.00
2017/10/26	12.48	12.99	12.37	12.49	26552472	336869056.00
2017/10/27	12.34	12.62	11.51	11.68	30748480	373108544.00
2017/10/30	11.57	11.76	11.08	11.25	21399595	244806640.00
2017/10/31	11.44	11.50	11.15	11.36	15841347	180493712.00
2017/11/01	10.94	11.36	10.83	11.09	20293338	226148320.00
2017/11/02	10.93	11.34	10.56	11.03	19931584	219949040.00
2017/11/03	11.01	11.24	10.69	10.98	16962842	187553536.00
2017/11/06	10.85	11.13	10.29	10.79	14957284	160427792.00
2017/11/07	10.82	11.40	10.65	11.24	27426456	307296128.00
2017/11/08	11.08	12.37	11.03	12.07	46947224	564308672.00
2017/11/09	11.71	11.76	10.98	11.07	34539102	393523360.00
2017/11/10	10.79	11.18	10.57	10.94	22965567	250090736.00
2017/11/13	10.89	10.90	10.45	10.55	15597977	166716912.00
2017/11/14	10.49	11.04	10.34	10.76	17624384	190030128.00
2017/11/15	10.68	10.97	10.50	10.85	14578277	157960832.00
2017/11/16	10.81	10.87	9.79	9.82	20097980	208296544.00
2017/11/17	9.75	9.89	9.15	9.29	16349925	156769120.00
2017/11/20	9.14	9.47	9.11	9.45	8808783	83114712.00
2017/11/21	9.36	9.86	9.27	9.48	12439060	119460096.00
2017/11/22	9.41	9.69	9.35	9.52	9632686	92531624.00
2017/11/23	9.53	10.48	9.24	10.15	16109596	159226256.00
2017/11/24	9.78	11.17	9.78	10.66	25792040	271235232.00
2017/11/27	10.73	10.90	9.59	9.72	16311555	167783648.00
2017/11/28	9.43	9.72	9.24	9.69	12334670	117813680.00
2017/11/29	9.53	9.62	9.14	9.23	9911446	93581152.00
2017/11/30	9.29	9.52	9.16	9.31	7336548	68675872.00
2017/12/01	9.23	9.73	8.85	9.61	14606765	136197840.00
2017/12/04	9.38	9.53	8.96	9.05	8501628	79718840.00
2017/12/05	8.93	9.14	8.21	8.36	10685482	93520800.00
2017/12/06	8.36	8.70	8.36	8.66	6989125	60159652.00
2017/12/07	8.69	8.81	8.53	8.53	5308425	46487424.00
2017/12/08	8.59	8.92	8.49	8.84	6700275	59318856.00
2017/12/11	8.83	9.43	8.78	9.29	11082180	102787072.00
2017/12/12	9.23	9.29	8.76	8.78	9508055	86345296.00
2017/12/13	8.82	8.97	8.77	8.92	4808919	43030464.00
2017/12/14	9.03	9.05	8.71	8.93	4911114	43818572.00
2017/12/15	8.90	9.64	8.85	9.13	9241222	85985088.00
2017/12/18	9.20	10.05	9.11	10.02	20750646	206054480.00
2017/12/21	9.01	10.28	9.01	9.80	23911451	225741760.00
2017/12/22	9.13	9.72	9.06	9.15	16399755	154159584.00
2017/12/25	8.97	9.07	8.23	8.23	15070148	128747256.00
2017/12/26	8.04	8.26	7.99	8.18	8170376	66828756.00
2017/12/27	8.13	8.42	7.36	8.22	8720021	72152832.00
2017/12/28	8.13	8.29	8.01	8.11	5891313	48487152.00
2017/12/29	8.12	8.38	8.03	8.15	5224250	43228220.00
2018/01/02	8.07	8.48	8.07	8.42	7631400	64262440.00
2018/01/03	8.66	8.66	8.31	8.42	6588693	56062512.00
2018/01/04	8.45	8.48	8.23	8.33	5316706	44709244.00
2018/01/05	8.38	8.60	8.29	8.53	7111956	60730560.00
2018/01/08	8.49	8.57	8.27	8.39	5129467	43290960.00
2018/01/09	8.28	8.33	8.10	8.14	5313100	43793224.00
2018/01/10	8.19	8.27	8.06	8.18	4099300	33826128.00
2018/01/11	8.18	8.48	8.09	8.41	6885456	57998760.00
2018/01/12	8.36	8.39	8.08	8.12	6230600	51404084.00
2018/01/15	8.23	8.23	7.71	7.81	5257400	41869556.00
2018/01/16	7.73	7.88	7.71	7.77	3044950	23928988.00
2018/01/17	7.79	7.83	7.49	7.73	3669135	28308228.00
2018/01/18	7.78	8.08	7.66	7.94	5766407	46197268.00
2018/01/19	7.96	8.07	7.61	7.71	4855755	38597876.00
2018/01/22	7.59	7.92	7.44	7.86	5118130	40004704.00
2018/01/23	7.88	8.04	7.59	7.77	5754610	45285748.00
2018/01/24	7.68	8.07	7.63	8.04	6869423	55103368.00
2018/01/25	8.00	8.21	7.89	7.91	5751305	46577036.00
2018/01/31	8.71	8.71	8.71	8.71	1254968	11018619.00
2018/02/01	9.59	9.59	9.59	9.59	1877925	18140756.00
2018/02/02	9.81	10.56	8.98	10.56	32715801	323965984.00
2018/02/05	10.56	11.18	9.98	10.03	37366815	398524608.00
2018/02/06	9.03	9.82	9.02	9.02	21411480	200428112.00
2018/02/07	9.02	9.93	8.71	9.93	23501086	221252064.00
2018/02/08	10.29	10.93	10.15	10.70	46691249	506319264.00
2018/02/09	9.62	10.13	9.62	9.62	25916141	254276096.00
2018/02/12	9.79	10.59	9.37	10.59	33715495	338949696.00
2018/02/13	10.40	11.13	9.54	9.86	33219219	352593056.00
2018/02/14	9.44	9.78	8.91	9.45	23580367	223043664.00
2018/02/22	9.38	9.78	9.31	9.63	17327604	166777056.00
2018/02/23	9.50	9.71	9.23	9.51	16599168	158396768.00
2018/02/26	9.52	10.43	9.29	10.10	25622075	256621040.00
2018/02/27	10.19	11.12	10.03	10.83	42225776	452377280.00
2018/02/28	10.53	10.55	10.01	10.16	26760397	276733664.00
2018/03/01	10.31	11.18	10.23	11.18	40560375	447363072.00
2018/03/02	11.32	12.10	10.98	11.61	44780025	518409376.00
2018/03/05	11.43	12.38	11.14	12.04	32947227	386212928.00
2018/03/06	11.73	11.85	11.28	11.52	25817597	300724512.00
2018/03/07	11.48	11.66	11.16	11.49	16625747	190659984.00
2018/03/08	11.38	11.62	11.18	11.26	14408476	164259216.00
2018/03/09	11.31	11.70	11.17	11.45	19418155	224153232.00
2018/03/12	11.40	11.87	11.34	11.69	19059190	222337936.00
2018/03/13	11.67	11.67	10.77	10.95	19491806	219316288.00
2018/03/14	10.93	11.06	10.45	10.56	14788242	159417120.00
2018/03/15	10.54	10.73	10.16	10.58	12171312	128389568.00
2018/03/16	10.53	10.98	10.45	10.76	13076814	141578912.00
2018/03/19	10.73	11.18	10.44	10.95	12193370	133678880.00
2018/03/20	10.73	10.85	10.46	10.68	9607250	103328688.00
2018/03/21	10.57	10.91	10.21	10.32	8967116	96158760.00
2018/03/22	10.19	10.76	10.14	10.38	8428726	88853312.00
2018/03/23	9.86	10.05	9.34	9.48	12019519	116897552.00
2018/03/26	9.31	9.82	8.94	9.79	9428650	90429416.00
2018/03/27	9.90	10.30	9.83	10.06	11169199	112924320.00
2018/03/28	9.86	10.15	9.66	9.80	8894471	88428904.00
2018/03/29	9.86	10.11	9.86	9.92	6311439	63340640.00
2018/03/30	10.02	10.27	10.02	10.22	8463850	86611336.00
2018/04/02	10.53	10.53	10.08	10.16	7581750	78146248.00
2018/04/03	9.84	9.97	9.73	9.86	5426323	53822108.00
2018/04/04	9.86	10.01	9.50	9.51	5504400	54087024.00
2018/04/09	9.40	9.51	8.84	9.34	5564000	51909044.00
2018/04/10	9.46	9.50	9.24	9.43	3602554	34044252.00
2018/04/11	9.45	10.38	9.45	10.38	20067674	207272864.00
2018/04/12	10.16	10.31	9.94	9.99	15040585	153032944.00
2018/04/13	10.03	10.99	9.99	10.84	25288657	268769920.00
2018/04/16	10.51	11.21	10.45	10.73	18355214	199112176.00
2018/04/17	10.64	10.89	10.13	10.18	12309745	129506816.00
2018/04/18	10.41	10.81	10.01	10.71	14028047	148165968.00
2018/04/19	10.49	10.78	10.19	10.29	12546960	132759760.00
2018/04/20	10.43	10.70	10.20	10.46	11094573	116915984.00
2018/04/23	10.62	10.70	10.03	10.23	8781843	90798920.00
2018/04/24	10.08	10.58	10.08	10.55	9200326	96214920.00
2018/04/25	10.47	10.81	10.33	10.72	12169807	130118072.00
2018/04/26	10.68	10.69	10.09	10.23	8732842	91722000.00
2018/04/27	10.36	10.37	9.25	9.86	10232554	101270240.00
2018/05/02	9.95	10.03	9.68	9.91	4915481	48822204.00
2018/05/03	10.13	10.91	10.13	10.39	11671534	123519312.00
2018/05/04	10.13	11.41	10.09	10.73	14985562	162250576.00
2018/05/07	10.78	10.91	10.54	10.86	11538448	125191352.00
2018/05/08	10.76	11.33	10.60	11.08	13539850	149145696.00
2018/05/09	11.00	11.00	10.69	10.87	8327752	90700280.00
2018/05/10	10.95	11.05	10.60	10.76	6969248	75472056.00
2018/05/11	10.71	10.71	10.20	10.23	8571700	89603360.00
2018/05/14	10.20	10.31	9.98	10.13	4543050	46413472.00
2018/05/15	10.13	10.47	10.13	10.39	4991500	51867300.00
2018/05/16	10.48	10.51	10.10	10.14	5136729	53040304.00
2018/05/17	10.18	10.33	10.09	10.24	4156350	42629364.00
2018/05/18	10.30	10.30	10.09	10.23	2526955	25929506.00
2018/05/21	10.32	10.48	10.21	10.39	4221237	44084240.00
2018/05/22	10.39	10.77	10.14	10.54	7024100	73717184.00
2018/05/23	10.49	10.69	10.36	10.54	6613970	70055800.00
2018/05/24	10.49	10.63	10.19	10.24	4984108	52200708.00
2018/05/25	10.19	10.24	9.91	9.99	6184155	62336576.00
2018/05/28	10.03	10.16	9.75	9.82	4786450	47907316.00
2018/05/29	9.84	10.24	9.84	10.02	5036152	51098184.00
2018/05/30	9.74	10.03	9.55	9.67	4563852	45078888.00
2018/05/31	9.79	10.07	9.73	9.93	2738800	27326802.00
2018/06/01	9.79	10.25	9.79	10.05	4561603	46144752.00
2018/06/04	9.94	10.16	9.86	9.91	2568466	25754348.00
2018/06/05	9.97	10.12	9.84	10.04	3110727	31250578.00
2018/06/06	9.96	10.11	9.84	9.92	2060055	20601680.00
2018/06/07	9.89	10.26	9.84	9.86	6530628	66025204.00
2018/06/08	9.76	9.86	9.31	9.42	6112800	58773348.00
2018/06/11	9.37	9.48	9.15	9.16	2359120	22154780.00
2018/06/12	9.29	9.38	9.16	9.32	3492500	32629904.00
2018/06/13	9.33	9.39	9.24	9.24	2053825	19224410.00
2018/06/14	8.86	9.24	8.74	8.75	3768200	33954840.00
2018/06/15	8.71	8.79	8.34	8.37	3866016	33054648.00
2018/06/19	8.37	8.37	7.53	7.53	4168400	33005820.00
2018/06/20	7.44	7.79	7.38	7.60	3932910	30144534.00
2018/06/21	7.68	7.69	6.83	6.83	5115100	36904452.00
2018/06/22	6.83	7.09	6.44	6.99	3800258	26467502.00
2018/06/25	7.09	7.70	7.08	7.70	4490216	33811828.00
2018/06/26	8.03	8.48	7.72	7.97	13183324	107091840.00
2018/06/27	7.76	7.96	7.54	7.55	6856400	53279820.00
2018/06/28	7.69	8.18	7.66	7.67	8032835	64143348.00
2018/06/29	7.64	8.24	7.46	7.99	9013874	72162808.00
2018/07/02	8.04	8.04	7.74	7.85	4612350	36536344.00
2018/07/03	7.88	7.99	7.66	7.92	4210930	33270102.00
2018/07/04	7.89	7.91	7.45	7.55	3555792	27406686.00
2018/07/05	7.44	7.88	7.44	7.46	3349800	25951900.00
2018/07/06	7.46	7.72	7.44	7.51	2939200	22420184.00
2018/07/09	7.51	7.77	7.51	7.70	2684900	20788364.00
2018/07/10	7.72	7.79	7.64	7.78	2326627	18119764.00
2018/07/11	7.74	7.74	7.18	7.34	3405107	25532540.00
2018/07/12	7.24	7.58	7.23	7.56	2227974	16877060.00
2018/07/13	7.63	7.63	7.38	7.45	2049500	15459688.00
2018/07/16	7.52	7.54	7.33	7.53	1795220	13488850.00
2018/07/17	7.51	7.53	7.29	7.44	2038621	15173737.00
2018/07/18	7.51	7.51	7.35	7.37	1755103	13160575.00
2018/07/19	7.40	7.43	7.05	7.10	2169850	15715534.00
2018/07/20	7.08	7.24	7.08	7.18	1592100	11505130.00
2018/07/23	7.18	7.56	7.09	7.35	3901850	29196286.00
2018/07/24	7.37	7.50	7.28	7.43	2455000	18426500.00
2018/07/25	7.44	7.65	7.44	7.61	3747703	28577884.00
2018/07/26	7.57	7.68	7.44	7.64	3529100	26823238.00
2018/07/27	7.61	7.69	7.34	7.39	2715300	20306012.00
2018/07/30	7.15	7.31	7.09	7.13	2654256	19145924.00
2018/07/31	7.16	7.33	7.07	7.33	1782603	12952461.00
2018/08/01	7.33	7.51	7.27	7.36	3359503	25104398.00
2018/08/02	7.33	7.33	6.80	6.94	3021103	21303256.00
2018/08/03	7.13	7.13	6.87	6.95	2023701	14319383.00
2018/08/06	6.78	7.17	6.78	7.02	3093202	22045152.00
2018/08/07	7.03	7.73	6.84	7.73	8391873	63587244.00
2018/08/08	8.24	8.29	7.38	7.69	10469628	82243408.00
2018/08/09	7.72	7.97	7.39	7.85	10221058	79176448.00
2018/08/10	7.64	7.78	7.58	7.58	5463800	42250508.00
2018/08/13	7.31	7.71	7.19	7.54	3719700	28321936.00
2018/08/14	7.50	7.59	7.46	7.48	2303905	17435608.00
2018/08/15	7.47	7.55	7.17	7.21	2967011	21831090.00
2018/08/16	6.99	7.25	6.95	7.03	1914750	13768100.00
2018/08/17	7.14	7.21	6.82	6.89	2635441	18538910.00
2018/08/20	6.76	7.01	6.76	7.01	1775946	12420119.00
2018/08/21	6.97	7.08	6.95	7.05	1679209	11911084.00
2018/08/22	7.01	7.10	6.85	6.86	1511300	10636831.00
2018/08/23	6.85	7.11	6.85	7.01	1734600	12282584.00
2018/08/24	6.96	7.06	6.95	6.96	1306700	9222812.00
2018/08/27	6.96	7.09	6.96	7.08	2064850	14642897.00
2018/08/28	7.07	7.12	6.98	7.03	1798102	12733626.00
2018/08/29	7.04	7.04	6.90	6.96	1177900	8264848.00
2018/08/30	6.97	6.97	6.67	6.72	1830100	12599207.00
2018/08/31	6.66	6.89	6.66	6.69	1241400	8480289.00
2018/09/03	6.64	6.73	6.24	6.41	2570638	16616845.00
2018/09/04	6.42	6.59	6.40	6.50	1972550	12983582.00
2018/09/05	6.64	7.16	6.62	7.16	6473935	46413548.00
2018/09/06	7.02	7.21	6.84	6.89	9103301	64236580.00
2018/09/07	6.93	6.93	6.63	6.76	5087953	34910872.00
2018/09/10	6.69	6.76	6.54	6.64	3457700	23061816.00
2018/09/11	6.60	6.83	6.37	6.61	3603826	23917810.00
2018/09/12	6.55	6.66	6.52	6.57	2300800	15290604.00
2018/09/13	6.66	6.66	6.51	6.59	1964100	13027381.00
2018/09/14	6.56	6.63	6.42	6.42	1833035	12074956.00
2018/09/17	6.44	6.87	6.29	6.52	3427550	22587878.00
2018/09/18	6.34	6.64	6.34	6.56	3061693	20170130.00
2018/09/19	6.57	6.62	6.48	6.59	3564151	23655222.00
2018/09/20	6.60	6.72	6.53	6.53	3221000	21489118.00
2018/09/21	6.57	6.65	6.52	6.61	2299000	15318676.00
2018/09/25	6.56	6.69	6.54	6.57	2177301	14507084.00
2018/09/26	6.62	6.66	6.55	6.61	2097950	13995435.00
2018/09/27	6.60	6.68	6.52	6.52	3209800	21432590.00
2018/09/28	6.44	6.59	6.33	6.58	2268950	14867268.00
2018/10/08	6.44	6.56	6.35	6.40	1977300	12793111.00
2018/10/09	6.40	6.47	6.36	6.42	1062710	6875647.00
2018/10/10	6.35	6.47	6.35	6.42	1204560	7783151.00
2018/10/11	6.14	6.21	5.77	5.77	3191700	19165200.00
2018/10/12	5.55	5.72	5.27	5.54	2741203	15242949.00
2018/10/15	5.64	5.70	5.47	5.54	1512100	8551492.00
2018/10/16	5.62	5.62	5.32	5.35	1713400	9427036.00
2018/10/17	5.46	5.50	5.34	5.48	1610300	8850169.00
2018/10/18	5.43	5.48	5.28	5.34	1712500	9290437.00
2018/10/19	5.26	5.49	5.02	5.49	1590600	8663572.00
2018/10/22	5.76	5.88	5.64	5.70	2753900	16012057.00
2018/10/23	5.67	5.82	5.63	5.70	2007260	11604256.00
2018/10/24	5.62	5.74	5.56	5.71	1375000	7856097.00
2018/10/25	5.49	5.67	5.44	5.61	1576200	8854941.00
2018/10/26	5.63	5.77	5.63	5.69	1878200	10831888.00
2018/10/29	5.72	5.72	5.51	5.64	1323992	7500373.50
2018/10/30	5.60	5.69	5.44	5.65	1958104	11061116.00
2018/10/31	5.66	5.76	5.62	5.71	1637267	9437117.00
2018/11/01	5.77	5.91	5.72	5.73	2622750	15404188.00
2018/11/02	5.80	5.93	5.78	5.87	2484250	14682608.00
2018/11/05	5.99	6.02	5.82	5.94	2849511	17038438.00
2018/11/06	5.90	5.97	5.79	5.92	2210600	13080330.00
2018/11/07	5.90	6.07	5.90	6.01	3079400	18648970.00
2018/11/08	6.07	6.10	5.91	5.99	2493761	15109446.00
2018/11/09	5.89	6.03	5.89	5.96	1751100	10532550.00
2018/11/12	5.86	6.27	5.83	6.19	3851400	23757444.00
2018/11/13	6.08	6.43	6.08	6.27	5293265	33460550.00
2018/11/14	6.19	6.67	6.19	6.45	5891713	38566900.00
2018/11/15	6.53	7.10	6.40	7.10	5661145	40023100.00
2018/11/16	7.39	7.41	6.84	6.93	11399298	80479256.00
2018/11/19	6.87	6.91	6.65	6.70	7239215	49312392.00
2018/11/20	6.77	6.89	6.59	6.70	5922690	40216700.00
2018/11/21	6.64	6.84	6.59	6.78	4282404	29217832.00
2018/11/22	6.83	6.83	6.50	6.59	3377659	22650044.00
2018/11/23	6.62	6.67	5.94	5.94	5192143	32729826.00
2018/11/26	5.94	6.12	5.89	5.95	3423090	20681190.00
2018/11/27	5.97	6.13	5.97	6.00	2634400	16062825.00
2018/11/28	6.05	6.46	5.74	6.33	5288243	33136414.00
2018/11/29	6.33	6.34	6.00	6.04	2769661	17287780.00
2018/11/30	6.09	6.13	5.84	6.06	2167261	13171386.00
2018/12/03	6.21	6.51	6.17	6.45	4350658	28025372.00
2018/12/04	6.39	6.43	6.26	6.35	3396200	21696888.00
2018/12/05	6.23	6.85	6.16	6.53	6521040	42812168.00
2018/12/06	6.61	6.61	6.26	6.31	3862000	24853810.00
2018/12/07	6.42	6.42	6.25	6.27	1867200	11883890.00
2018/12/10	6.19	6.26	6.12	6.18	1754604	10961903.00
2018/12/11	6.18	6.36	6.17	6.27	1483040	9354658.00
2018/12/12	6.29	6.33	6.21	6.27	1318190	8340373.00
2018/12/13	6.28	6.37	6.15	6.30	1784350	11329793.00
2018/12/14	6.28	6.34	6.00	6.03	2018600	12541051.00
2018/12/17	6.02	6.23	6.01	6.18	1569390	9739788.00
2018/12/18	6.16	6.27	5.98	6.16	1280100	7921930.00
2018/12/19	6.15	6.20	6.09	6.10	757800	4701297.00
2018/12/20	6.10	6.27	6.09	6.25	1484298	9296916.00
2018/12/21	6.24	6.32	6.15	6.22	1339400	8429073.00
2018/12/24	6.22	6.40	6.16	6.32	2020501	12876436.00
2018/12/25	6.24	6.28	5.95	6.18	1760402	10870382.00
2018/12/26	6.15	6.33	6.15	6.26	1360701	8586643.00
2018/12/27	6.32	6.39	6.09	6.11	1482800	9357889.00
2018/12/28	6.10	6.16	6.06	6.09	998050	6154683.50
2019/01/02	6.09	6.20	6.04	6.13	658950	4083687.50
2019/01/03	5.73	6.11	5.68	5.74	3398390	19861830.00
2019/01/04	5.67	5.90	5.64	5.79	2302090	13469260.00
2019/01/07	5.79	6.14	5.79	6.01	2553302	15427506.00
2019/01/08	6.20	6.45	6.13	6.24	3973900	25244128.00
2019/01/09	6.31	6.39	6.15	6.17	2862680	18087496.00
2019/01/10	6.26	6.26	6.11	6.13	1693150	10529926.00
2019/01/11	6.04	6.10	5.94	6.03	2021030	12286077.00
2019/01/14	6.04	6.07	5.93	5.96	1515200	9157638.00
2019/01/15	5.93	6.05	5.93	6.03	1540617	9333951.00
2019/01/16	6.08	6.16	6.00	6.07	1543382	9459499.00
2019/01/17	6.07	6.07	5.81	5.82	2257308	13420179.00
2019/01/18	5.81	5.88	5.76	5.82	1207082	7094227.00
2019/01/21	5.79	5.90	5.78	5.81	811100	4786007.00
2019/01/22	5.83	5.87	5.74	5.80	1057582	6188811.00
2019/01/23	5.72	5.79	5.72	5.77	670100	3899264.00
2019/01/24	5.81	5.88	5.73	5.81	1187300	6974976.00
2019/01/25	5.83	5.83	5.73	5.74	1160500	6774640.00
2019/01/28	5.74	5.83	5.44	5.52	1544092	8776166.00
2019/01/29	5.60	6.08	5.57	6.08	5295725	32398104.00
2019/01/30	5.98	6.01	5.60	5.72	6758286	39796572.00
2019/01/31	5.61	5.64	5.43	5.46	4292000	23912856.00
2019/02/01	5.39	5.89	5.39	5.59	3513150	19992644.00
2019/02/11	5.59	6.16	5.58	6.16	7118848	43428096.00
2019/02/12	6.04	6.34	5.99	6.27	11716070	73304736.00
2019/02/13	6.25	6.31	6.09	6.27	8630593	54160532.00
2019/02/14	6.24	6.26	6.17	6.19	5848505	36615960.00
2019/02/15	6.21	6.39	6.16	6.34	7908293	49987444.00
2019/02/18	6.33	6.54	6.29	6.49	8385366	54275212.00
2019/02/19	6.48	6.51	6.27	6.38	6872012	44320020.00
2019/02/20	6.36	6.39	6.23	6.31	3497602	22306022.00
2019/02/21	6.32	6.74	6.26	6.33	6007694	39145124.00
2019/02/22	6.33	6.72	6.24	6.64	8081030	53176680.00
2019/02/25	6.62	7.07	6.54	7.03	11670751	80980776.00
2019/02/26	7.04	7.04	6.74	6.77	8597121	59500816.00
2019/02/27	6.82	6.89	6.57	6.70	5862100	40026700.00
2019/02/28	6.68	6.83	6.59	6.80	3784459	25737142.00
2019/03/01	6.80	6.87	6.64	6.78	3051760	20742762.00
2019/03/04	6.85	7.09	6.76	6.82	6988416	48772676.00
2019/03/05	6.75	7.07	6.74	7.05	7670809	53933896.00
2019/03/06	7.06	7.39	6.94	7.34	10044376	72963784.00
2019/03/07	7.32	7.78	7.15	7.59	11022840	83251824.00
2019/03/08	7.39	7.91	7.27	7.34	11340025	86818056.00
2019/03/11	8.08	8.08	8.08	8.08	4101721	33388008.00
2019/03/12	8.89	8.89	8.89	8.89	6446900	57699756.00
2019/03/13	8.71	8.71	8.00	8.06	20479305	172057808.00
2019/03/14	7.84	7.87	7.39	7.52	10124360	77513648.00
2019/03/15	7.54	7.71	7.37	7.49	6534184	49803112.00
2019/03/18	7.49	7.67	7.31	7.64	5226205	39557180.00
2019/03/19	7.59	7.82	7.54	7.68	5098381	39396224.00
2019/03/20	7.65	7.83	7.47	7.74	5952811	46036068.00
2019/03/21	7.70	7.93	7.65	7.80	5772631	45497352.00
2019/03/22	7.72	7.80	7.47	7.68	5454452	41832520.00
2019/03/25	7.49	7.67	7.43	7.59	2910802	22254190.00
2019/03/26	7.60	7.71	7.22	7.34	4049102	30599530.00
2019/03/27	7.35	7.46	7.14	7.26	3103305	22694872.00
2019/03/28	7.24	7.37	7.09	7.11	3271550	23920366.00
2019/03/29	7.19	7.36	6.74	7.35	3680698	26883290.00
2019/04/01	7.36	7.68	7.36	7.63	4646700	35476080.00
2019/04/02	7.72	7.78	7.64	7.72	4385923	34048360.00
2019/04/03	7.66	8.05	7.58	8.03	7027832	55973784.00
2019/04/04	8.02	8.02	7.73	7.82	5250997	41512548.00
2019/04/08	7.82	8.02	7.56	7.64	5006085	39255764.00
2019/04/09	7.59	7.89	7.59	7.82	3126754	24490254.00
2019/04/10	7.80	7.83	7.59	7.77	2633000	20473016.00
2019/04/11	7.79	7.85	7.60	7.61	2094682	16243327.00
2019/04/12	7.56	7.77	7.56	7.72	2510203	19499878.00
2019/04/15	7.76	7.92	7.56	7.62	3566105	28007576.00
2019/04/16	7.62	7.83	7.31	7.82	4556855	34657880.00
2019/04/17	7.82	7.88	7.67	7.74	4165807	32562992.00
2019/04/18	7.71	7.79	7.55	7.57	2865957	22106884.00
2019/04/19	7.55	7.79	7.55	7.77	2975152	23071310.00
2019/04/22	7.77	7.89	7.65	7.71	3593657	28115288.00
2019/04/23	7.65	7.71	7.37	7.39	3370962	25419738.00
2019/04/24	7.42	7.56	7.32	7.54	2228350	16784286.00
2019/04/25	7.61	7.61	7.08	7.14	4071300	30094700.00
2019/04/26	7.14	7.43	6.99	7.20	3546427	25960554.00
2019/04/29	7.20	7.34	6.75	6.96	3750641	26929698.00
2019/04/30	7.12	7.13	6.84	6.94	2527419	17787230.00
2019/05/06	6.94	6.94	6.36	6.36	4833115	32347774.00
2019/05/07	6.42	6.66	6.38	6.49	2955313	19454716.00
2019/05/08	6.48	6.68	6.18	6.60	2688500	17759144.00
2019/05/09	6.55	6.61	6.36	6.42	2151000	14045774.00
2019/05/10	6.46	6.70	6.39	6.66	3191604	21315676.00
2019/05/13	6.74	7.16	6.69	6.93	3797900	26542972.00
2019/05/14	6.85	7.09	6.79	6.89	2740104	19237838.00
2019/05/15	6.97	6.97	6.84	6.89	3119645	21688550.00
2019/05/16	6.88	7.01	6.82	6.91	2216005	15469938.00
2019/05/17	6.95	7.00	6.49	6.56	2808592	19178748.00
2019/05/20	6.70	6.82	6.54	6.81	3016884	20405854.00
2019/05/21	6.89	6.97	6.68	6.85	2370762	16198280.00
2019/05/22	6.80	7.14	6.75	7.14	3746149	26295320.00
2019/05/23	7.30	7.83	6.88	7.32	8472845	61701424.00
2019/05/24	6.82	7.05	6.60	6.60	5990387	40603300.00
2019/05/27	6.63	6.81	6.35	6.77	3382581	22410074.00
2019/05/28	6.72	7.45	6.72	7.45	11369856	83909752.00
2019/05/29	7.65	7.95	7.23	7.74	20234889	151748048.00
2019/05/30	7.50	7.58	7.28	7.45	10073258	74750488.00
2019/05/31	7.39	7.59	7.26	7.30	8127810	60496108.00
2019/06/03	7.42	7.80	7.32	7.55	13418325	101540216.00
2019/06/04	7.29	7.46	7.10	7.30	8471823	61467988.00
2019/06/05	7.40	7.52	7.13	7.40	6177025	45052368.00
2019/06/06	7.40	7.40	6.66	6.70	7537175	52279860.00
2019/06/10	6.68	6.85	6.53	6.76	4568950	30792016.00
2019/06/11	6.77	6.93	6.58	6.91	5790037	39391652.00
2019/06/12	6.84	7.10	6.78	6.82	5765053	39803860.00
2019/06/13	6.64	6.95	6.64	6.85	4102001	28031982.00
2019/06/14	6.88	7.04	6.60	6.70	5170650	35125972.00
2019/06/17	6.63	6.75	6.30	6.45	5339899	34493016.00
2019/06/18	6.44	6.52	6.33	6.42	2061321	13264557.00
2019/06/19	6.51	6.65	6.48	6.49	2657676	17401582.00
2019/06/20	6.45	6.67	6.29	6.62	4120080	26819002.00
2019/06/21	6.96	7.21	6.77	6.88	9374637	65279192.00
2019/06/24	6.91	7.46	6.80	7.16	11650804	83830200.00
2019/06/25	7.09	7.24	6.62	7.00	7395834	51448444.00
2019/06/26	6.89	7.23	6.82	6.99	5483899	38629136.00
2019/06/27	7.03	7.05	6.78	6.89	4750753	32822744.00
2019/06/28	6.89	7.16	6.84	6.94	5096000	35629428.00
2019/07/01	7.10	7.21	6.92	7.11	6250319	44319000.00
2019/07/02	7.18	7.18	7.03	7.07	3841579	27213226.00
2019/07/03	7.06	7.08	6.80	6.91	3334040	23024506.00
2019/07/04	6.87	7.05	6.72	7.05	4276065	29550688.00
2019/07/05	7.00	7.07	6.83	6.90	3576200	24661272.00
2019/07/08	6.88	6.88	6.55	6.60	3310100	22119256.00
2019/07/09	6.60	6.77	6.60	6.72	1811200	12118900.00
2019/07/10	6.74	6.78	6.62	6.66	1612200	10792567.00
2019/07/11	6.67	6.73	6.60	6.63	1891600	12584273.00
2019/07/12	6.63	6.69	6.60	6.64	1044310	6943698.50
2019/07/15	6.68	7.22	6.65	6.92	3877435	26762264.00
2019/07/16	6.91	6.98	6.82	6.92	2301000	15833650.00
2019/07/17	6.92	6.94	6.79	6.84	2310440	15886606.00
2019/07/18	6.84	6.88	6.71	6.78	1787200	12101737.00
2019/07/19	6.59	6.86	6.59	6.79	1943849	13140181.00
2019/07/22	6.67	6.77	6.55	6.58	1958448	12962521.00
2019/07/23	6.56	6.67	6.55	6.63	983500	6523713.00
2019/07/24	6.71	6.89	6.66	6.76	1853179	12567449.00
2019/07/25	6.77	6.88	6.75	6.85	1629400	11121185.00
2019/07/26	6.88	6.91	6.80	6.89	1857470	12764366.00
2019/07/29	6.90	6.97	6.80	6.95	1653899	11438529.00
2019/07/30	6.91	7.03	6.90	6.93	1854400	12910151.00
2019/07/31	6.91	6.96	6.86	6.95	1625600	11241271.00
2019/08/01	6.92	7.03	6.90	6.90	1601300	11126672.00
2019/08/02	6.72	6.89	6.66	6.88	2151370	14520866.00
2019/08/05	6.84	6.94	6.71	6.74	1722100	11771698.00
2019/08/06	6.50	6.65	6.21	6.54	2727799	17757758.00
2019/08/07	6.53	6.66	6.40	6.43	1878100	12227387.00
2019/08/08	6.46	6.57	6.40	6.48	1356000	8824389.00
2019/08/09	6.56	6.58	6.40	6.46	1495451	9695958.00
2019/08/12	6.40	6.52	6.36	6.52	1266630	8174425.50
2019/08/13	6.46	6.50	6.35	6.42	1463298	9373959.00
2019/08/14	6.49	6.55	6.35	6.45	1372450	8888754.00
2019/08/15	6.40	6.45	6.22	6.41	2556400	16135964.00
2019/08/16	6.36	6.59	6.33	6.53	2084237	13549723.00
2019/08/19	6.78	6.87	6.64	6.79	3981540	26967616.00
2019/08/20	6.77	7.28	6.77	6.89	5650123	39567716.00
2019/08/21	6.89	7.03	6.78	6.90	3336865	23038436.00
2019/08/22	6.87	7.28	6.87	7.11	6852387	48700516.00
2019/08/23	7.03	7.14	6.98	7.11	4204369	29696966.00
2019/08/26	6.81	7.11	6.81	7.09	3334200	23203970.00
2019/08/27	7.11	7.22	7.04	7.05	4152909	29597508.00
2019/08/28	7.09	7.21	7.03	7.06	4834205	34457492.00
2019/08/29	7.21	7.21	7.03	7.07	3619453	25705272.00
2019/08/30	7.07	7.33	6.88	6.96	5915486	42354500.00
2019/09/02	7.00	7.25	6.91	7.24	4970448	35691960.00
2019/09/03	7.28	7.29	7.17	7.22	4179860	30212992.00
2019/09/04	7.26	7.37	7.16	7.30	4298599	31182512.00
2019/09/05	7.34	7.46	7.22	7.33	5136240	37744504.00
2019/09/06	7.33	7.44	7.31	7.43	3764748	27807440.00
2019/09/09	7.43	7.55	7.37	7.55	5163423	38656592.00
2019/09/10	7.52	7.62	7.38	7.49	4821909	36155228.00
2019/09/11	7.71	7.71	7.40	7.41	4647576	35076180.00
2019/09/12	7.51	7.63	7.40	7.53	3810756	28552702.00
2019/09/16	7.55	7.69	7.42	7.56	6006540	45418488.00
2019/09/17	7.52	7.53	7.17	7.24	5061370	36957568.00
2019/09/18	7.20	7.69	7.20	7.46	6219171	46438176.00
2019/09/19	7.37	7.47	7.25	7.38	4306717	31577858.00
2019/09/20	7.39	7.51	7.28	7.38	4187117	30894706.00
2019/09/23	7.28	7.31	7.08	7.21	3919780	28106352.00
2019/09/24	7.16	7.93	7.16	7.61	9001496	68693688.00
2019/09/25	7.62	7.71	7.30	7.30	7168293	53865268.00
2019/09/26	7.31	8.03	7.31	7.84	13570474	108137648.00
2019/09/27	7.71	7.77	7.36	7.60	15665791	118032040.00
2019/09/30	7.26	7.30	6.84	6.84	8700979	60635520.00
2019/10/08	6.58	6.66	6.44	6.58	7285635	47771852.00
2019/10/09	6.51	6.61	6.46	6.61	4652632	30388666.00
2019/10/10	6.58	6.85	6.58	6.81	4626037	31220122.00
2019/10/11	6.83	6.94	6.73	6.76	3620968	24645276.00
2019/10/14	6.79	7.13	6.79	7.08	5224808	36730048.00
2019/10/15	7.13	7.21	6.97	7.20	5627056	39930512.00
2019/10/16	7.16	7.24	7.02	7.04	3554668	25229186.00
2019/10/17	7.05	7.22	7.00	7.15	2934851	20907922.00
2019/10/18	7.13	7.19	6.98	7.06	2287799	16187438.00
2019/10/21	7.33	7.72	7.11	7.30	5769639	42503500.00
2019/10/22	7.23	7.30	7.12	7.22	3452155	24867806.00
2019/10/23	7.22	7.57	7.12	7.45	6155750	45690956.00
2019/10/24	7.30	7.42	7.22	7.31	4225947	30965254.00
2019/10/25	7.31	7.95	7.29	7.80	8639396	66168880.00
2019/10/28	7.99	8.45	7.60	8.31	13719310	110381992.00
2019/10/29	8.15	8.16	7.90	8.04	7784189	62553552.00
2019/10/30	7.92	8.35	7.86	8.28	6172390	50388616.00
2019/10/31	8.21	8.53	8.01	8.08	6471629	53765836.00
2019/11/01	8.18	8.47	8.08	8.47	6853250	57180140.00
2019/11/04	8.52	8.62	8.35	8.47	6323991	53616828.00
2019/11/05	8.47	8.68	8.47	8.58	4544600	38939292.00
2019/11/06	8.65	8.65	8.42	8.51	3786123	32331316.00
2019/11/07	8.59	8.60	8.33	8.44	3063750	25910998.00
2019/11/08	8.48	8.75	8.38	8.42	3071300	26145940.00
2019/11/11	9.26	9.26	9.26	9.26	5278447	48878420.00
2019/11/12	9.45	10.19	8.60	9.34	23001445	209325104.00
2019/11/13	9.02	9.14	8.41	8.46	13191876	115777072.00
2019/11/14	8.21	8.72	8.20	8.28	8595645	72632488.00
2019/11/15	8.32	9.11	8.32	9.11	6266621	56093788.00
2019/11/18	9.10	9.99	8.52	9.62	19595490	187096608.00
2019/11/19	9.55	10.29	9.45	9.74	19353529	190009120.00
2019/11/20	9.64	9.93	9.36	9.75	13902573	133930672.00
2019/11/21	9.65	9.71	9.18	9.31	9635934	90342504.00
2019/11/22	9.31	9.69	9.26	9.55	9576058	90776136.00
2019/11/25	9.25	9.39	8.61	9.02	7487200	67444080.00
2019/11/26	9.11	9.12	8.53	8.53	7290600	63975616.00
2019/11/27	8.90	9.38	8.90	9.38	5144735	47514952.00
2019/11/28	9.51	10.32	9.51	10.32	27765898	277186464.00
2019/11/29	10.40	11.35	10.37	10.72	39307289	434754016.00
数据来源:通达信
