300663 科蓝软件 日线 前复权
      日期	    开盘	    最高	    最低	    收盘	    成交量	    成交额
2017/06/08	3.81	4.59	3.81	4.59	7560	78538.20
2017/06/09	5.06	5.06	5.06	5.06	2300	26496.00
2017/06/12	5.57	5.57	5.57	5.57	8330	105541.10
2017/06/13	6.14	6.14	6.14	6.14	4702	65545.88
2017/06/14	6.76	6.76	6.76	6.76	6660	102097.80
2017/06/15	7.44	7.44	7.44	7.44	8714	146918.05
2017/06/16	8.19	8.19	8.19	8.19	31053	576033.13
2017/06/19	9.02	9.02	9.02	9.02	73649	1503176.13
2017/06/20	9.93	9.93	9.93	9.93	98291	2206633.00
2017/06/21	10.93	10.93	10.93	10.93	289942	7161567.50
2017/06/22	12.04	12.04	12.04	12.04	1269730	34498564.00
2017/06/23	12.41	12.82	11.54	11.60	19797962	544294272.00
2017/06/26	11.15	11.81	10.85	11.03	13034264	328382112.00
2017/06/27	10.95	11.74	10.87	11.03	11549868	293783456.00
2017/06/28	10.81	10.81	10.35	10.40	9074765	215953904.00
2017/06/29	10.49	10.59	10.32	10.38	4983055	117729504.00
2017/06/30	10.27	10.83	10.18	10.55	7514641	179546928.00
2017/07/03	10.48	10.65	10.43	10.60	3848101	91764680.00
2017/07/04	10.67	11.50	10.53	11.15	10768924	266870016.00
2017/07/05	11.18	12.27	11.15	12.27	7048637	188058992.00
2017/07/06	12.94	13.51	12.72	13.51	18650295	550526592.00
2017/07/07	13.16	13.47	12.81	13.01	15293357	452646016.00
2017/07/10	13.01	13.45	12.08	12.14	12465839	361118336.00
2017/07/11	11.98	12.52	11.79	11.90	9221978	252736144.00
2017/07/12	12.00	12.45	11.74	12.26	8386155	230211360.00
2017/07/13	12.04	12.09	11.17	11.46	8869588	230099248.00
2017/07/14	11.30	11.50	10.89	10.93	5640149	141924672.00
2017/07/17	10.64	10.80	9.83	9.83	6833870	156274768.00
2017/07/18	9.55	9.94	9.36	9.75	5164114	112659480.00
2017/07/19	9.68	9.75	9.19	9.71	4803423	103605872.00
2017/07/20	9.63	10.03	9.55	9.55	4977086	110347880.00
2017/07/21	9.51	9.95	9.38	9.64	4642172	102334088.00
2017/07/24	9.49	9.88	9.06	9.78	4403906	94995112.00
2017/07/25	9.70	9.99	9.68	9.97	4084213	90796056.00
2017/07/26	9.94	10.08	9.40	9.57	5113592	112445536.00
2017/07/27	9.56	10.34	9.46	10.18	6700206	150859424.00
2017/07/28	10.03	10.12	9.82	9.84	4882808	109662672.00
2017/07/31	9.80	10.03	9.64	9.78	3600979	80178768.00
2017/08/01	9.77	9.84	9.46	9.61	3675523	79825616.00
2017/08/02	9.54	9.67	9.23	9.24	3460177	73863416.00
2017/08/03	9.18	9.50	9.13	9.21	2796394	58883848.00
2017/08/04	9.24	9.35	8.84	8.91	3238730	66630780.00
2017/08/07	8.93	9.17	8.93	9.02	2012729	41250116.00
2017/08/08	8.99	9.45	8.79	9.32	4933296	102009048.00
2017/08/09	9.20	9.21	8.97	9.05	2833549	58154252.00
2017/08/10	8.88	9.09	8.84	8.90	1910424	38682792.00
2017/08/11	8.91	9.11	8.80	8.81	2200452	44509264.00
2017/08/14	8.84	9.09	8.80	9.04	2374108	48381548.00
2017/08/15	9.35	9.90	9.33	9.60	5965601	129398304.00
2017/08/16	9.60	10.08	9.46	9.95	6400563	142254192.00
2017/08/17	9.82	10.60	9.60	10.38	8198839	187534448.00
2017/08/18	10.23	10.32	9.91	9.96	4637753	105880192.00
2017/08/21	10.01	10.35	10.01	10.29	4218600	97327672.00
2017/08/22	10.34	10.62	10.03	10.08	4347852	101227536.00
2017/08/23	9.90	10.87	9.82	10.68	7271242	169882096.00
2017/08/24	10.65	10.94	10.18	10.27	8491788	203236704.00
2017/08/25	10.13	10.84	10.07	10.60	6063124	144116608.00
2017/08/28	10.76	11.67	10.69	11.40	10015604	255106576.00
2017/08/29	11.13	11.90	11.03	11.09	10922599	279827392.00
2017/08/30	10.92	11.41	10.59	10.86	7077781	175369488.00
2017/08/31	10.77	11.95	10.77	11.95	8870466	230123504.00
2017/09/01	12.04	13.12	11.99	12.27	12358122	345816384.00
2017/09/04	12.85	13.51	12.56	12.74	17447468	519799776.00
2017/09/05	12.57	12.62	11.66	12.40	11403016	315271520.00
2017/09/06	12.18	13.41	12.08	12.71	10387599	297694816.00
2017/09/07	12.71	13.99	12.56	13.99	17131756	530019840.00
2017/09/08	13.15	13.39	12.58	12.59	15170076	442827616.00
2017/09/11	12.57	12.66	12.11	12.61	7102794	200025200.00
2017/09/12	12.62	12.62	11.76	12.03	7962702	218896064.00
2017/09/13	12.04	12.24	11.91	12.13	3413597	93125144.00
2017/09/14	12.13	12.33	11.91	11.93	4946988	135066368.00
2017/09/15	11.87	12.04	11.63	11.65	4197137	111992952.00
2017/09/18	11.51	11.80	11.33	11.70	3257687	85107680.00
2017/09/19	11.64	12.07	11.64	11.79	3997193	107346776.00
2017/09/20	11.71	12.18	11.60	12.05	3966228	107395792.00
2017/09/21	11.99	12.61	11.96	12.10	5279422	146417072.00
2017/09/22	11.96	12.58	11.73	12.52	6895790	191530368.00
2017/09/25	12.36	13.43	12.33	12.87	8714235	253228416.00
2017/09/26	12.76	12.76	11.60	11.76	6919404	188009536.00
2017/09/27	11.53	12.15	11.53	11.91	3679573	98905736.00
2017/09/28	11.91	12.60	11.91	12.16	4262799	117991328.00
2017/09/29	12.23	12.38	11.83	12.02	3650433	98703792.00
2017/10/09	12.23	12.33	11.97	12.05	2530192	69265536.00
2017/10/10	12.08	12.98	12.04	12.81	6916637	197027936.00
2017/10/11	12.70	12.91	12.22	12.34	5107418	144248992.00
2017/10/12	12.23	12.58	11.99	12.22	3264100	90689664.00
2017/10/13	12.09	12.60	11.83	12.43	4112439	114057488.00
2017/10/16	12.36	12.44	11.57	11.63	4408809	118655184.00
2017/10/17	11.78	11.82	11.59	11.68	1738436	45941756.00
2017/10/18	11.69	11.81	11.06	11.10	3168657	81555496.00
2017/10/19	11.00	11.42	10.98	11.14	2076564	52380052.00
2017/10/20	11.16	11.36	11.12	11.30	1280857	32548562.00
2017/10/23	11.19	11.63	11.19	11.59	1696897	43906968.00
2017/10/24	11.54	11.66	11.14	11.50	1833605	47333048.00
2017/10/25	11.47	11.64	11.42	11.63	1846540	48235280.00
2017/10/26	11.65	11.65	11.38	11.51	1768900	46002620.00
2017/10/27	11.48	11.72	11.48	11.55	1944260	50988548.00
2017/10/30	11.46	11.63	10.80	10.83	2167973	54285140.00
2017/10/31	10.78	11.01	10.75	10.93	1210420	29793858.00
2017/11/01	10.94	11.39	10.87	11.21	2081706	52631900.00
2017/11/02	11.22	11.51	11.14	11.19	1421466	36378092.00
2017/11/03	11.17	11.40	10.93	11.05	1277147	32153236.00
2017/11/06	11.20	11.82	11.15	11.60	3665643	95807224.00
2017/11/07	11.54	11.74	11.43	11.68	2850986	74545976.00
2017/11/08	11.60	11.87	11.60	11.72	2840593	75369704.00
2017/11/09	11.72	12.22	11.65	12.07	3840091	104064824.00
2017/11/10	12.07	12.16	11.85	11.98	2843655	77051400.00
2017/11/13	12.03	12.05	11.78	11.88	2066938	55447872.00
2017/11/14	11.88	12.23	11.79	11.91	3297878	89567952.00
2017/11/15	11.91	12.16	11.73	11.76	2574860	69322488.00
2017/11/16	11.76	11.76	11.12	11.22	2634500	67752776.00
2017/11/17	11.18	11.23	10.09	10.09	3718926	88469928.00
2017/11/20	10.13	10.30	9.87	10.22	1312239	30045030.00
2017/11/21	10.22	10.24	9.67	9.93	1784640	40190480.00
2017/11/22	9.87	10.18	9.87	9.99	1115980	25254426.00
2017/11/23	9.91	10.15	9.55	9.64	1355252	30451756.00
2017/11/24	9.65	9.81	9.59	9.59	1324940	28986886.00
2017/11/27	9.54	9.68	9.11	9.20	1319932	27837712.00
2017/11/28	9.20	9.41	9.18	9.39	1634093	34311324.00
2017/11/29	9.35	10.30	9.35	9.60	2290993	49792368.00
2017/11/30	9.66	9.73	9.42	9.53	1449500	31368328.00
2017/12/01	9.52	9.67	9.43	9.53	1148279	24839754.00
2017/12/04	9.44	9.50	9.11	9.21	1673700	34973796.00
2017/12/05	9.21	9.82	8.84	9.01	1586738	33398802.00
2017/12/06	8.94	9.15	8.76	9.09	1500700	30353888.00
2017/12/07	9.09	9.25	8.93	9.13	1089100	22413448.00
2017/12/08	9.07	9.47	9.07	9.38	1417093	29955848.00
2017/12/11	9.49	9.85	9.49	9.60	1822004	39746464.00
2017/12/12	9.51	9.58	9.18	9.20	1422987	30200966.00
2017/12/13	9.15	9.51	9.15	9.41	1012600	21473678.00
2017/12/14	9.42	9.46	9.25	9.38	938619	19868934.00
2017/12/15	9.39	9.50	9.29	9.45	955572	20333412.00
2017/12/18	9.46	9.51	9.16	9.24	931159	19562924.00
2017/12/19	9.29	9.63	9.28	9.48	1523592	32707636.00
2017/12/20	9.48	9.56	9.29	9.35	1071052	22866620.00
2017/12/21	9.20	9.43	9.18	9.35	1111524	23462912.00
2017/12/22	9.26	9.37	9.19	9.21	1107006	23140018.00
2017/12/25	9.11	9.18	8.80	9.00	1238413	25042558.00
2017/12/26	9.00	9.35	8.93	9.26	1626806	33819652.00
2017/12/27	9.20	9.34	9.20	9.20	1258698	26352568.00
2017/12/28	9.16	9.51	9.09	9.28	1348711	28474024.00
2017/12/29	9.31	9.44	9.25	9.40	1028560	21772582.00
2018/01/02	9.45	9.60	9.32	9.46	966579	20657046.00
2018/01/03	9.48	9.51	9.40	9.46	1034460	22132988.00
2018/01/04	9.47	9.50	9.31	9.31	850400	18057040.00
2018/01/05	9.42	9.91	9.37	9.53	2172100	47280148.00
2018/01/08	9.56	9.68	9.39	9.59	1563760	33748624.00
2018/01/09	9.57	9.64	9.47	9.53	1267984	27346792.00
2018/01/10	9.73	10.48	9.65	10.48	3214830	73566832.00
2018/01/11	11.42	11.54	11.01	11.54	8736172	224882448.00
2018/01/12	11.96	12.70	11.96	12.70	8536980	239191920.00
2018/01/15	13.36	13.98	13.36	13.98	4017860	124305664.00
2018/01/16	15.39	15.39	14.68	15.39	15866776	546907008.00
2018/01/17	14.68	15.28	13.84	13.84	16946616	548008896.00
2018/01/18	13.84	14.40	13.52	14.06	15107108	477652704.00
2018/01/19	13.68	15.47	13.53	14.33	21578511	728394688.00
2018/01/22	13.39	13.51	12.89	12.89	5096400	150479568.00
2018/01/23	12.18	12.84	11.80	12.30	13288695	365065280.00
2018/01/24	12.16	12.62	11.98	12.29	10679859	296471584.00
2018/01/25	12.05	13.39	11.92	12.91	14599955	415754560.00
2018/01/26	12.50	12.97	12.01	12.01	10547628	296871552.00
2018/01/29	11.91	12.94	11.58	12.59	11764892	322581184.00
2018/01/30	12.36	12.39	11.66	11.74	8140362	222149536.00
2018/01/31	11.73	12.03	11.07	11.21	7311414	189826576.00
2018/02/01	11.23	11.49	10.90	11.31	5214187	132395632.00
2018/02/02	11.36	11.74	10.99	11.38	6535719	169000160.00
2018/02/05	10.25	10.48	10.24	10.24	2386200	55460872.00
2018/02/06	9.21	9.62	9.21	9.21	8912278	187354032.00
2018/02/07	9.41	9.57	8.84	9.45	6511837	136657632.00
2018/02/08	9.45	9.79	9.30	9.49	5349610	115471360.00
2018/02/09	9.07	10.31	8.83	9.90	7380747	159402752.00
2018/02/12	9.92	10.35	9.70	10.22	6081312	138741856.00
2018/02/13	10.06	10.36	9.97	10.20	5402228	123707760.00
2018/02/14	10.08	10.30	9.65	9.72	2817915	62661284.00
2018/02/22	9.90	10.55	9.87	10.11	3563195	82330192.00
2018/02/23	9.87	10.11	9.86	10.02	3050625	68857248.00
2018/02/26	10.20	10.80	10.10	10.61	5196079	123530632.00
2018/02/27	10.56	11.68	10.56	11.68	4274026	110003904.00
2018/02/28	11.95	12.86	11.81	12.28	13837933	390703328.00
2018/03/01	11.65	13.50	11.65	12.86	12366607	344861184.00
2018/03/02	12.54	12.71	11.94	12.01	8363125	232381040.00
2018/03/05	12.07	12.69	12.07	12.35	7635005	213791072.00
2018/03/06	12.40	12.49	11.96	12.18	6380849	176201040.00
2018/03/07	12.18	12.35	11.95	12.28	5695307	156602896.00
2018/03/08	12.15	13.47	12.10	12.64	10398947	300278304.00
2018/03/09	12.63	13.20	12.22	12.77	9181342	263246304.00
2018/03/12	12.85	13.47	12.64	13.47	9689152	287802560.00
2018/03/13	13.09	14.52	12.96	13.57	10130259	310759360.00
2018/03/14	13.19	13.44	12.54	12.67	6913398	203614192.00
2018/03/15	12.42	13.21	12.25	12.84	5326856	152988368.00
2018/03/16	12.71	12.99	12.36	12.37	4046039	115812240.00
2018/03/19	12.45	12.69	12.40	12.44	3271017	92750136.00
2018/03/20	12.35	12.47	11.76	12.36	4950139	135070464.00
2018/03/21	12.67	13.52	12.54	12.60	7045897	207368896.00
2018/03/22	12.22	13.63	12.19	13.29	8753740	257781680.00
2018/03/23	12.77	12.93	11.95	11.95	6274100	176133040.00
2018/03/26	11.38	12.62	11.08	12.50	5012813	134895664.00
2018/03/27	12.49	13.27	12.47	12.99	6661983	193992432.00
2018/03/28	12.63	13.90	12.54	13.20	7941597	236202848.00
2018/03/29	13.22	13.55	12.74	12.96	5494672	162428896.00
2018/03/30	13.19	13.94	13.10	13.59	7728809	235695376.00
2018/04/02	13.83	14.41	13.31	13.68	7865618	244451744.00
2018/04/03	13.12	13.39	13.01	13.30	4635053	137997936.00
2018/04/04	13.52	13.64	13.02	13.03	3373100	101084120.00
2018/04/09	12.90	13.43	12.71	13.27	3365093	99905280.00
2018/04/10	13.36	13.36	12.40	12.86	4901433	142746128.00
2018/04/11	13.16	14.16	12.98	13.72	10150466	313912096.00
2018/04/12	13.58	15.10	13.44	15.10	11007704	357804384.00
2018/04/13	16.09	16.62	15.52	15.89	13420638	488221952.00
2018/04/16	16.02	17.49	16.02	17.49	14397860	552930240.00
2018/04/17	18.06	18.37	15.73	15.73	8779553	328479968.00
2018/04/18	14.18	15.46	14.15	14.90	12114064	397442848.00
2018/04/19	14.62	15.30	13.96	14.14	9540666	317393632.00
2018/04/20	13.89	14.39	13.10	13.34	7074893	220225024.00
2018/04/23	13.33	13.80	12.96	13.34	5187127	156894336.00
2018/04/24	13.30	14.69	13.07	14.69	7342432	229660768.00
2018/04/25	14.28	15.73	14.24	15.33	10940633	368005888.00
2018/04/26	15.97	16.87	15.34	16.13	13375709	492103200.00
2018/04/27	16.46	16.81	14.77	15.21	8990720	317117216.00
2018/05/02	14.76	15.31	14.53	14.81	4799113	160727040.00
2018/05/03	15.08	16.29	14.90	16.29	8711918	309197632.00
2018/05/04	15.97	16.81	15.61	16.41	10398824	379917184.00
2018/05/07	16.40	16.70	15.69	16.45	7792817	287047328.00
2018/05/08	16.19	16.62	15.99	16.62	6589403	243223808.00
2018/05/09	16.64	18.28	16.59	17.43	10960503	428751552.00
2018/05/10	16.95	17.20	16.27	16.97	7837873	295480224.00
2018/05/11	16.90	16.90	15.97	15.97	4500532	166667072.00
2018/05/14	16.02	16.35	15.74	16.12	3921620	141679600.00
2018/05/15	16.19	16.64	16.16	16.50	4823300	178597504.00
2018/05/16	16.28	16.67	15.80	15.90	4440300	162452240.00
2018/05/17	15.79	16.17	15.35	15.55	3699200	131213904.00
2018/05/18	15.74	15.81	15.33	15.64	2845600	99841792.00
2018/05/21	15.70	16.29	15.57	16.12	3794900	136976080.00
2018/05/22	15.99	16.72	15.84	16.62	5476780	201179184.00
2018/05/23	16.41	16.84	16.18	16.35	5482569	203684640.00
2018/05/24	16.27	16.66	16.24	16.50	3722653	138300432.00
2018/05/25	16.37	16.37	15.22	15.45	5242012	185170016.00
2018/05/28	15.39	15.39	14.54	14.54	3079183	103294856.00
2018/05/29	14.45	15.29	14.45	14.71	2807218	94864936.00
2018/05/30	14.03	14.53	13.23	13.34	3038525	95395232.00
2018/05/31	13.61	14.02	13.39	13.88	2255720	69824560.00
2018/06/01	13.74	14.04	13.21	13.47	1812505	55751056.00
2018/06/04	13.32	13.84	13.32	13.60	1333420	41104216.00
2018/06/05	13.79	14.88	13.49	14.19	5222609	112018584.00
2018/06/06	14.09	14.69	13.93	14.42	5302101	114429528.00
2018/06/07	14.25	14.40	13.74	13.78	4351262	91452240.00
2018/06/08	13.51	15.16	13.51	15.16	10257518	226414624.00
2018/06/11	14.89	15.67	14.64	15.34	10790449	248858080.00
2018/06/12	15.05	15.19	14.02	14.82	6913770	153680080.00
2018/06/13	14.53	14.93	13.62	13.99	5748736	124373992.00
2018/06/14	13.89	15.39	13.82	15.39	11626612	265422768.00
2018/06/15	15.25	15.25	14.13	14.57	11060930	245147856.00
2018/06/19	13.47	13.77	13.11	13.11	5679078	113871040.00
2018/06/20	12.23	13.50	12.23	12.97	5839351	113632912.00
2018/06/21	12.81	13.63	12.72	13.09	6206202	123365176.00
2018/06/22	12.82	13.41	12.54	13.15	4552596	89992880.00
2018/06/25	13.28	13.51	13.09	13.33	4434564	88761856.00
2018/06/26	13.07	13.93	12.81	13.63	6815937	139069536.00
2018/06/27	13.79	13.89	13.35	13.62	5060594	103336808.00
2018/06/28	13.49	13.87	13.09	13.14	4236678	86261192.00
2018/06/29	13.01	13.92	12.96	13.69	5655589	115370872.00
2018/07/02	13.72	13.95	13.14	13.34	4616304	93855008.00
2018/07/03	12.68	13.81	12.09	13.41	8994972	174541536.00
2018/07/04	12.92	13.21	12.37	12.41	5621091	108355440.00
2018/07/05	12.13	12.75	11.82	11.82	4009298	74711464.00
2018/07/06	11.95	12.29	11.63	11.86	4208086	75992384.00
2018/07/09	12.09	12.27	11.95	12.15	3088895	56301788.00
2018/07/10	12.25	12.74	12.05	12.65	5246051	98349232.00
2018/07/11	12.28	12.39	11.69	12.01	4496253	81903176.00
2018/07/12	12.00	12.61	11.97	12.41	4397786	81841368.00
2018/07/13	12.25	12.48	12.07	12.09	3428907	63262280.00
2018/07/16	12.20	12.47	11.97	12.33	3035975	56106792.00
2018/07/17	12.22	12.49	12.21	12.41	3741452	69724640.00
2018/07/18	12.35	12.62	12.21	12.21	3681884	68968456.00
2018/07/19	12.02	12.31	11.69	11.74	2948032	52872784.00
2018/07/20	11.74	12.29	11.70	12.19	3596213	65415620.00
2018/07/23	12.51	12.59	12.19	12.30	4086868	76267616.00
2018/07/24	12.02	12.43	12.02	12.30	3681329	68072496.00
2018/07/25	12.31	12.78	12.21	12.59	6444727	122289288.00
2018/07/26	12.55	12.69	12.07	12.11	4288114	79097144.00
2018/07/27	11.62	11.63	10.90	10.90	6698694	111930752.00
2018/07/30	10.43	10.60	9.85	10.00	5715766	86765400.00
2018/07/31	10.05	10.25	9.93	10.07	2629043	39960372.00
2018/08/01	10.07	10.17	9.69	9.73	2730431	40841384.00
2018/08/02	10.03	10.17	9.49	9.91	3820269	56817292.00
2018/08/03	9.81	9.89	9.41	9.42	2203204	32106088.00
2018/08/06	9.39	9.68	9.32	9.44	2148335	30733422.00
2018/08/07	9.67	9.71	9.30	9.69	2510340	36274656.00
2018/08/08	9.69	9.69	9.23	9.29	2278070	32422664.00
2018/08/09	9.24	10.22	9.17	9.86	5397105	80008672.00
2018/08/10	9.69	10.05	9.67	9.95	3410881	50800788.00
2018/08/13	9.73	10.34	9.63	10.22	4104005	62080176.00
2018/08/14	10.13	10.19	9.91	9.99	2786884	42050860.00
2018/08/15	9.95	10.03	9.59	9.62	2093849	30923468.00
2018/08/16	9.49	9.94	9.41	9.71	2686112	39549852.00
2018/08/17	9.68	10.62	9.68	9.85	3995650	60763980.00
2018/08/20	9.51	10.22	9.51	10.20	4928785	74046208.00
2018/08/21	10.10	10.95	9.97	10.78	8235760	130769880.00
2018/08/22	10.45	10.61	10.16	10.25	4871352	76423792.00
2018/08/23	10.34	10.45	10.09	10.36	3859005	60173800.00
2018/08/24	10.23	10.48	10.09	10.12	2734913	42337544.00
2018/08/27	10.01	10.49	10.01	10.33	2734455	42379456.00
2018/08/28	10.39	10.83	10.29	10.57	5398799	85925224.00
2018/08/29	10.49	10.79	10.43	10.59	3696266	59251624.00
2018/08/30	10.41	10.59	10.06	10.07	3198708	49537120.00
2018/08/31	10.13	10.48	10.12	10.23	3114585	48346492.00
2018/09/03	10.29	10.71	9.97	10.62	4623932	72382720.00
2018/09/04	10.64	10.87	10.35	10.75	6292793	100654312.00
2018/09/05	10.67	10.72	10.29	10.35	4170430	66012776.00
2018/09/06	11.39	11.39	11.39	11.39	3222250	55293808.00
2018/09/07	11.95	12.54	11.81	12.20	20570338	381189696.00
2018/09/10	11.59	11.74	11.00	11.06	13142289	225078384.00
2018/09/11	11.11	11.55	10.89	11.45	8747494	148793504.00
2018/09/12	11.25	11.89	11.17	11.41	7878674	136016272.00
2018/09/13	11.59	11.87	11.29	11.80	9257820	162197280.00
2018/09/14	11.62	11.76	10.99	11.19	7377206	126735176.00
2018/09/17	11.08	11.41	10.85	11.30	5171895	87384024.00
2018/09/18	11.03	11.53	11.03	11.49	5208827	88729008.00
2018/09/19	11.35	11.94	11.15	11.62	8212409	143004640.00
2018/09/20	11.52	11.58	11.19	11.29	5050168	86489488.00
2018/09/21	11.29	11.45	11.15	11.31	3666901	62372628.00
2018/09/25	11.19	11.61	11.13	11.58	4879334	84210376.00
2018/09/26	11.53	11.57	11.29	11.39	3583289	61650456.00
2018/09/27	11.32	11.79	11.32	11.40	4684404	81342776.00
2018/09/28	11.29	11.55	10.95	11.13	4276237	71680096.00
2018/10/08	10.89	10.89	10.01	10.03	4719248	72997392.00
2018/10/09	10.01	10.19	9.69	9.94	3146141	47062092.00
2018/10/10	9.95	10.03	9.79	10.01	2074481	31147960.00
2018/10/11	9.45	9.61	9.00	9.00	3726858	51906460.00
2018/10/12	8.85	9.24	8.55	9.11	3176445	43060808.00
2018/10/15	9.07	9.29	8.95	9.03	2222168	30614172.00
2018/10/16	9.02	9.25	8.81	8.91	2171621	29590756.00
2018/10/17	9.15	9.44	8.93	9.37	4051737	56443016.00
2018/10/18	9.19	9.55	8.95	9.24	3983809	55585004.00
2018/10/19	8.92	9.69	8.84	9.65	4484601	63913104.00
2018/10/22	9.65	10.20	9.59	10.03	6028323	90810408.00
2018/10/23	10.07	10.47	9.83	9.90	5340593	80933064.00
2018/10/24	9.81	9.96	9.58	9.59	2955870	43407784.00
2018/10/25	9.09	9.48	9.01	9.39	2438678	34108420.00
2018/10/26	9.65	9.86	9.39	9.43	2515038	36223992.00
2018/10/29	9.50	9.68	9.32	9.33	1919679	27562332.00
2018/10/30	9.35	9.48	9.01	9.42	2619199	36704276.00
2018/10/31	9.36	9.67	9.36	9.53	2499286	35889216.00
2018/11/01	9.65	9.97	9.62	9.71	4271199	62742068.00
2018/11/02	9.89	10.02	9.72	10.02	4797871	71763704.00
2018/11/05	9.94	10.10	9.64	9.93	4517377	67166616.00
2018/11/06	9.85	10.12	9.55	9.91	4199694	62120168.00
2018/11/07	9.83	10.07	9.76	9.94	4164127	62484040.00
2018/11/08	10.04	10.05	9.70	9.73	3090140	45829204.00
2018/11/09	9.75	9.88	9.59	9.59	2053640	30110924.00
2018/11/12	9.47	10.01	9.47	9.93	3637894	53968996.00
2018/11/13	9.87	10.09	9.74	9.99	4710990	70768648.00
2018/11/14	10.01	10.07	9.84	9.94	3750602	56115280.00
2018/11/15	9.94	10.51	9.89	10.40	6921832	106418784.00
2018/11/16	10.37	10.52	10.21	10.43	4767551	74462192.00
2018/11/19	10.79	11.13	10.49	10.56	7414506	120317216.00
2018/11/20	10.40	10.81	10.27	10.31	3947975	62657824.00
2018/11/21	10.23	10.28	9.92	10.17	3342644	50864884.00
2018/11/22	10.29	11.06	10.29	10.65	8216879	132537448.00
2018/11/23	10.68	11.00	10.29	10.93	7676337	124542504.00
2018/11/26	10.96	11.01	10.40	10.67	4527920	72539056.00
2018/11/27	10.75	10.88	10.50	10.78	4063745	65724924.00
2018/11/28	10.77	10.94	10.55	10.94	3839513	62249752.00
2018/11/29	10.94	11.05	10.35	10.36	3612734	58151808.00
2018/11/30	10.28	10.47	10.09	10.35	2072074	32118374.00
2018/12/03	10.59	10.75	10.49	10.73	2990724	47861180.00
2018/12/04	10.72	10.75	10.51	10.59	2380568	38071580.00
2018/12/05	10.43	10.59	10.35	10.43	1741808	27502112.00
2018/12/06	10.35	10.43	9.95	9.97	2577951	39541192.00
2018/12/07	9.99	10.14	9.77	9.83	1533013	22918086.00
2018/12/10	9.69	9.89	9.69	9.82	1125324	16627281.00
2018/12/11	9.92	9.95	9.73	9.79	917902	13576998.00
2018/12/12	9.83	9.87	9.55	9.67	1429692	20846246.00
2018/12/13	9.73	9.83	9.57	9.77	1462359	21437014.00
2018/12/14	9.77	9.77	9.23	9.30	2333108	33185022.00
2018/12/17	9.23	9.35	9.16	9.25	1684167	23494462.00
2018/12/18	9.15	9.46	9.15	9.30	1948712	27326600.00
2018/12/19	9.39	9.45	9.29	9.33	1751904	24739136.00
2018/12/20	9.30	10.02	9.30	9.90	3495488	50658488.00
2018/12/21	9.69	9.84	9.55	9.65	2626970	38353800.00
2018/12/24	9.57	9.77	9.53	9.64	1680017	24460596.00
2018/12/25	9.49	9.78	9.21	9.74	2854492	40745008.00
2018/12/26	9.67	9.81	9.62	9.63	1932979	28316514.00
2018/12/27	9.81	9.83	9.22	9.22	2275345	32612714.00
2018/12/28	9.29	9.40	9.15	9.19	1507472	21029892.00
2019/01/02	9.21	9.37	9.13	9.17	1325634	18445526.00
2019/01/03	9.15	9.24	8.89	8.97	1421446	19450914.00
2019/01/04	8.84	9.32	8.84	9.25	2119128	29239204.00
2019/01/07	9.33	9.52	9.27	9.44	2117749	30073974.00
2019/01/08	9.41	9.48	9.19	9.26	1998534	28033324.00
2019/01/09	9.31	9.51	9.26	9.31	2508812	35579560.00
2019/01/10	9.31	9.39	9.19	9.21	1748229	24447704.00
2019/01/11	9.33	9.45	9.23	9.37	1728954	24362812.00
2019/01/14	9.41	9.54	9.34	9.39	1897319	26935616.00
2019/01/15	9.39	9.48	9.22	9.44	2234441	31649584.00
2019/01/16	9.45	10.39	9.45	9.85	9769945	148627920.00
2019/01/17	9.63	10.62	9.41	10.31	10201935	152776128.00
2019/01/18	9.97	10.11	9.83	10.01	5646527	84933736.00
2019/01/21	9.96	10.08	9.72	9.84	3703917	55317224.00
2019/01/22	9.82	10.01	9.76	9.87	2437718	36350460.00
2019/01/23	9.80	9.89	9.53	9.71	2961397	43088772.00
2019/01/24	9.71	10.07	9.59	9.74	3138868	46475612.00
2019/01/25	9.70	9.87	9.49	9.51	2689813	39340972.00
2019/01/28	9.69	10.06	9.61	9.67	4386230	65096580.00
2019/01/29	9.60	10.10	9.59	10.03	5191224	77126176.00
2019/01/30	9.82	9.93	9.11	9.15	4531198	64469032.00
2019/01/31	9.22	9.34	8.91	8.93	2770935	37975364.00
2019/02/01	9.01	9.33	8.96	9.29	1699203	23577968.00
2019/02/11	9.41	9.66	9.32	9.62	2864714	41129644.00
2019/02/12	9.67	9.79	9.57	9.70	2894313	42170484.00
2019/02/13	9.71	10.06	9.67	9.93	3977258	59346096.00
2019/02/14	9.93	10.04	9.79	9.92	3251778	48569444.00
2019/02/15	9.90	10.32	9.89	10.03	4375754	66771744.00
2019/02/18	10.08	10.93	10.08	10.63	5937654	94694640.00
2019/02/19	10.67	11.42	10.57	10.93	7364236	121129096.00
2019/02/20	11.29	11.43	10.67	10.73	4831787	79689608.00
2019/02/21	10.76	11.11	10.64	10.73	4785028	78659936.00
2019/02/22	10.75	11.72	10.74	11.66	7491499	128052744.00
2019/02/25	12.83	12.83	12.55	12.83	7252224	139795392.00
2019/02/26	13.95	14.11	12.83	13.05	16060191	328318144.00
2019/02/27	12.81	13.71	12.77	13.16	8915288	178881968.00
2019/02/28	13.27	13.67	12.95	13.22	5122426	103206984.00
2019/03/01	13.02	13.77	13.02	13.59	6391644	129262816.00
2019/03/04	13.99	14.60	13.55	13.59	9913625	209271808.00
2019/03/05	13.42	14.47	13.39	14.29	9090584	192440448.00
2019/03/06	14.29	14.90	13.99	14.77	8542901	185907504.00
2019/03/07	14.79	15.28	14.15	14.97	9326122	207801824.00
2019/03/08	14.49	14.79	13.65	13.67	8177600	175022704.00
2019/03/11	13.82	15.04	13.82	15.02	8676918	191098896.00
2019/03/12	14.81	15.92	14.43	15.15	9917165	224744560.00
2019/03/13	15.23	15.82	14.53	14.90	7703090	176369840.00
2019/03/14	14.95	15.69	14.51	15.02	7280271	165462240.00
2019/03/15	15.22	15.42	13.87	14.15	8227265	179909056.00
2019/03/18	13.83	15.57	13.83	15.57	9244909	207773136.00
2019/03/19	15.89	17.13	15.43	17.13	8632711	213451968.00
2019/03/20	18.61	18.85	17.95	18.85	6084239	170382224.00
2019/03/21	20.75	20.75	20.75	20.75	330877	10320054.00
2019/03/22	22.83	22.83	22.09	22.83	5256058	179847888.00
2019/03/25	23.17	24.82	22.15	23.55	17323888	613524480.00
2019/03/26	22.62	25.91	22.62	24.95	15599776	591025856.00
2019/03/27	24.00	27.02	22.45	25.59	19261525	709879360.00
2019/03/28	24.49	25.75	23.03	23.03	13034839	472280448.00
2019/03/29	23.86	25.33	23.49	25.33	13365261	492962976.00
2019/04/01	27.87	27.87	27.87	27.87	2634455	110330976.00
2019/04/02	30.67	30.67	26.62	28.34	15899149	705996800.00
2019/04/03	29.54	31.18	27.96	31.18	22567524	1018544576.00
2019/04/04	29.88	33.01	28.96	30.52	18952214	879800704.00
2019/04/08	30.11	33.58	30.11	33.58	14391582	693389632.00
2019/04/09	32.29	36.94	31.95	36.94	14971385	809776064.00
2019/04/10	35.98	39.77	34.29	35.82	15899611	892141440.00
2019/04/11	36.06	39.41	36.06	39.41	13850961	790565632.00
2019/04/12	40.54	43.35	36.63	39.31	18130439	1122715520.00
2019/04/15	39.97	40.53	35.37	35.37	12833682	722906240.00
2019/04/16	33.53	35.61	32.56	34.78	16144344	820298688.00
2019/04/17	34.30	36.61	34.30	35.31	12331840	657469696.00
2019/04/18	35.17	35.41	32.95	34.15	12489056	640189248.00
2019/04/19	34.82	36.62	33.83	35.61	13077767	694026112.00
2019/04/22	34.69	35.27	33.00	33.33	10410991	528449984.00
2019/04/23	32.63	34.09	31.51	32.29	10605379	521024000.00
2019/04/24	32.11	32.95	30.88	32.37	9140397	439994016.00
2019/04/25	32.62	32.95	30.19	30.19	8648616	410837056.00
2019/04/26	30.01	31.58	30.01	30.15	9475953	437842272.00
2019/04/29	30.23	32.29	30.15	30.90	11779021	551223296.00
2019/04/30	30.13	30.95	27.81	27.81	11203816	485439488.00
2019/05/06	25.49	26.06	25.02	25.02	3315700	125981976.00
2019/05/07	23.62	24.95	23.01	24.65	12790461	460397344.00
2019/05/08	24.29	26.61	23.97	24.95	11692163	445314688.00
2019/05/09	25.40	26.48	24.75	25.02	9339241	359657536.00
2019/05/10	26.19	27.41	24.05	27.29	14384733	567687168.00
2019/05/13	26.49	27.25	25.65	25.91	9578165	379065120.00
2019/05/14	25.49	26.89	25.49	25.97	7528902	297495328.00
2019/05/15	26.51	26.81	25.43	26.55	8349745	328875520.00
2019/05/16	26.37	26.75	25.16	25.63	8666513	335239264.00
2019/05/17	25.84	26.26	23.07	23.47	10629610	396671680.00
2019/05/20	23.81	25.83	23.55	25.83	10571702	396116992.00
2019/05/21	26.19	26.61	24.62	26.08	13770887	534723424.00
2019/05/22	26.44	28.07	25.95	27.41	15862047	640539008.00
2019/05/23	26.87	27.09	24.96	25.31	10996058	431443808.00
2019/05/24	24.85	26.42	24.73	25.41	7061659	272025024.00
2019/05/27	25.42	27.96	25.01	27.96	12947369	345853472.00
2019/05/28	28.54	30.17	28.25	28.98	27543591	805130304.00
2019/05/29	28.13	31.01	27.66	29.80	25154223	739715584.00
2019/05/30	29.25	30.06	28.33	29.18	17068222	498303040.00
2019/05/31	29.37	30.41	28.64	28.87	16342575	482474976.00
2019/06/03	28.48	29.43	28.19	28.93	13625344	393905952.00
2019/06/04	28.48	28.56	26.79	27.37	15086917	414372128.00
2019/06/05	27.81	27.91	25.29	25.29	14117716	375317056.00
2019/06/06	25.08	26.37	25.03	25.34	11920895	306865888.00
2019/06/10	25.00	25.34	23.03	24.14	13593702	326183232.00
2019/06/11	24.26	26.56	23.48	25.88	17100457	433801728.00
2019/06/12	25.68	26.31	24.70	24.89	13077656	332942688.00
2019/06/13	25.11	25.86	24.78	25.01	10289850	260729360.00
2019/06/14	25.27	25.66	23.86	23.98	10814036	269175328.00
2019/06/17	24.17	24.45	23.08	23.99	8755079	209433728.00
2019/06/18	24.42	26.39	23.89	26.39	15537320	402692736.00
2019/06/19	29.03	29.03	29.03	29.03	1868587	54282452.00
2019/06/20	29.03	31.94	27.58	31.94	43468262	1323819008.00
2019/06/21	33.99	35.14	32.60	35.14	24271681	837446720.00
2019/06/24	38.66	38.66	35.28	38.66	55277854	2106694272.00
2019/06/25	36.98	38.77	34.79	35.64	45112109	1651508864.00
2019/06/26	32.77	35.42	32.22	32.48	32378213	1091082624.00
2019/06/27	33.72	34.86	32.18	32.54	29872673	1004562688.00
2019/06/28	30.19	31.23	29.58	30.75	22855215	696766464.00
2019/07/01	31.86	33.17	31.28	31.60	24310523	781936256.00
2019/07/02	31.26	33.26	30.98	31.18	19978123	639434304.00
2019/07/03	31.18	31.91	30.03	30.88	15672739	482003360.00
2019/07/04	31.03	31.27	29.47	29.65	14365345	432470560.00
2019/07/05	29.86	30.18	29.23	29.82	10604594	316005600.00
2019/07/08	29.97	29.98	27.27	27.89	14341904	404209248.00
2019/07/09	28.18	28.78	27.69	28.50	12049226	341424384.00
2019/07/10	28.74	29.15	27.88	28.35	11325642	324063776.00
2019/07/11	28.68	29.21	27.48	27.83	13017155	369375520.00
2019/07/12	27.98	28.17	26.70	28.01	11629901	322327904.00
2019/07/15	27.31	30.73	26.81	29.61	20178918	591218944.00
2019/07/16	28.98	29.47	28.76	28.76	11903799	345436608.00
2019/07/17	28.38	29.18	28.13	28.15	9845688	281697920.00
2019/07/18	27.76	28.11	27.34	27.73	8502569	235133216.00
2019/07/19	28.12	28.82	27.75	28.00	9560391	270319360.00
2019/07/22	28.28	28.28	26.48	26.59	9381912	253701744.00
2019/07/23	26.64	27.37	26.64	27.29	7915181	213701104.00
2019/07/24	27.58	28.62	27.36	27.84	11117694	312405408.00
2019/07/25	28.08	28.34	27.55	27.79	7679696	214326624.00
2019/07/26	27.98	28.07	27.19	27.39	6640156	183345760.00
2019/07/29	27.56	27.67	26.84	26.98	5613216	152374160.00
2019/07/30	26.98	27.96	26.96	27.29	8237362	226980624.00
2019/07/31	27.18	27.19	26.63	26.70	6109497	163831008.00
2019/08/01	26.18	26.88	26.18	26.34	5649739	149840720.00
2019/08/02	24.98	25.63	24.49	25.16	10243064	257611776.00
2019/08/05	25.34	26.28	25.18	25.41	9486988	244828560.00
2019/08/06	24.97	25.32	23.43	24.78	11595915	282674848.00
2019/08/07	24.78	25.07	23.89	23.97	7289102	178091888.00
2019/08/08	24.19	25.02	24.19	24.48	9026913	222755968.00
2019/08/09	24.88	26.93	24.05	26.93	21005636	549015616.00
2019/08/12	27.48	29.63	27.48	29.63	32763796	954568256.00
2019/08/13	28.48	28.96	27.14	27.95	29238673	822859200.00
2019/08/14	28.41	28.66	27.75	28.09	19414796	548842048.00
2019/08/15	26.46	30.18	26.14	29.30	25877883	734860416.00
2019/08/16	28.97	29.98	28.48	28.64	22513175	657325120.00
2019/08/19	29.08	31.48	29.08	30.61	26821469	814520448.00
2019/08/20	30.37	31.67	29.76	30.03	23715929	727860736.00
2019/08/21	30.84	30.96	29.78	29.96	14633810	442090336.00
2019/08/22	29.94	29.95	28.98	29.33	12921545	379854848.00
2019/08/23	30.20	31.04	29.18	29.37	18544856	559999616.00
2019/08/26	27.64	29.13	27.64	28.64	11911422	340584544.00
2019/08/27	28.97	29.96	28.63	29.16	13893563	406586080.00
2019/08/28	29.13	30.22	28.63	29.74	17320440	513045728.00
2019/08/29	29.60	31.96	29.24	30.51	26323157	811359360.00
2019/08/30	30.48	31.64	28.67	29.00	22496057	680926336.00
2019/09/02	29.01	30.74	28.70	30.48	19406021	580477120.00
2019/09/03	30.83	31.48	30.02	30.68	20986741	643923840.00
2019/09/04	30.48	31.78	30.26	31.78	24848780	775490176.00
2019/09/05	32.98	34.96	32.98	34.96	28090343	968711296.00
2019/09/06	36.18	37.40	33.68	34.36	40033888	1435776256.00
2019/09/09	35.58	36.68	34.68	36.02	26622739	952084864.00
2019/09/10	35.99	39.58	35.39	37.53	34230971	1273181184.00
2019/09/11	37.78	37.78	35.78	35.88	19933894	727085184.00
2019/09/12	36.06	37.84	35.58	36.69	22953300	844327488.00
2019/09/16	37.34	39.42	36.98	38.16	21621972	831203840.00
2019/09/17	37.46	37.98	35.50	36.50	19204209	704087168.00
2019/09/18	36.50	36.82	34.33	34.48	17786624	625539200.00
2019/09/19	34.77	35.16	33.71	34.58	17490476	601099200.00
2019/09/20	34.68	35.14	33.98	34.65	12754056	440714784.00
2019/09/23	32.98	32.98	31.18	31.18	23532038	746458752.00
2019/09/24	30.88	31.91	30.38	31.55	22379487	697545920.00
2019/09/25	31.04	31.34	30.49	30.68	13377683	412939264.00
2019/09/26	29.67	30.03	27.68	27.79	21693090	621354688.00
2019/09/27	28.28	29.36	28.12	28.88	16824245	484092736.00
2019/09/30	29.38	29.48	27.86	27.88	10852895	309769728.00
2019/10/08	28.37	28.56	27.38	27.64	9641753	269982016.00
2019/10/09	27.49	28.33	27.39	28.33	9173504	256904992.00
2019/10/10	28.38	28.63	28.01	28.49	11668249	331156288.00
2019/10/11	28.43	30.48	28.08	29.54	19951528	584424512.00
2019/10/14	29.96	30.37	29.28	29.84	14508198	433990368.00
2019/10/15	29.42	29.43	27.71	27.87	13145957	371798528.00
2019/10/16	27.98	28.68	27.98	28.07	7466828	211131744.00
2019/10/17	27.89	28.45	27.78	27.86	5425462	152342432.00
2019/10/18	27.98	28.31	26.48	27.07	8750209	240138080.00
2019/10/21	27.15	27.85	26.23	27.62	8732876	238385264.00
2019/10/22	27.48	28.51	27.46	28.51	10701401	301529696.00
2019/10/23	28.58	28.75	27.88	27.95	7368816	208305760.00
2019/10/24	27.98	30.26	27.88	29.34	18910330	551095872.00
2019/10/25	28.87	29.64	28.60	29.10	12595650	366612064.00
2019/10/28	32.01	32.01	32.01	32.01	4267501	136688064.00
2019/10/29	34.31	34.31	29.38	29.38	34766378	1109863424.00
2019/10/30	28.48	28.97	27.84	28.00	14589170	414261792.00
2019/10/31	28.17	28.26	27.00	27.20	10329787	284967296.00
2019/11/01	27.00	27.75	26.95	27.47	6733900	184688432.00
2019/11/04	27.66	28.26	27.45	27.49	6889683	191883840.00
2019/11/05	27.73	28.73	27.58	28.40	10844097	305822336.00
2019/11/06	28.01	28.33	27.36	27.69	8222501	228625104.00
2019/11/07	27.60	28.40	27.60	28.14	8042176	226224672.00
2019/11/08	29.25	29.36	28.07	28.07	9691911	278485312.00
2019/11/11	27.54	27.87	27.08	27.21	6926462	190033280.00
2019/11/12	27.13	27.29	26.48	27.11	6246131	167909376.00
2019/11/13	26.98	27.18	26.53	26.68	5394627	144723008.00
2019/11/14	26.96	27.20	26.74	27.08	5327341	144034464.00
2019/11/15	26.78	27.72	26.66	26.97	6801159	184547920.00
2019/11/18	27.08	27.54	26.74	27.30	5464252	148714192.00
2019/11/19	27.16	27.68	27.08	27.62	6953188	191244208.00
2019/11/20	27.84	27.84	26.97	27.05	7465298	204725888.00
2019/11/21	26.68	27.11	26.59	26.79	4559266	122291848.00
2019/11/22	26.75	27.08	25.28	25.67	8305021	217496672.00
2019/11/25	25.54	25.73	24.49	24.51	6531462	162247984.00
2019/11/26	24.59	24.88	24.40	24.50	3481990	85771616.00
2019/11/27	24.63	25.68	24.25	24.95	6206833	155169200.00
2019/11/28	24.67	25.03	24.63	24.72	3301850	81942920.00
2019/11/29	24.84	25.16	24.66	24.92	3438899	85752320.00
2019/12/02	25.13	25.87	24.91	25.33	5947254	151486560.00
2019/12/03	25.17	25.70	24.89	25.65	5136646	130699992.00
2019/12/04	25.57	25.63	25.20	25.39	3513568	89201584.00
2019/12/05	25.47	25.94	25.44	25.69	6109912	156976176.00
2019/12/06	25.78	25.91	25.38	25.79	5290895	136039008.00
2019/12/09	25.84	26.62	25.69	26.25	7548510	198140288.00
2019/12/10	26.13	26.56	25.93	26.41	6325370	166087392.00
2019/12/11	26.43	27.11	26.30	26.56	7058890	188944928.00
2019/12/12	26.93	26.99	26.39	26.45	6615122	176699872.00
2019/12/13	26.98	28.16	26.64	27.65	14497167	397158560.00
2019/12/16	27.78	28.26	27.16	27.91	11674343	323645408.00
2019/12/17	27.80	29.28	27.74	28.15	14547592	413319328.00
2019/12/18	28.04	28.48	27.68	27.78	9825355	275571200.00
2019/12/19	27.87	28.24	27.48	27.59	6792587	188895360.00
2019/12/20	27.78	27.78	26.68	26.69	8030256	218443472.00
2019/12/23	26.65	26.69	25.29	25.41	7813098	203194464.00
2019/12/24	25.46	25.86	25.36	25.66	5237268	133719584.00
2019/12/25	25.76	26.22	25.61	26.12	6243185	162154240.00
2019/12/26	26.07	26.11	25.49	25.87	6171126	158851872.00
2019/12/27	26.02	26.02	25.28	25.30	5831712	149595232.00
2019/12/30	24.88	25.88	24.33	25.57	6084265	153949696.00
2019/12/31	25.59	26.06	25.44	25.47	4928922	126576000.00
2020/01/02	25.83	26.30	25.64	26.29	8188974	213595456.00
2020/01/03	26.28	26.43	25.78	26.27	7103545	185835024.00
2020/01/06	25.84	26.70	25.73	26.37	8157050	214591264.00
2020/01/07	26.77	27.47	26.49	27.33	12446805	336950688.00
2020/01/08	26.98	27.88	26.64	26.67	10739520	291756160.00
2020/01/09	27.10	27.97	27.10	27.47	11251953	310612960.00
2020/01/10	27.49	27.66	26.78	26.98	7965965	216199056.00
2020/01/13	26.78	27.25	26.50	27.22	7043819	189480976.00
2020/01/14	27.43	27.58	27.01	27.22	6854409	186827008.00
2020/01/15	27.24	28.26	27.14	27.87	14204631	396163168.00
2020/01/16	27.59	27.83	27.34	27.43	8518672	234952464.00
2020/01/17	27.49	28.20	27.37	27.52	8893805	246944000.00
2020/01/20	27.38	27.41	26.38	26.85	9039246	242322768.00
2020/01/21	26.78	26.78	25.82	25.88	7341336	192453264.00
2020/01/22	25.69	26.17	25.33	26.00	5221094	135012400.00
2020/01/23	25.94	26.58	24.85	25.38	6610132	170766672.00
2020/02/03	22.84	22.84	22.84	22.84	693500	15853410.00
2020/02/04	20.55	22.16	20.55	21.26	12454788	266160576.00
2020/02/05	21.57	22.21	21.33	21.59	8310310	181246976.00
2020/02/06	21.94	22.98	21.49	22.84	10460795	234560320.00
2020/02/07	23.38	24.24	22.81	23.58	10681116	250652224.00
2020/02/10	23.29	24.28	23.29	23.84	9271123	221451504.00
2020/02/11	23.63	23.96	23.34	23.40	5954364	140469312.00
2020/02/12	23.55	24.77	23.33	24.28	10372918	250889328.00
2020/02/13	24.28	24.94	23.95	24.43	10242421	250031632.00
2020/02/14	23.98	25.21	23.98	24.45	10116421	248330048.00
2020/02/17	25.25	25.58	24.79	25.34	12023952	303360768.00
2020/02/18	25.34	25.96	25.11	25.94	11758370	301929088.00
2020/02/19	25.97	25.97	25.21	25.25	10847436	277102272.00
2020/02/20	25.47	27.38	25.15	26.74	19456094	512170976.00
2020/02/21	26.74	29.42	26.39	29.42	22685918	636073600.00
2020/02/24	29.53	31.99	28.79	30.15	37473957	1152306432.00
2020/02/25	27.99	29.36	27.18	29.19	28431526	815013376.00
2020/02/26	28.58	28.96	26.99	27.27	16298135	457073344.00
2020/02/27	27.71	28.58	26.69	27.82	14173209	394777888.00
2020/02/28	26.08	26.88	25.04	25.04	13502654	351835968.00
2020/03/02	25.83	26.48	25.28	26.20	9535957	246942240.00
2020/03/03	26.96	27.92	26.33	26.72	11510581	312170624.00
2020/03/04	26.66	27.52	26.28	27.22	9901712	267770992.00
2020/03/05	27.78	27.96	26.86	27.24	10639804	290853856.00
2020/03/06	26.64	27.16	26.41	26.49	7620227	203365008.00
2020/03/09	25.65	25.88	24.18	24.36	11419721	284636448.00
2020/03/10	24.03	25.57	24.03	25.57	8596668	213991056.00
2020/03/11	25.92	25.94	24.78	24.78	7043459	178590752.00
2020/03/12	24.11	24.73	24.09	24.24	5255679	128096248.00
2020/03/13	22.94	23.95	22.69	23.64	6896923	160749584.00
2020/03/16	24.18	24.23	21.78	21.96	7297662	167927856.00
2020/03/17	22.09	22.78	21.08	21.88	6849048	149950048.00
2020/03/18	22.20	22.56	21.46	21.53	6745146	149222832.00
2020/03/19	21.54	22.11	20.99	21.98	6955354	150277888.00
2020/03/20	22.48	22.67	21.74	22.15	5980415	132435624.00
2020/03/23	21.46	21.75	20.79	20.93	5498979	117134232.00
2020/03/24	21.43	22.28	21.05	21.91	7269541	157098672.00
2020/03/25	22.46	22.58	22.00	22.29	6050510	135081808.00
2020/03/26	22.08	22.57	21.95	22.13	5330633	118954912.00
2020/03/27	22.34	22.60	21.48	21.60	4192951	92315352.00
2020/03/30	21.03	21.26	20.61	20.84	4234515	88247096.00
2020/03/31	21.10	21.14	20.65	20.70	2970987	62131148.00
2020/04/01	20.70	21.08	20.55	20.63	2988672	62320388.00
2020/04/02	20.58	21.48	20.42	21.40	4060272	85074992.00
2020/04/03	21.23	21.43	20.84	20.93	3142204	66363972.00
2020/04/07	21.78	23.03	21.78	23.03	4186662	94465952.00
2020/04/08	23.74	23.93	22.73	22.80	12370522	288363168.00
2020/04/09	23.03	23.86	22.83	23.20	9209736	215650224.00
2020/04/10	23.03	23.10	21.86	22.14	7653220	171452144.00
2020/04/13	22.03	22.03	21.36	21.49	3921020	84646240.00
2020/04/14	21.75	22.15	21.58	22.08	3781057	82755928.00
2020/04/15	22.69	23.73	22.44	22.58	8396236	193191584.00
2020/04/16	22.98	24.80	22.70	24.49	17714072	420913184.00
2020/04/17	24.88	25.18	23.61	23.72	17486726	427942560.00
2020/04/20	23.33	24.66	23.12	24.37	12653898	305046720.00
2020/04/21	23.99	24.55	23.40	23.94	8949894	215214272.00
2020/04/22	23.49	24.48	23.43	24.21	9175179	220748128.00
2020/04/23	24.03	26.00	23.76	25.61	18667810	466477056.00
2020/04/24	24.97	25.10	23.87	23.94	11837480	290579072.00
2020/04/27	24.24	24.78	23.80	23.91	7304623	177253152.00
2020/04/28	23.53	23.90	21.94	22.96	9146438	209403104.00
2020/04/29	22.93	23.36	22.69	22.71	4331003	99682448.00
2020/04/30	23.03	23.68	22.87	23.42	6126626	143019792.00
2020/05/06	23.02	23.97	23.02	23.86	6934976	163675632.00
2020/05/07	23.94	24.01	23.21	23.26	6371900	149925376.00
2020/05/08	23.71	24.36	23.59	24.26	10435794	251877632.00
2020/05/11	24.27	24.63	23.89	24.25	6592608	160062560.00
2020/05/12	24.03	24.25	23.40	23.93	5125177	121803784.00
2020/05/13	23.77	24.56	23.61	24.49	6642456	160897856.00
2020/05/14	24.18	24.83	23.88	24.11	6347578	154605312.00
2020/05/15	24.20	24.43	23.99	24.07	4883288	118342968.00
2020/05/18	23.83	24.16	22.86	22.88	7129452	165372784.00
2020/05/19	23.20	23.22	22.79	22.98	3584937	82376736.00
2020/05/20	22.79	22.91	22.44	22.52	3864580	87410640.00
2020/05/21	22.62	22.78	21.95	22.12	3434933	76552376.00
2020/05/22	22.23	22.23	21.38	21.62	3681653	80001320.00
2020/05/25	21.68	22.13	21.39	21.91	2461724	53633392.00
2020/05/26	22.05	22.36	21.99	22.14	2792382	61850440.00
2020/05/27	22.14	22.19	21.48	21.54	2978026	64801968.00
2020/05/28	21.58	21.81	21.08	21.66	2823213	60647444.00
2020/05/29	21.57	21.76	21.40	21.45	2054116	44374816.00
2020/06/01	21.90	22.41	21.80	22.28	5101403	113016624.00
2020/06/02	22.23	22.46	22.01	22.10	3447478	76463936.00
2020/06/03	22.48	22.49	21.96	21.97	4055073	89925928.00
2020/06/04	21.77	21.77	21.03	21.15	7154555	152165984.00
2020/06/05	21.12	21.40	20.97	21.36	3488136	74186064.00
2020/06/08	21.37	22.12	21.37	21.89	5035125	110336720.00
2020/06/09	22.03	22.34	21.70	22.20	3683621	80952280.00
2020/06/10	22.03	22.18	21.81	21.98	2531754	55734624.00
2020/06/11	21.99	22.53	21.99	22.10	5872427	130948296.00
2020/06/12	21.48	22.52	21.48	22.33	8518460	189330064.00
2020/06/15	22.36	22.44	21.68	21.76	6493864	143857088.00
2020/06/16	21.96	23.94	21.84	23.94	16083771	366334304.00
2020/06/17	24.47	26.34	24.19	26.03	36183506	927840960.00
2020/06/18	25.35	25.98	24.40	25.55	20135775	507190464.00
2020/06/19	25.68	26.25	25.01	25.69	12805060	329071904.00
2020/06/22	25.98	26.38	25.48	25.90	13464280	348925920.00
2020/06/23	26.18	28.48	26.18	27.00	21867878	593805440.00
2020/06/24	26.80	27.39	25.88	26.14	13912393	369970720.00
2020/06/29	26.61	26.98	24.98	25.17	12755029	328816352.00
2020/06/30	25.44	27.69	25.22	27.69	21109615	569393024.00
2020/07/01	27.57	27.79	26.63	27.17	17391541	472255072.00
2020/07/02	27.23	28.88	26.63	28.21	18580982	514599584.00
2020/07/03	27.96	28.76	27.64	28.35	16571002	467115456.00
2020/07/06	28.08	30.96	28.08	30.48	19839050	591579136.00
2020/07/07	30.28	32.47	28.69	30.24	27590007	843273024.00
2020/07/08	29.83	33.26	29.80	32.71	23309602	748892096.00
2020/07/09	32.28	35.98	32.26	35.98	20726105	734724736.00
2020/07/10	35.98	37.48	34.18	34.83	22960151	814805888.00
2020/07/13	35.16	38.32	35.16	36.09	29190588	1080869248.00
2020/07/14	35.98	38.83	34.68	37.48	23123503	851272896.00
2020/07/15	37.18	37.87	33.96	34.68	19443983	691965568.00
2020/07/16	34.98	35.92	31.50	32.00	17139906	582129472.00
2020/07/17	32.15	32.90	30.83	31.27	14869603	471719072.00
2020/07/20	31.70	31.96	30.36	31.60	13266894	413670336.00
2020/07/21	34.76	34.76	32.81	33.18	27572725	928001216.00
2020/07/22	32.00	36.50	31.50	36.03	32709273	1118103936.00
2020/07/23	34.60	35.50	33.15	34.09	21627711	743228160.00
2020/07/24	33.87	34.60	30.78	30.96	16791755	545398016.00
数据来源:通达信
