300136 信维通信 日线 前复权
      日期	    开盘	    最高	    最低	    收盘	    成交量	    成交额
2015/09/02	12.09	13.57	11.53	11.71	12261693	242078512.00
2015/09/07	12.36	12.68	11.93	12.26	9651232	193639456.00
2015/09/08	12.03	13.50	11.95	13.50	7670859	157274928.00
2015/09/09	14.21	14.71	13.78	14.38	10028946	232877104.00
2015/09/10	14.21	15.15	13.68	14.55	7908400	186871936.00
2015/09/11	14.78	14.96	14.09	14.48	6159921	144782576.00
2015/09/14	14.59	14.83	13.01	13.01	8260200	181513296.00
2015/09/15	12.25	12.84	11.76	11.84	9355035	187063504.00
2015/09/16	11.81	13.04	11.81	13.04	6419146	130084072.00
2015/09/17	13.28	14.36	13.23	13.84	13772665	312328032.00
2015/09/18	14.11	14.95	13.65	14.79	11810847	274716096.00
2015/09/21	14.53	16.22	14.29	16.10	10945921	279343168.00
2015/09/22	16.21	16.65	15.64	16.09	11608804	303272896.00
2015/09/23	15.78	16.42	15.55	16.12	9971279	257430784.00
2015/09/24	16.28	16.42	15.26	15.41	9244994	235763120.00
2015/09/25	15.46	15.89	14.78	15.15	9113774	225380800.00
2015/09/28	15.21	16.62	14.85	16.45	8094669	207286576.00
2015/09/29	16.28	17.51	15.76	17.05	14550236	394876576.00
2015/09/30	17.34	17.70	16.93	17.20	8907790	249535904.00
2015/10/08	18.09	18.75	17.70	18.34	9139602	270469600.00
2015/10/09	18.46	18.65	17.62	18.18	8960867	261703312.00
2015/10/12	18.37	19.36	18.28	19.25	19508273	589780672.00
2015/10/13	18.59	18.93	17.78	17.91	19739564	581920448.00
2015/10/14	17.91	18.15	17.35	17.61	10153178	288803168.00
2015/10/15	17.77	18.93	17.61	18.91	14490785	431468256.00
2015/10/16	18.92	19.12	18.17	19.02	15113569	456285536.00
2015/10/19	18.89	18.97	17.95	18.48	13875037	409771392.00
2015/10/20	18.43	19.16	17.91	18.81	15059066	450163584.00
2015/10/21	18.54	18.69	16.91	16.91	21106346	603425728.00
2015/10/22	16.71	17.65	16.71	17.53	11542616	322769472.00
2015/10/23	17.46	17.94	17.40	17.58	11093526	315903456.00
2015/10/26	17.84	17.90	16.88	17.28	14037405	390587456.00
2015/10/27	17.26	18.59	16.84	18.28	15759955	451061472.00
2015/10/28	18.09	18.40	17.22	17.46	11330619	329215296.00
2015/10/29	17.64	17.71	17.08	17.48	6468997	181705664.00
2015/10/30	17.48	17.76	16.89	17.25	7134072	200410400.00
2015/11/02	16.83	18.10	16.76	17.36	7898330	224546064.00
2015/11/03	17.46	18.04	17.10	17.85	6741257	192207168.00
2015/11/04	17.91	18.87	17.91	18.82	13790358	413927104.00
2015/11/05	18.63	19.26	18.20	18.52	10611140	321388896.00
2015/11/06	18.33	19.25	18.30	19.15	12051072	369800384.00
2015/11/09	19.03	19.50	18.80	19.21	12145846	373572544.00
2015/11/10	19.03	19.03	18.48	18.79	13478728	406211712.00
2015/11/11	18.62	18.86	18.19	18.81	16517375	494024448.00
2015/11/12	19.09	20.71	18.48	20.40	26353836	840279360.00
2015/11/13	19.85	20.25	18.86	19.16	14434883	451942720.00
2015/11/16	18.58	19.21	18.28	19.20	10650724	322759936.00
2015/11/17	19.21	19.53	18.34	18.58	14572825	443022048.00
2015/11/18	18.59	18.62	17.66	17.81	9489454	277150528.00
2015/11/19	17.83	18.46	17.82	18.41	6425378	189422816.00
2015/11/20	18.41	19.84	18.41	18.85	8279858	251364592.00
2015/11/23	18.87	18.87	18.03	18.06	6931412	206204544.00
2015/11/24	18.08	18.40	17.96	18.23	4303671	126176168.00
2015/11/25	18.26	19.14	18.25	18.98	10136938	308646624.00
2015/11/26	19.12	19.81	18.81	19.15	10147438	315207200.00
2015/11/27	18.96	19.11	17.37	17.80	12211910	359487264.00
2015/11/30	17.77	18.15	16.40	17.90	8568563	243335216.00
2015/12/01	17.89	18.15	17.46	17.71	5054392	145605872.00
2015/12/02	17.71	17.96	16.81	17.02	5269506	147217328.00
2015/12/03	17.03	17.69	17.03	17.41	4760944	133171664.00
2015/12/04	17.40	18.08	17.35	17.58	5247308	150102400.00
2015/12/07	17.46	18.06	17.39	17.98	5370127	154121088.00
2015/12/08	17.75	18.09	17.65	17.82	4576198	131670592.00
2015/12/09	17.56	17.86	17.23	17.66	4091378	115986152.00
2015/12/10	17.76	18.08	17.53	18.03	6323622	182388528.00
2015/12/11	18.04	18.80	17.79	17.96	8553385	253230896.00
2015/12/14	17.78	17.95	17.28	17.91	6598520	186895280.00
2015/12/15	17.91	18.46	17.65	18.02	5141321	150698576.00
2015/12/16	17.96	19.84	17.96	19.84	27187791	856923584.00
2015/12/17	20.34	20.44	19.71	19.95	23686819	765266304.00
2015/12/18	19.77	20.32	19.51	19.81	12470532	401012736.00
2015/12/21	19.84	20.14	19.28	20.00	11761144	374124608.00
2015/12/22	19.83	20.20	19.37	19.61	8466587	270339744.00
2015/12/23	19.53	19.55	18.72	18.81	10541329	326665216.00
2015/12/24	18.70	19.15	18.60	19.05	6783587	206914096.00
2015/12/25	19.03	19.39	18.90	19.19	6216467	192285712.00
2015/12/28	19.15	19.26	18.37	18.62	8744674	263884080.00
2015/12/29	18.53	18.81	18.26	18.63	5334815	159811904.00
2015/12/30	18.59	19.13	18.59	18.95	8574400	261770976.00
2015/12/31	18.90	18.90	18.28	18.31	6181568	184704240.00
2016/01/04	18.28	18.46	16.91	16.91	6519082	185657328.00
2016/01/05	16.40	17.40	16.21	17.27	10521301	286129920.00
2016/01/06	17.96	18.18	17.38	17.83	7260852	207898288.00
2016/01/07	17.49	17.50	16.03	16.04	2532963	67651864.00
2016/01/08	16.84	17.03	14.96	16.43	11962411	312018080.00
2016/01/11	15.87	16.63	14.77	14.77	17624288	442908832.00
2016/01/12	14.71	15.39	13.90	14.78	11580516	273174944.00
2016/01/13	14.85	15.08	14.10	14.12	5180140	122518872.00
2016/01/14	13.79	15.55	13.46	15.45	12027983	282607232.00
2016/01/15	15.26	15.76	14.81	14.93	5563712	137347056.00
2016/01/18	14.53	16.28	14.53	15.71	7802589	196015136.00
2016/01/19	15.78	16.59	15.68	16.39	10318936	272333088.00
2016/01/20	16.15	16.55	15.79	16.10	6609969	173018400.00
2016/01/21	16.50	16.75	15.76	15.76	10225845	271483456.00
2016/01/22	15.71	16.58	15.62	16.40	6594848	171170464.00
2016/01/25	16.50	17.46	16.50	16.83	7721638	211236320.00
2016/01/26	16.53	17.15	15.14	15.65	7246714	191754160.00
2016/01/27	15.78	16.47	14.40	15.59	11053500	274649408.00
2016/01/28	15.46	15.76	14.53	14.70	5744278	140034752.00
2016/01/29	14.53	15.68	14.47	15.35	4460735	110234768.00
2016/02/01	15.16	15.78	15.16	15.43	3044192	76385280.00
2016/02/02	15.47	16.78	15.47	16.50	6533136	173235152.00
2016/02/03	16.09	16.86	16.00	16.69	4334150	115212272.00
2016/02/04	16.67	16.97	16.18	16.49	9467771	252834912.00
2016/02/05	16.40	16.59	16.02	16.08	5147159	134839392.00
2016/02/15	15.26	16.84	15.26	16.62	6584706	172931088.00
2016/02/16	16.66	17.53	16.66	17.34	9811706	273013408.00
2016/02/17	17.34	17.85	17.32	17.62	8221039	234447440.00
2016/02/18	17.96	18.18	17.21	17.50	4691294	132966976.00
2016/02/19	17.46	17.65	17.03	17.48	5259494	147500672.00
2016/02/22	17.81	17.91	17.21	17.68	7660994	216201280.00
2016/02/23	17.68	17.68	16.96	17.11	7203108	200915312.00
2016/02/24	17.04	17.40	16.63	17.16	7897161	217901968.00
2016/02/25	17.12	17.26	15.60	15.78	6694546	178055328.00
2016/02/26	15.78	17.06	15.78	17.03	8470297	227027584.00
2016/02/29	17.03	17.03	15.40	15.71	8214510	211509776.00
2016/03/01	15.71	16.30	14.91	15.96	6250082	159309152.00
2016/03/02	15.71	17.01	15.69	16.90	7026389	186677488.00
2016/03/03	16.90	17.34	16.75	16.96	5731219	157663488.00
2016/03/04	16.72	17.55	16.72	17.18	8818291	244721856.00
2016/03/07	17.35	18.09	17.35	17.79	10758798	309113376.00
2016/03/08	17.66	17.71	16.40	17.65	5844741	162348288.00
2016/03/09	17.64	17.64	16.90	17.15	4573615	127204584.00
2016/03/10	17.03	17.33	16.73	17.18	4772748	131520064.00
2016/03/11	16.93	17.40	16.93	17.23	3551368	98708880.00
2016/03/14	17.42	18.20	17.42	17.94	8976726	260814736.00
2016/03/15	17.76	18.11	17.67	18.06	4477385	129489784.00
2016/03/16	18.43	18.53	17.34	17.36	5587523	160347712.00
2016/03/17	17.42	18.59	17.41	18.57	10308965	302226816.00
2016/03/18	18.57	19.20	18.35	18.91	10238903	311079616.00
2016/03/21	19.09	19.21	18.61	19.04	6625087	202614944.00
2016/03/22	18.84	19.59	18.75	18.86	6579858	203920400.00
2016/03/23	18.88	18.88	18.29	18.62	5515898	165218208.00
2016/03/24	18.53	19.03	18.33	18.58	3914179	118301616.00
2016/03/25	18.40	18.84	18.00	18.41	4315396	127610688.00
2016/03/28	18.57	18.98	18.34	18.59	4927237	148305504.00
2016/03/29	18.40	19.06	18.20	18.86	7749673	234767888.00
2016/03/30	19.15	19.26	18.73	19.14	5993353	183907392.00
2016/03/31	19.21	19.50	18.08	18.27	12639493	380840064.00
2016/04/01	18.15	18.37	17.85	18.21	7075155	206180656.00
2016/04/05	18.27	18.56	17.98	18.45	6676808	197554016.00
2016/04/06	18.42	18.51	18.06	18.25	5536206	162871344.00
2016/04/07	18.25	18.40	17.80	17.86	5506483	160001488.00
2016/04/08	17.78	18.10	17.55	18.05	4151032	119585800.00
2016/04/11	18.63	18.73	18.13	18.25	8116894	240719008.00
2016/04/12	18.16	18.25	17.71	18.16	4207419	122045432.00
2016/04/13	18.16	18.63	18.15	18.30	6538943	194119984.00
2016/04/14	18.34	18.48	18.20	18.45	4774179	141320480.00
2016/04/15	18.45	18.69	18.25	18.58	5141119	153294976.00
2016/04/18	18.68	19.34	18.45	19.09	12714707	391478432.00
2016/04/19	19.09	19.31	18.78	19.14	6287366	192688992.00
2016/04/20	19.65	20.03	18.65	19.56	17625235	555770816.00
2016/04/21	19.23	21.53	18.90	20.34	19040208	634354624.00
2016/04/22	20.33	21.54	20.06	20.59	12296538	414536256.00
2016/04/25	20.60	20.62	19.41	20.09	8969839	288249248.00
2016/04/26	19.75	20.13	19.42	19.86	8534141	272049024.00
2016/04/27	19.76	20.06	19.25	19.28	7447614	235921008.00
2016/04/28	19.10	19.62	18.90	19.51	6115383	189995680.00
2016/04/29	19.43	19.50	19.03	19.21	5782085	179467088.00
2016/05/03	19.45	20.33	19.23	20.13	7551653	242688256.00
2016/05/04	20.08	20.45	19.76	19.84	11841588	381756992.00
2016/05/05	19.84	20.01	19.41	19.81	4888650	155495648.00
2016/05/06	19.68	19.98	18.59	18.75	7580988	234768416.00
2016/05/09	18.58	19.28	18.00	19.25	11411320	343221984.00
2016/05/10	19.11	19.40	18.96	19.15	4628915	143276368.00
2016/05/11	19.15	19.95	18.89	18.89	5175281	162184896.00
2016/05/12	18.53	19.38	18.28	19.30	3884605	118764544.00
2016/05/13	19.21	19.45	18.66	19.22	5800247	178586816.00
2016/05/16	19.07	19.41	18.87	19.30	4896211	152170144.00
2016/05/17	19.34	19.48	18.78	18.78	6212565	191366544.00
2016/05/18	18.96	19.28	18.40	18.60	5180803	157525248.00
2016/05/19	18.62	19.01	18.45	18.50	4670086	141036720.00
2016/05/20	18.53	18.73	18.08	18.47	4819645	143110352.00
2016/05/23	18.52	18.96	18.09	18.56	8046142	240235776.00
2016/05/24	18.56	18.85	18.18	18.18	7513699	140450064.00
2016/05/25	18.29	18.45	16.72	16.84	19125061	335558272.00
2016/05/26	16.73	17.37	16.57	17.21	16113878	277093184.00
2016/05/27	17.11	17.26	16.88	16.98	10588775	182278656.00
2016/05/30	16.95	17.68	16.75	17.22	9283967	162588400.00
2016/05/31	17.25	17.83	17.03	17.76	19681376	348523552.00
2016/06/01	17.76	18.36	17.59	18.27	17606990	319022560.00
2016/06/02	18.32	18.74	18.01	18.18	15253389	281079360.00
2016/06/03	18.08	19.55	18.08	18.82	18200564	348259840.00
2016/06/06	19.37	19.82	18.87	19.40	20458817	396924704.00
2016/06/07	19.57	19.92	19.08	19.42	22023003	430072608.00
2016/06/08	19.29	19.42	18.77	19.04	10727780	205478560.00
2016/06/13	18.67	19.72	18.60	18.77	17552373	341266560.00
2016/06/14	18.62	19.43	18.61	19.17	9586812	184669200.00
2016/06/15	18.97	20.03	18.89	20.03	21130981	419255904.00
2016/06/16	20.32	20.35	19.38	19.57	17455564	349615808.00
2016/06/17	19.49	19.94	19.27	19.47	12317313	242381952.00
2016/06/20	19.57	19.67	19.22	19.62	8745983	171534176.00
2016/06/21	19.61	19.93	18.75	18.80	16006618	311182720.00
2016/06/22	19.00	19.17	18.67	19.08	6979002	132821440.00
2016/06/23	18.97	19.52	18.75	18.98	12539409	240455056.00
2016/06/24	18.91	20.33	18.37	19.58	20765143	403789984.00
2016/06/27	19.78	21.55	19.78	21.54	48625035	1024317888.00
2016/06/28	21.34	21.35	20.55	20.92	31346137	658977792.00
2016/06/29	20.87	21.29	20.39	21.24	24720383	516142336.00
2016/06/30	21.15	21.42	20.61	20.83	15551702	326928000.00
2016/07/01	20.87	21.03	20.28	20.40	12500107	258351088.00
2016/07/04	20.08	20.80	19.97	20.57	13745679	283190496.00
2016/07/05	20.67	20.85	20.18	20.75	14136498	292020384.00
2016/07/06	20.70	20.87	20.06	20.26	13265221	272635680.00
2016/07/07	20.22	20.32	19.57	19.85	18284853	365196224.00
2016/07/08	19.71	20.17	19.67	19.92	9692850	195017792.00
2016/07/11	20.17	20.37	19.82	19.99	14943169	302094688.00
2016/07/12	19.87	20.14	19.25	20.02	23951290	473882784.00
2016/07/13	20.42	20.45	19.97	20.21	16241718	330344832.00
2016/07/14	20.17	20.54	20.07	20.42	11863769	243149696.00
2016/07/15	20.41	20.52	19.87	19.94	10373302	209932576.00
2016/07/18	19.72	19.90	19.42	19.61	13054892	257276304.00
2016/07/19	19.57	19.81	19.38	19.65	8938456	175876592.00
2016/07/20	19.65	20.16	19.64	19.82	14722315	295329632.00
2016/07/21	19.73	20.19	19.73	19.82	11019121	221116016.00
2016/07/22	19.76	19.84	19.27	19.39	10299185	201885168.00
2016/07/25	19.38	19.90	19.37	19.55	10859212	214715952.00
2016/07/26	19.47	20.08	19.47	20.02	10369998	207841136.00
2016/07/27	20.02	20.39	18.57	19.25	20248209	402029952.00
2016/07/28	19.10	19.46	19.03	19.28	7418641	143654352.00
2016/07/29	19.20	19.72	19.16	19.56	7999089	156413024.00
2016/08/01	19.47	19.55	18.67	19.12	8906222	170515184.00
2016/08/02	19.12	19.31	18.55	18.60	8337968	158351536.00
2016/08/03	18.60	18.66	18.09	18.26	13434069	247681728.00
2016/08/04	18.25	18.74	18.21	18.68	10027664	186747952.00
2016/08/05	18.57	18.97	18.40	18.76	6094411	115199528.00
2016/08/08	18.62	19.25	18.19	19.23	9117596	172188880.00
2016/08/09	19.23	19.35	19.06	19.19	4708573	91062992.00
2016/08/10	19.22	19.94	19.22	19.24	10049816	198370112.00
2016/08/11	19.25	19.53	18.75	18.89	8007238	153249104.00
2016/08/12	18.70	19.19	18.67	19.12	6062698	115880096.00
2016/08/15	19.26	19.66	18.90	19.60	12190748	238062624.00
2016/08/16	19.42	19.86	19.39	19.77	9213132	182449920.00
2016/08/17	19.88	20.46	19.54	20.14	13930207	281363200.00
2016/08/18	20.10	20.56	19.93	20.08	9080963	185249616.00
2016/08/19	19.97	20.22	19.77	20.09	7937574	159471120.00
2016/08/22	20.07	20.07	19.53	19.55	8025183	159321440.00
2016/08/23	19.57	19.77	19.38	19.45	4896971	96565568.00
2016/08/24	19.42	19.92	19.40	19.70	5677568	112612856.00
2016/08/25	19.55	19.94	19.37	19.77	7045674	139694384.00
2016/08/26	19.79	20.70	19.79	20.15	17582773	360083296.00
2016/08/29	20.17	20.60	20.15	20.39	10008542	204740320.00
2016/08/30	20.56	21.44	20.41	20.72	21413335	450773216.00
2016/08/31	20.55	20.88	20.32	20.82	10281555	213456128.00
2016/09/01	20.97	22.88	20.67	22.00	37744355	835524288.00
2016/09/02	22.07	23.12	21.95	22.13	26578855	601119296.00
2016/09/05	22.37	23.27	22.12	22.67	22230052	506080352.00
2016/09/06	22.57	23.37	22.02	23.16	23253972	532391680.00
2016/09/07	23.16	23.72	21.45	22.13	37863491	853336128.00
2016/09/08	21.75	22.12	21.24	21.49	19688850	428241184.00
2016/09/09	21.37	22.33	21.35	21.57	16622948	366060064.00
2016/09/12	21.02	21.85	20.37	21.64	17178619	365341056.00
2016/09/13	21.56	23.17	21.38	23.02	26297512	595924032.00
2016/09/14	22.75	23.42	22.60	23.27	18258858	423198976.00
2016/09/19	23.57	23.82	22.77	23.27	14423551	336491008.00
2016/09/20	23.12	23.22	22.47	22.62	12509993	285910240.00
2016/09/21	22.57	24.35	22.57	24.10	20071124	475980096.00
2016/09/22	23.88	24.24	23.59	24.00	14366127	344421824.00
2016/09/23	23.90	24.84	23.82	24.34	20101843	494762752.00
2016/09/26	24.27	24.82	23.37	23.38	13535457	324035232.00
2016/09/27	23.11	23.67	22.87	23.67	9690925	226833024.00
2016/09/28	24.09	26.05	23.98	25.63	36902924	934782272.00
2016/09/29	25.42	26.08	25.20	25.91	17257289	445135648.00
2016/09/30	25.65	26.04	25.27	25.40	12293607	316197120.00
2016/10/10	25.75	26.64	25.34	25.61	16261437	423720480.00
2016/10/11	25.65	26.87	25.16	26.77	21318591	555868736.00
2016/10/12	26.65	27.78	26.28	26.99	25827821	706902976.00
2016/10/13	26.98	27.52	26.59	27.06	12788156	347603328.00
2016/10/14	27.08	27.53	26.76	27.28	9762304	265733568.00
2016/10/17	27.29	27.37	25.47	26.17	21339766	564004736.00
2016/10/18	26.19	26.28	25.53	26.11	14181001	368520288.00
2016/10/19	26.12	26.53	25.60	25.74	13391820	350484000.00
2016/10/20	25.67	26.53	25.28	26.35	15434059	404831936.00
2016/10/21	26.31	26.31	25.44	25.83	12262265	317492544.00
2016/10/24	25.77	25.96	25.28	25.78	9640604	247727632.00
2016/10/25	25.82	26.36	25.57	25.93	8946163	233547360.00
2016/10/26	25.94	25.95	25.28	25.37	8040062	206250144.00
2016/10/27	25.42	25.54	24.71	25.13	13609163	341670272.00
2016/10/28	25.17	25.57	24.97	25.15	7558971	191498768.00
2016/10/31	24.89	25.72	24.87	25.60	8969555	229716640.00
2016/11/01	25.60	25.97	25.28	25.87	9150439	236869424.00
2016/11/02	25.87	26.14	25.52	25.54	8055857	208916960.00
2016/11/03	25.44	26.14	25.42	25.60	8991503	233304448.00
2016/11/04	25.53	25.84	24.54	24.76	15661996	393613056.00
2016/11/07	24.57	25.10	24.57	24.57	9159531	228069104.00
2016/11/08	24.58	25.15	24.52	24.92	6369882	159202656.00
2016/11/09	24.97	25.20	24.04	24.81	9618215	238705536.00
2016/11/10	24.91	25.17	24.65	24.77	5263688	131400456.00
2016/11/11	24.90	24.96	23.97	24.12	16898545	412607456.00
2016/11/14	24.13	24.80	24.09	24.27	8374887	205656960.00
2016/11/15	24.22	25.07	24.13	25.02	10009997	247655264.00
2016/11/16	25.20	26.19	25.07	25.41	19201437	497008256.00
2016/11/17	25.47	26.11	25.24	25.60	10525719	272346208.00
2016/11/18	25.52	25.92	25.32	25.48	6542058	167889088.00
2016/11/21	26.22	26.75	25.47	25.57	14244731	372596512.00
2016/11/22	25.38	25.84	24.90	25.81	10597175	270044608.00
2016/11/23	25.84	26.15	25.54	25.71	7886321	204960640.00
2016/11/24	25.54	25.82	25.27	25.37	6431253	165030096.00
2016/11/25	25.24	25.54	25.05	25.47	5853469	148902336.00
2016/11/28	25.84	27.37	25.65	27.17	31512174	842914752.00
2016/11/29	26.87	28.17	26.62	27.62	29566101	821609536.00
2016/11/30	27.76	28.68	27.21	27.47	17741302	497648992.00
2016/12/01	27.61	28.03	27.08	27.35	9957341	273812672.00
2016/12/02	27.18	28.66	27.18	27.46	13889220	388669984.00
2016/12/05	27.92	29.30	27.48	28.77	22190308	638449152.00
2016/12/06	28.57	29.04	27.98	28.40	12662920	362923872.00
2016/12/07	28.37	28.74	28.10	28.47	8580007	244340528.00
2016/12/08	28.47	29.21	28.47	29.21	12949255	375453152.00
2016/12/09	29.06	29.17	27.23	27.70	23659900	664582656.00
2016/12/12	27.47	27.72	26.43	26.68	16293509	441342720.00
2016/12/13	26.63	27.42	26.40	27.17	10729844	289770784.00
2016/12/14	27.18	27.18	26.37	26.37	6844895	183571104.00
2016/12/15	26.07	26.73	25.96	26.32	9235152	244718656.00
2016/12/16	26.42	26.99	26.21	26.82	6232786	167288128.00
2016/12/19	26.63	27.18	26.42	26.58	5820993	156129344.00
2016/12/20	26.62	26.62	25.64	25.68	14417538	377947872.00
2016/12/21	25.73	26.17	25.37	26.05	13181518	341398496.00
2016/12/22	26.03	26.87	25.89	26.65	7114152	188469072.00
2016/12/23	26.59	26.76	26.08	26.23	4688566	123857288.00
2016/12/26	25.98	27.28	25.90	27.25	10741770	288475744.00
2016/12/27	27.37	27.97	27.03	27.62	11012177	306329408.00
2016/12/28	27.52	28.26	27.37	27.77	9590469	268199744.00
2016/12/29	27.78	28.31	27.67	28.16	8962336	252891296.00
2016/12/30	28.23	28.47	27.57	28.37	11079021	313547456.00
2017/01/03	28.35	28.37	25.52	26.01	39727265	1046507584.00
2017/01/04	25.65	26.59	25.58	26.16	16802461	440517440.00
2017/01/05	25.92	26.14	25.60	25.87	7633310	198511024.00
2017/01/06	25.85	25.85	24.79	24.97	18298220	462223616.00
2017/01/09	25.07	25.71	24.74	25.22	9783856	248496048.00
2017/01/10	25.22	25.23	24.94	25.13	4984697	125673032.00
2017/01/11	25.03	25.67	25.03	25.07	8577428	218542944.00
2017/01/12	25.02	25.62	24.93	25.23	7445045	189613744.00
2017/01/13	25.28	25.82	25.28	25.66	9498414	244830784.00
2017/01/16	25.22	25.67	24.67	25.06	10622754	269193504.00
2017/01/17	25.22	25.94	25.12	25.78	6652593	171020512.00
2017/01/18	25.69	26.37	25.60	26.18	7570890	199075648.00
2017/01/19	26.19	26.34	25.77	25.92	3366902	87751160.00
2017/01/20	26.04	26.55	25.87	26.27	5970725	158045904.00
2017/01/23	26.26	26.86	26.07	26.18	5112332	135594560.00
2017/01/24	26.33	26.75	26.04	26.22	5760755	152329856.00
2017/01/25	26.09	26.41	26.07	26.17	3696854	97234136.00
2017/01/26	26.13	26.37	26.13	26.17	3254934	85792136.00
2017/02/03	26.32	26.52	25.48	25.72	6917365	179594720.00
2017/02/06	25.77	26.35	25.77	26.24	7462429	196202240.00
2017/02/07	26.25	26.83	26.03	26.80	7622932	202852368.00
2017/02/08	26.63	27.65	26.63	27.38	8858760	242459984.00
2017/02/09	27.38	27.54	27.14	27.21	3912283	107345728.00
2017/02/10	27.16	27.37	26.82	26.95	4173109	113234616.00
2017/02/13	27.11	27.33	26.59	27.06	6265543	169602928.00
2017/02/14	27.15	27.83	27.07	27.54	7024219	194618624.00
2017/02/15	27.73	28.54	27.50	27.73	9894376	278521728.00
2017/02/16	28.05	28.22	27.32	27.74	4596776	128227904.00
2017/02/17	27.73	28.30	27.51	27.89	9523736	267473888.00
2017/02/20	27.90	28.44	27.82	28.35	7381226	209071248.00
2017/02/21	28.29	28.95	28.05	28.14	9161902	261461088.00
2017/02/22	27.98	28.72	27.98	28.65	6845000	194982800.00
2017/02/23	28.64	28.95	28.32	28.95	6121899	176721824.00
2017/02/24	28.86	28.86	28.07	28.22	8438316	241170080.00
2017/02/27	28.32	29.04	28.32	28.68	7523548	216848448.00
2017/02/28	28.54	28.97	27.97	28.35	6629400	188871568.00
2017/03/01	28.49	29.22	28.37	28.90	15231885	442238336.00
2017/03/02	28.97	29.37	28.62	28.74	9274450	269256864.00
2017/03/03	28.67	30.05	28.57	29.85	15828301	469534560.00
2017/03/06	30.02	32.10	29.92	31.82	17128001	537708352.00
2017/03/07	32.20	32.25	31.43	31.77	10187770	325182528.00
2017/03/08	31.79	33.17	31.48	32.76	13552025	443915840.00
2017/03/09	32.77	33.25	31.69	31.78	12160215	395262880.00
2017/03/10	32.07	32.47	31.27	32.08	8882222	284240480.00
2017/03/13	31.84	33.07	31.71	33.03	10583409	346169632.00
2017/03/14	32.92	33.03	31.69	32.27	11675770	379251904.00
2017/03/15	32.28	33.09	31.86	31.94	9167198	297817856.00
2017/03/16	32.21	32.47	30.77	31.13	19640303	620008064.00
2017/03/17	31.17	31.55	30.92	31.02	9802987	307947104.00
2017/03/20	31.25	32.13	31.13	31.97	9872542	315222176.00
2017/03/21	31.95	32.32	31.60	32.17	5527222	177820560.00
2017/03/22	33.37	33.37	32.50	32.86	11772418	389221216.00
2017/03/23	32.90	33.67	32.49	33.67	11971136	397422976.00
2017/03/24	33.66	35.14	33.58	33.90	17398866	602666944.00
2017/03/27	33.87	34.15	32.77	32.77	12727254	425826240.00
2017/03/28	32.75	33.75	32.65	33.44	8909665	297098464.00
2017/03/29	33.25	33.72	32.57	33.37	6624554	220445936.00
2017/03/30	33.28	33.67	32.75	33.22	7086410	236192944.00
2017/03/31	32.99	34.82	32.99	34.22	11800087	402602944.00
2017/04/05	34.08	34.97	33.87	34.74	9379559	323410848.00
2017/04/06	34.75	34.81	33.75	34.07	8937174	305745024.00
2017/04/07	33.76	34.19	33.59	33.68	5775571	195795280.00
2017/04/10	33.37	33.86	33.02	33.57	6450683	216550256.00
2017/04/11	33.12	33.75	31.84	32.72	12377123	409056064.00
2017/04/12	32.32	33.77	32.25	33.16	7310415	243685600.00
2017/04/13	33.13	33.52	32.65	33.27	3422633	114030088.00
2017/04/14	33.33	33.33	31.67	31.87	7470794	243435520.00
2017/04/17	31.60	32.37	31.60	32.12	4301129	138300640.00
2017/04/18	32.17	32.55	31.99	32.15	3679649	119265128.00
2017/04/19	32.15	32.93	31.37	32.66	6415320	207754784.00
2017/04/20	32.70	33.98	32.70	33.65	10176417	343248672.00
2017/04/21	33.41	33.85	33.15	33.29	5489942	184422880.00
2017/04/24	32.87	33.37	31.87	32.61	7268983	238414368.00
2017/04/25	32.61	34.58	32.58	34.57	12087960	412090176.00
2017/04/26	34.67	34.87	33.77	34.07	10731554	368547552.00
2017/04/27	33.78	35.07	33.65	34.62	8422050	292498976.00
2017/04/28	34.57	35.95	34.37	35.31	10684966	379633472.00
2017/05/02	35.63	35.65	34.75	35.05	5807191	203694432.00
2017/05/03	34.97	35.29	34.37	34.85	4894868	170534688.00
2017/05/04	34.85	35.25	34.46	34.67	3580435	125319800.00
2017/05/05	34.55	35.56	34.52	34.71	7292731	256446032.00
2017/05/08	34.68	35.06	33.66	33.68	6186676	213036640.00
2017/05/09	33.38	34.52	33.38	34.38	6404301	218429408.00
2017/05/10	34.58	35.87	34.42	35.25	9465795	336745376.00
2017/05/11	34.95	35.92	34.47	35.75	8678015	308945600.00
2017/05/12	35.77	36.16	35.14	36.11	8270598	296476736.00
2017/05/15	35.84	36.73	35.69	36.34	8986105	326800320.00
2017/05/16	36.32	37.22	35.88	37.12	9551570	351127200.00
2017/05/17	37.17	37.47	36.51	36.61	8578038	318211104.00
2017/05/18	36.27	36.87	35.76	35.93	6973613	252620544.00
2017/05/19	35.93	36.23	35.51	35.87	4416878	158536656.00
2017/05/22	35.67	36.64	35.64	36.34	5610298	204373760.00
2017/05/23	36.32	37.32	36.03	36.82	8954912	331663872.00
2017/05/24	36.63	36.84	35.22	36.51	8001061	290887936.00
2017/05/25	36.47	36.54	35.29	35.61	9061596	325021696.00
2017/05/26	35.87	35.91	34.28	34.90	13818636	481674592.00
2017/05/31	34.92	35.38	34.67	35.35	6272633	220574304.00
2017/06/01	35.52	35.75	35.12	35.27	5054637	179977136.00
2017/06/02	35.28	35.37	34.33	35.37	6886190	240575664.00
2017/06/05	35.38	36.17	35.01	36.12	5679992	204164192.00
2017/06/06	36.17	36.80	35.94	36.21	4895104	178745744.00
2017/06/07	36.18	36.72	35.87	36.63	8244900	300758144.00
2017/06/08	36.47	37.15	36.40	37.15	6828887	252629408.00
2017/06/09	37.24	37.87	36.87	37.63	8508553	320499040.00
2017/06/12	37.09	37.18	36.12	36.92	10037146	369176416.00
2017/06/13	36.66	36.84	36.18	36.66	5745766	210627904.00
2017/06/14	36.70	37.08	36.48	36.57	4314961	159277504.00
2017/06/15	36.57	36.93	36.37	36.60	5266797	193574064.00
2017/06/16	36.67	38.55	36.53	38.37	15635555	591693760.00
2017/06/19	38.42	38.45	37.55	37.68	10179998	387406016.00
2017/06/20	37.77	38.90	37.77	38.89	9608140	371603584.00
2017/06/21	38.65	39.36	38.38	39.01	8657739	337595008.00
2017/06/22	38.85	40.38	38.76	39.92	11486647	460875392.00
2017/06/23	39.81	41.06	39.55	40.75	8492533	341528256.00
2017/06/26	40.67	40.87	39.95	40.46	7644278	309924480.00
2017/06/27	40.42	40.42	39.07	39.21	12964445	513904768.00
2017/06/28	39.20	39.61	38.97	39.23	6487806	255592656.00
2017/06/29	39.23	39.55	38.59	38.70	8646906	338336960.00
2017/06/30	38.70	39.97	38.58	39.89	8781960	346224992.00
2017/07/03	39.90	40.05	38.78	38.86	8305522	326695552.00
2017/07/04	38.57	39.48	38.37	39.32	9071925	353976288.00
2017/07/05	39.27	40.25	38.99	40.05	9563958	382139072.00
2017/07/06	40.05	40.24	39.62	39.82	5550839	221997856.00
2017/07/07	39.80	41.42	39.70	40.62	8832605	360119264.00
2017/07/10	40.32	40.32	39.02	39.09	8655150	342342912.00
2017/07/11	38.94	39.02	38.05	38.44	15413553	594915456.00
2017/07/12	38.44	39.42	38.27	39.04	7823940	304374720.00
2017/07/13	39.11	39.22	38.47	38.70	4834080	187984784.00
2017/07/14	38.60	38.88	37.37	37.62	10771939	409244704.00
2017/07/17	37.55	37.91	36.49	37.00	11065635	411134400.00
2017/07/18	36.92	37.89	36.62	37.70	8475041	317134816.00
2017/07/19	37.44	39.36	37.44	38.72	13556918	526018912.00
2017/07/20	38.93	40.12	38.77	38.92	9006150	356231104.00
2017/07/21	38.92	39.62	38.60	39.16	3855916	151129952.00
2017/07/24	38.91	39.22	38.72	39.03	3292158	128690520.00
2017/07/25	39.21	40.01	39.00	39.43	4877909	193260400.00
2017/07/26	39.10	39.49	37.84	38.29	7493362	287853184.00
2017/07/27	38.02	38.88	37.97	38.28	4254339	163907184.00
2017/07/28	38.42	38.60	37.80	38.17	7694808	294011872.00
2017/07/31	37.93	38.38	37.73	38.02	5795653	220969456.00
2017/08/01	38.02	38.23	37.67	37.92	4952795	188347936.00
2017/08/02	38.10	39.22	37.71	37.77	9490339	364504896.00
2017/08/03	37.45	37.86	34.92	35.38	24632821	893415552.00
2017/08/04	35.32	36.38	35.30	35.81	10252582	368573024.00
2017/08/07	35.62	36.24	35.60	36.07	7482087	268924512.00
2017/08/08	35.92	36.31	34.51	35.68	12906588	457528096.00
2017/08/09	35.72	36.60	34.83	36.33	12451330	444688576.00
2017/08/10	36.30	37.12	35.85	36.22	8712130	318281632.00
2017/08/11	35.93	37.42	35.93	36.89	10399673	384235872.00
2017/08/14	36.75	38.92	36.61	38.62	15007454	576091136.00
2017/08/15	39.07	39.60	38.64	38.77	8725579	341583680.00
2017/08/16	38.88	39.09	38.44	38.72	5550883	215722304.00
2017/08/17	38.81	39.01	38.27	38.32	4941395	190729008.00
2017/08/18	38.09	39.08	37.98	38.30	5329746	206123840.00
2017/08/21	38.10	39.31	38.10	38.87	6368954	248795312.00
2017/08/22	38.90	39.82	38.77	38.94	8088770	317969280.00
2017/08/23	38.91	39.12	38.12	38.72	4954284	191526816.00
2017/08/24	39.00	39.17	38.33	38.47	5283373	204826128.00
2017/08/25	38.41	38.70	38.11	38.49	4453862	171242016.00
2017/08/28	38.58	40.02	38.55	39.87	10289346	408711040.00
2017/08/29	40.20	41.00	39.87	40.12	9077691	367698400.00
2017/08/30	39.93	41.09	39.93	40.62	10104683	413032608.00
2017/08/31	40.97	41.63	40.73	41.50	9228246	382813536.00
2017/09/01	41.57	43.25	41.52	42.91	10902079	461929312.00
2017/09/04	43.52	44.18	42.52	42.92	11195961	487539232.00
2017/09/05	43.06	43.42	42.42	42.67	6679210	285675808.00
2017/09/06	42.81	42.96	41.42	41.86	9185082	385291648.00
2017/09/07	42.27	42.88	41.63	42.41	8257771	350080128.00
2017/09/08	42.15	42.58	41.52	41.93	6580778	276354208.00
2017/09/11	42.00	42.69	41.52	42.65	5499546	233052384.00
2017/09/12	43.10	43.10	41.00	41.60	9883668	414788160.00
2017/09/13	41.92	42.17	40.11	42.01	8894113	367199904.00
2017/09/14	42.00	42.22	40.82	40.98	7046836	292041152.00
2017/09/15	40.98	41.80	40.67	41.00	6246947	257676624.00
2017/09/18	40.61	41.32	40.52	40.89	4691525	192972032.00
2017/09/19	40.89	41.86	39.92	40.16	7733477	313901312.00
2017/09/20	39.92	41.33	39.92	41.20	6638717	272092928.00
2017/09/21	41.12	41.12	40.19	40.46	4851407	197446560.00
2017/09/22	40.45	41.26	40.02	41.22	6972213	286109792.00
2017/09/25	41.43	42.32	40.12	40.32	7898120	324106432.00
2017/09/26	39.92	40.42	38.86	39.45	9603117	380105344.00
2017/09/27	39.72	41.33	39.62	40.92	10066817	411581536.00
2017/09/28	40.80	42.30	40.80	42.12	7036769	295335744.00
2017/09/29	42.27	42.67	41.72	41.92	6995284	295654304.00
2017/10/09	42.52	43.17	41.92	42.49	6499338	276669952.00
2017/10/10	42.62	42.62	41.15	41.72	5762470	241015872.00
2017/10/11	41.81	42.06	40.72	41.72	4811380	200353904.00
2017/10/12	41.47	42.91	41.34	42.67	6060290	256931168.00
2017/10/13	42.97	46.49	42.97	46.10	19294477	866547008.00
2017/10/16	45.99	47.40	45.40	46.71	11140965	517462304.00
2017/10/17	46.29	47.12	45.97	46.70	5951838	278022304.00
2017/10/18	46.36	48.57	46.34	47.42	9932174	474866720.00
2017/10/19	46.64	48.29	46.10	46.20	7257555	341467072.00
2017/10/20	46.27	47.22	45.92	46.32	5222853	242894592.00
2017/10/23	46.39	48.76	46.39	48.62	7647356	366684608.00
2017/10/24	48.86	50.41	47.98	50.14	9171657	450928160.00
2017/10/25	49.83	50.31	49.21	49.59	5497059	273580704.00
2017/10/26	50.02	50.80	49.12	49.64	8826124	440732832.00
2017/10/27	49.62	50.27	48.64	50.14	7324278	363940928.00
2017/10/30	50.42	52.30	49.66	49.99	9270627	471448416.00
2017/10/31	50.00	50.89	49.18	49.92	6082595	303902688.00
2017/11/01	49.91	50.38	49.12	49.27	5678592	282042240.00
2017/11/02	48.94	49.58	48.42	48.80	6034526	295151552.00
2017/11/03	49.10	50.37	48.80	49.50	7746084	386898560.00
2017/11/06	49.59	51.50	49.18	51.47	11002086	559947008.00
2017/11/07	51.27	51.66	50.50	51.37	9241332	472142496.00
2017/11/08	51.59	52.30	50.51	50.93	10013756	514738688.00
2017/11/09	50.91	53.68	50.22	53.62	15140162	785017408.00
2017/11/10	52.87	55.45	52.72	55.18	12913797	704697664.00
2017/11/13	55.19	56.67	55.00	55.85	8605986	483075744.00
2017/11/14	55.85	56.87	54.01	54.27	9609181	530188224.00
2017/11/15	54.28	55.90	52.71	54.97	8694965	471348576.00
2017/11/16	54.52	56.10	53.52	55.84	9762506	534763072.00
2017/11/17	55.67	56.50	53.92	54.12	9331320	519150464.00
2017/11/20	53.02	58.12	52.92	58.06	15158807	850273472.00
2017/11/21	58.04	60.12	57.75	59.92	17182781	1016523328.00
2017/11/22	59.42	60.92	57.52	59.06	10955262	652412032.00
2017/11/23	59.02	59.85	56.03	57.20	11031042	636736448.00
2017/11/24	57.31	58.20	54.60	55.02	10787384	607090112.00
2017/11/27	54.99	55.35	50.55	52.92	14763729	785089088.00
2017/11/28	52.32	55.92	52.32	55.26	10893499	590988352.00
2017/11/29	55.22	56.80	54.66	55.02	8723491	486155200.00
2017/11/30	54.65	55.60	52.80	52.92	10623543	572004928.00
2017/12/01	54.60	57.72	54.46	56.67	16890187	946492864.00
2017/12/04	56.72	59.51	56.10	57.92	14793029	861045952.00
2017/12/05	57.82	58.79	54.45	55.57	17284267	971499136.00
2017/12/06	55.52	56.42	52.61	54.37	20305085	1099198976.00
2017/12/07	54.25	54.32	52.05	52.09	15160710	803291520.00
2017/12/08	51.92	53.47	51.82	52.88	15963979	844282240.00
2017/12/11	52.92	54.13	50.93	53.94	17446463	929737984.00
2017/12/12	53.42	54.12	52.62	53.42	9141353	489859520.00
2017/12/13	53.30	53.37	51.12	52.61	14383440	752428224.00
2017/12/14	52.42	52.50	50.72	51.09	11560832	594076864.00
2017/12/15	51.22	52.52	50.92	51.34	8132978	421469024.00
2017/12/18	51.10	52.80	50.14	52.42	12499391	646167040.00
2017/12/19	52.27	54.77	52.27	54.22	12363325	667726720.00
2017/12/20	54.08	54.19	51.62	52.60	10626879	561626816.00
2017/12/21	52.41	53.96	51.42	53.60	10435579	553694784.00
2017/12/22	54.14	55.32	52.45	52.52	10918903	589327744.00
2017/12/25	52.23	52.60	50.42	51.36	13190456	678291584.00
2017/12/26	51.72	52.02	50.92	51.35	10888915	560687808.00
2017/12/27	50.92	51.39	49.53	49.70	9077133	459234208.00
2017/12/28	49.90	50.33	48.33	50.33	8478581	421292896.00
2017/12/29	49.91	51.10	49.70	50.62	6152141	309943424.00
2018/01/02	50.84	51.05	48.62	49.43	11174025	552907200.00
2018/01/03	49.94	53.22	49.61	52.22	17141510	882475584.00
2018/01/04	52.11	53.42	51.80	52.42	9471001	500354976.00
2018/01/05	52.42	52.91	50.70	51.07	8230395	425619584.00
2018/01/08	50.41	51.07	48.38	48.79	17573223	861263680.00
2018/01/09	48.87	50.12	48.70	49.99	12505274	618321664.00
2018/01/10	49.57	49.78	46.88	46.92	20908591	1003249536.00
2018/01/11	47.02	47.21	42.22	45.09	42480743	1883224704.00
2018/01/12	44.34	44.35	42.60	43.92	20661589	903986048.00
2018/01/15	44.53	45.60	43.43	44.27	18867102	840732352.00
2018/01/16	43.72	43.72	40.80	41.48	36107318	1508404992.00
2018/01/17	41.67	44.22	40.93	43.65	20911737	894158848.00
2018/01/18	43.17	44.87	42.92	43.12	14854245	653636480.00
2018/01/19	42.92	43.41	39.92	40.42	24921384	1034234816.00
2018/01/22	39.90	42.48	37.90	42.29	41091750	1644387328.00
2018/01/23	41.72	41.72	39.31	39.88	24350310	987454784.00
2018/01/24	39.22	39.22	35.88	35.88	72103005	2646479616.00
2018/01/25	35.10	36.24	34.12	35.27	33269927	1174952832.00
2018/01/26	34.78	35.52	33.27	33.29	29011925	996636352.00
2018/01/29	32.92	33.48	32.52	32.99	27601263	911843136.00
2018/01/30	33.20	34.94	33.04	34.26	31289201	1075086976.00
2018/01/31	34.15	35.48	33.05	34.36	23178119	804786048.00
2018/02/01	34.03	35.27	33.53	34.33	14820651	512980608.00
2018/02/02	34.66	37.77	34.12	36.70	35996802	1310774912.00
2018/02/05	35.47	36.63	35.04	35.42	21683298	773989760.00
2018/02/06	34.10	35.15	33.13	34.17	17559378	605011904.00
2018/02/07	35.42	35.89	32.62	33.38	21891216	747952000.00
2018/02/08	33.31	35.14	33.08	35.14	21829514	756287424.00
2018/02/09	34.13	36.42	33.82	35.07	24909495	885235072.00
2018/02/12	35.32	36.38	34.66	35.94	21703181	776037120.00
2018/02/13	36.52	36.52	35.42	35.69	20789957	748732928.00
2018/02/14	35.51	35.62	33.80	34.56	19007358	656856512.00
2018/02/22	34.90	35.21	34.03	35.13	16387428	569282048.00
2018/02/23	35.22	37.27	35.22	36.61	24374651	892659840.00
2018/02/26	37.22	40.28	36.67	40.01	38424332	1501132288.00
2018/02/27	40.12	41.10	39.32	40.12	29336935	1184793344.00
2018/02/28	38.92	40.58	38.22	40.03	25179745	999105856.00
2018/03/01	38.99	41.01	38.99	40.25	19717051	789170176.00
2018/03/02	40.18	41.05	39.20	39.23	19852866	795768576.00
2018/03/05	39.84	40.06	38.81	39.79	15544025	615456192.00
2018/03/06	40.26	41.37	40.24	41.16	23347361	956320832.00
2018/03/07	41.13	41.13	39.72	40.14	19127933	771600832.00
2018/03/08	40.16	40.65	39.40	40.52	13767125	551100864.00
2018/03/09	40.62	42.42	39.94	42.06	24128598	1000248832.00
2018/03/12	42.91	43.26	41.87	42.12	24393767	1037797312.00
2018/03/13	42.02	42.65	41.50	41.73	15084894	634129024.00
2018/03/14	41.52	42.70	40.83	41.88	20634104	861070016.00
2018/03/15	41.59	42.53	41.07	41.77	11940795	500428064.00
2018/03/16	41.32	42.02	40.03	40.09	13057057	536149760.00
2018/03/19	39.97	40.67	39.14	39.56	12799921	511139296.00
2018/03/20	38.92	40.18	38.78	39.82	10458301	414560640.00
2018/03/21	39.79	40.86	38.92	39.22	12488491	500412000.00
2018/03/22	39.32	40.17	38.83	39.13	11038050	436124608.00
2018/03/23	36.82	37.40	35.21	35.21	26575570	958537728.00
2018/03/26	33.86	34.90	31.97	34.85	26216831	880911040.00
2018/03/27	36.15	36.41	35.42	36.06	19314876	696405312.00
2018/03/28	35.28	36.87	35.22	36.00	14457349	523192832.00
2018/03/29	36.42	36.78	35.67	36.10	9930507	359309216.00
2018/03/30	36.38	37.23	35.86	37.23	16386701	600221312.00
2018/04/02	36.92	37.80	36.54	36.60	14211764	528010912.00
2018/04/03	35.72	36.04	34.83	35.43	14725108	521751200.00
2018/04/04	35.42	35.89	34.50	34.60	11921721	418794400.00
2018/04/09	33.93	35.50	33.92	34.90	12655594	444653376.00
2018/04/10	34.92	36.71	34.72	36.48	13554147	484429824.00
2018/04/11	36.42	37.64	36.42	36.72	12687127	471953280.00
2018/04/12	36.51	38.30	36.51	37.79	16001441	604219904.00
2018/04/13	37.87	38.15	37.03	37.05	7996676	299244000.00
2018/04/16	36.80	36.90	35.02	35.50	15899758	571491968.00
2018/04/17	35.64	36.41	35.13	35.21	9828560	352687136.00
2018/04/18	35.48	35.74	32.78	34.07	18755981	633535360.00
2018/04/19	33.80	35.60	33.80	35.25	12231772	430310240.00
2018/04/20	35.07	35.41	33.29	33.30	12611730	431138208.00
2018/04/23	33.12	33.81	29.96	30.23	22897628	718366080.00
2018/04/24	30.51	31.60	29.97	31.45	13866718	431687040.00
2018/04/25	31.37	32.41	31.04	32.01	13164318	419981888.00
2018/04/26	31.97	31.97	28.92	30.82	15846340	487275200.00
2018/04/27	30.92	31.52	30.48	31.05	9935103	309111232.00
2018/05/02	31.27	32.27	30.93	31.15	12518189	396005440.00
2018/05/03	31.44	32.12	30.80	31.92	13393408	423200800.00
2018/05/04	31.76	31.81	30.92	30.96	12983781	408883968.00
2018/05/07	31.12	32.09	31.12	31.64	10699418	339942752.00
2018/05/08	32.02	33.57	31.59	33.21	16461740	537940864.00
2018/05/09	32.93	36.00	32.93	35.30	23371654	815959808.00
2018/05/10	35.30	35.69	34.83	35.48	13318303	470638464.00
2018/05/11	35.83	36.25	35.00	35.27	13485652	480170080.00
2018/05/14	36.37	38.12	36.37	37.17	22611843	847926848.00
2018/05/15	37.01	37.51	35.93	36.89	12622086	463661792.00
2018/05/16	36.46	37.67	36.43	36.55	9851333	366603520.00
2018/05/17	36.38	36.77	35.42	35.60	10146296	365741632.00
2018/05/18	35.85	36.36	35.62	35.95	6463679	233431568.00
2018/05/21	36.66	38.67	36.66	38.18	18650241	710586176.00
2018/05/22	38.25	38.75	37.52	38.26	13715270	524553664.00
2018/05/23	38.00	38.60	37.15	37.21	11054884	418224544.00
2018/05/24	37.07	38.08	36.93	37.49	8016926	300824192.00
2018/05/25	36.99	37.41	35.20	35.25	14812984	534837056.00
2018/05/28	35.77	37.70	35.70	37.22	13809289	509075072.00
2018/05/29	37.76	37.86	36.83	36.85	9686875	363266784.00
2018/05/30	34.92	36.03	34.35	34.62	12716651	447701920.00
2018/05/31	35.02	35.42	33.80	34.32	9521309	328723488.00
2018/06/01	34.32	34.32	33.19	33.34	7798132	263517392.00
2018/06/04	33.34	34.50	33.07	33.59	9011794	304851648.00
2018/06/05	33.53	36.96	33.53	36.72	23716344	858318720.00
2018/06/06	36.92	37.57	36.52	37.12	17213369	640818688.00
2018/06/07	37.42	37.74	36.74	37.12	9950968	370542976.00
2018/06/08	36.50	37.40	36.32	36.50	9401465	346134912.00
2018/06/11	36.30	37.28	35.50	36.62	11028552	405617696.00
2018/06/12	36.89	37.10	35.63	36.36	10288454	372746400.00
2018/06/13	36.32	36.32	34.19	34.42	12370354	434058080.00
2018/06/14	34.03	35.02	33.93	34.33	8113148	280465152.00
2018/06/15	34.58	35.00	33.12	33.22	10635858	360174272.00
2018/06/19	32.32	32.32	29.89	29.89	16275667	502354432.00
2018/06/20	29.92	30.09	27.60	29.11	19914788	579270272.00
2018/06/21	29.25	29.80	27.17	27.93	15333670	436358368.00
2018/06/22	27.97	29.17	26.79	28.88	11845178	339038784.00
2018/06/25	29.46	30.05	28.98	29.20	10787342	320305728.00
2018/06/26	28.32	29.78	28.31	29.50	9485628	277986272.00
2018/06/27	29.64	29.90	28.53	28.75	7317211	213491440.00
2018/06/28	28.76	29.98	28.76	29.38	9068029	268514656.00
2018/06/29	29.28	30.73	28.98	30.65	11983289	361356000.00
2018/07/02	30.68	30.74	28.57	29.28	11577978	344222208.00
2018/07/03	29.28	30.27	28.92	30.16	12313089	366981952.00
2018/07/04	30.16	31.43	29.62	29.83	13473523	412199424.00
2018/07/05	29.83	30.12	28.92	29.17	8008460	235746496.00
2018/07/06	29.18	30.70	28.81	29.76	14716741	441586112.00
2018/07/09	30.12	31.51	30.10	31.33	11785659	367267840.00
2018/07/10	31.52	32.23	30.88	31.78	11738386	372627904.00
2018/07/11	30.84	31.53	29.72	31.24	11322156	350206688.00
2018/07/12	31.52	33.57	31.52	32.84	13229982	434907872.00
2018/07/13	32.92	34.76	32.47	34.14	13727712	463799168.00
2018/07/16	34.58	34.97	33.74	34.18	9277589	320468832.00
2018/07/17	33.92	35.31	33.92	35.09	10393751	364123808.00
2018/07/18	35.60	35.68	34.35	34.43	8497730	297900768.00
2018/07/19	34.64	34.88	33.74	34.00	6957843	238942624.00
2018/07/20	34.39	34.70	33.82	34.02	6407699	220143312.00
2018/07/23	34.37	35.42	34.09	35.12	8353636	293617056.00
2018/07/24	35.26	36.48	34.92	36.23	12473316	445970624.00
2018/07/25	36.42	36.97	36.04	36.27	9898558	362794752.00
2018/07/26	36.13	36.22	33.82	34.43	14442067	502301600.00
2018/07/27	34.22	34.42	33.52	33.68	8118943	275291680.00
2018/07/30	34.02	34.68	33.52	33.59	6385756	217748944.00
2018/07/31	33.52	34.44	33.40	34.19	8098978	276632800.00
2018/08/01	34.81	35.05	33.84	34.03	7482236	257311984.00
2018/08/02	34.10	34.33	32.27	32.70	9010914	298471232.00
2018/08/03	32.98	33.16	31.57	32.35	6441113	209097232.00
2018/08/06	32.11	32.20	30.50	30.50	7543199	235691296.00
2018/08/07	30.51	31.78	30.40	31.51	6409524	199252160.00
2018/08/08	31.70	31.99	30.70	30.80	6011897	188563344.00
2018/08/09	31.09	33.32	30.92	33.04	12585073	407847872.00
2018/08/10	33.00	33.62	32.73	33.38	7144277	237250928.00
2018/08/13	32.93	34.82	32.81	34.17	11100494	377989440.00
2018/08/14	34.05	34.10	33.21	33.79	7598914	255869712.00
2018/08/15	33.86	33.90	31.81	32.27	12297890	404508224.00
2018/08/16	31.65	34.10	31.31	33.40	11410788	378509792.00
2018/08/17	34.02	34.30	33.27	33.27	11441078	387602624.00
2018/08/20	33.00	34.00	32.65	33.87	9352969	313057472.00
2018/08/21	34.00	35.40	33.42	35.12	15616310	539307648.00
2018/08/22	34.85	35.77	34.50	34.95	11679380	410362368.00
2018/08/23	34.90	35.68	34.57	35.40	11546256	406880768.00
2018/08/24	35.33	35.33	34.82	35.00	6173684	216384384.00
2018/08/27	35.27	36.17	34.88	35.89	13319006	476727552.00
2018/08/28	36.00	36.76	35.32	35.49	10931658	395136608.00
2018/08/29	35.55	35.92	34.91	35.46	5906627	208674768.00
2018/08/30	35.20	35.59	34.50	34.81	5298600	185138976.00
2018/08/31	34.70	35.30	34.05	34.12	5900888	204172528.00
2018/09/03	34.00	34.29	32.88	33.22	11339753	378262624.00
2018/09/04	33.33	33.98	32.88	33.60	10170671	340650880.00
2018/09/05	33.68	34.19	33.37	33.48	6656154	225151536.00
2018/09/06	33.40	33.70	32.82	33.20	6239246	207580912.00
2018/09/07	33.33	33.83	32.18	32.95	6655940	220946336.00
2018/09/10	32.58	32.58	29.66	29.66	18497799	557443456.00
2018/09/11	29.50	29.85	27.86	29.04	12651591	365834112.00
2018/09/12	29.19	29.65	28.60	29.04	7796330	226803408.00
2018/09/13	29.65	30.05	28.42	28.72	12238479	355506240.00
2018/09/14	28.90	29.06	27.50	28.36	9686097	275262688.00
2018/09/17	28.36	28.71	27.91	28.09	5585872	158001120.00
2018/09/18	27.61	28.15	27.30	27.97	9470445	262674240.00
2018/09/19	27.87	28.39	26.99	27.99	13148143	363462784.00
2018/09/20	27.99	28.69	27.81	28.30	10298755	291883040.00
2018/09/21	28.35	28.75	27.70	28.72	9689042	273644288.00
2018/09/25	28.39	28.55	27.65	27.91	10283882	288782176.00
2018/09/26	27.90	28.11	27.40	27.56	13394192	370174240.00
2018/09/27	27.61	27.83	24.80	25.38	26576774	691920384.00
2018/09/28	25.70	26.71	25.55	26.65	20569328	536651264.00
2018/10/08	25.86	26.30	25.03	25.08	11170436	287576512.00
2018/10/09	25.69	25.79	24.97	25.23	7954360	201114848.00
2018/10/10	25.25	25.47	23.54	24.00	14700107	357678368.00
2018/10/11	22.58	23.36	21.60	21.60	16933032	376633824.00
2018/10/12	21.15	22.20	20.90	21.75	15727767	339610816.00
2018/10/15	22.26	23.20	21.90	22.30	20442720	462087168.00
2018/10/16	22.30	22.79	20.56	20.79	15674576	340839840.00
2018/10/17	21.67	22.26	21.02	22.15	18746317	406745728.00
2018/10/18	22.32	23.50	22.02	22.90	24202065	555356800.00
2018/10/19	22.83	24.61	22.69	24.35	29108404	697514880.00
2018/10/22	25.13	26.79	24.72	26.69	33826645	871324160.00
2018/10/23	26.39	26.85	25.90	26.25	23511905	617237568.00
2018/10/24	26.10	26.49	25.40	25.53	21083741	544412992.00
2018/10/25	24.52	26.57	24.52	26.54	21117469	542270016.00
2018/10/26	26.86	27.00	25.20	25.48	20900010	542542912.00
2018/10/29	25.64	26.82	25.35	25.95	21476113	562533696.00
2018/10/30	26.00	26.76	24.80	26.31	23355050	606705024.00
2018/10/31	26.10	26.98	26.02	26.34	18599531	494371360.00
2018/11/01	26.63	27.63	26.18	26.60	23776697	642555584.00
2018/11/02	27.66	28.13	27.14	28.05	27619647	765263744.00
2018/11/05	27.63	28.04	26.17	26.72	29254118	790996992.00
2018/11/06	26.36	26.43	25.44	25.93	21035753	544765632.00
2018/11/07	26.00	27.12	25.87	26.19	19767363	523962016.00
2018/11/08	26.59	26.64	25.37	25.48	17493474	454320832.00
2018/11/09	25.18	26.78	25.12	26.30	24049424	630263680.00
2018/11/12	26.33	27.66	26.33	27.48	24213185	656618240.00
2018/11/13	26.97	27.78	26.85	27.10	26577344	724727360.00
2018/11/14	27.01	27.65	26.81	27.35	20578070	561420608.00
2018/11/15	27.28	27.67	26.63	27.61	22001853	596649088.00
2018/11/16	27.55	29.15	27.41	28.96	34555056	983852928.00
2018/11/19	28.81	29.50	28.55	28.82	19285329	557505536.00
2018/11/20	28.44	28.44	27.18	27.22	23569847	654513152.00
2018/11/21	26.90	27.46	25.95	26.38	27755482	738906560.00
2018/11/22	26.52	26.56	25.84	26.03	19363603	505257696.00
2018/11/23	26.00	26.40	24.58	24.87	20526373	520464352.00
2018/11/26	24.86	25.42	24.59	24.71	17815426	444510784.00
2018/11/27	25.01	25.11	24.06	24.15	24465723	601033408.00
2018/11/28	24.20	25.13	23.62	25.09	31269872	763672256.00
2018/11/29	25.37	25.63	24.05	24.06	26747715	668185408.00
2018/11/30	23.92	25.11	23.85	25.00	20393435	497797696.00
2018/12/03	26.60	27.50	26.05	27.50	48229274	1294715008.00
2018/12/04	27.50	27.75	27.25	27.55	25721581	707046080.00
2018/12/05	26.92	27.35	26.66	27.02	26973910	728581760.00
2018/12/06	25.50	25.79	24.32	24.45	52693454	1314094976.00
2018/12/07	24.81	25.43	24.56	25.04	25394608	635925184.00
2018/12/10	24.80	25.63	24.80	25.25	22489115	568450048.00
2018/12/11	25.42	25.95	25.16	25.38	25223701	644103616.00
2018/12/12	25.61	25.76	24.50	24.50	25482273	634857920.00
2018/12/13	24.66	25.19	24.50	24.97	24176132	602431808.00
2018/12/14	24.86	24.93	22.68	23.09	52811559	1244235392.00
2018/12/17	22.90	23.09	22.43	22.91	23463513	533992160.00
2018/12/18	22.78	23.26	22.56	22.95	19823026	454162336.00
2018/12/19	23.10	23.21	22.22	22.44	25855273	584732288.00
2018/12/20	22.27	22.68	22.06	22.22	23562511	525705088.00
2018/12/21	22.20	22.29	21.25	21.77	28993148	630228416.00
2018/12/24	21.80	22.66	21.66	22.62	37842944	846544768.00
2018/12/25	22.28	23.60	21.70	23.40	47363778	1071643584.00
2018/12/26	23.18	23.36	22.53	22.56	36950177	846158144.00
2018/12/27	23.05	23.19	22.16	22.16	33928345	773549824.00
2018/12/28	22.05	22.16	21.30	21.61	30472885	662974592.00
2019/01/02	21.88	22.30	21.77	21.79	26562063	584779840.00
2019/01/03	21.40	21.58	19.85	19.88	51507071	1057471616.00
2019/01/04	19.00	20.28	18.89	19.84	42660175	836528128.00
2019/01/07	20.13	21.34	20.12	21.15	43006096	892604736.00
2019/01/08	21.10	21.43	20.61	20.82	28550123	598990592.00
2019/01/09	20.99	21.63	20.75	21.05	35652320	759785984.00
2019/01/10	21.09	21.85	20.84	21.46	38557967	825460928.00
2019/01/11	21.90	21.97	21.22	21.42	34866077	751910208.00
2019/01/14	21.40	21.40	20.11	20.39	35127776	724238336.00
2019/01/15	20.40	20.86	20.33	20.68	29504770	609189376.00
2019/01/16	20.85	20.88	19.98	20.10	40683466	823852800.00
2019/01/17	20.20	20.34	19.40	19.50	37621167	742127296.00
2019/01/18	19.55	20.05	18.98	20.01	45666341	891899584.00
2019/01/21	19.99	20.74	19.68	20.69	49848353	1014866112.00
2019/01/22	20.60	20.65	20.03	20.12	32132371	651489472.00
2019/01/23	19.90	20.07	19.53	19.76	27494531	544276160.00
2019/01/24	19.85	21.62	19.57	21.21	75220073	1567526784.00
2019/01/25	21.10	22.38	20.94	21.78	78510368	1696133120.00
2019/01/28	21.95	23.08	21.68	22.60	73190081	1639759360.00
2019/01/29	22.37	22.52	21.55	22.23	53545564	1181216384.00
2019/01/30	21.75	22.93	21.42	22.48	61195338	1367435776.00
2019/01/31	22.54	23.32	22.31	22.66	52955658	1207211392.00
2019/02/01	22.81	23.30	22.36	23.09	47144008	1077470592.00
2019/02/11	23.08	24.95	22.91	24.56	59356361	1438721920.00
2019/02/12	24.48	24.88	24.24	24.60	51389273	1260201088.00
2019/02/13	24.48	25.58	24.45	24.73	71389684	1781207424.00
2019/02/14	24.57	25.57	24.23	25.17	58112732	1451009152.00
2019/02/15	25.00	25.43	24.26	24.39	59947999	1490770816.00
2019/02/18	24.76	26.22	24.15	25.98	85036058	2137717376.00
2019/02/19	26.01	26.30	25.01	25.40	75699258	1940616320.00
2019/02/20	25.38	25.86	24.78	25.84	54621359	1385017088.00
2019/02/21	25.63	27.47	25.58	25.98	93013960	2471325440.00
2019/02/22	26.20	28.58	26.20	28.50	93173712	2546733056.00
2019/02/25	29.40	31.25	29.22	29.86	107618471	3224952064.00
2019/02/26	30.03	31.69	29.10	30.18	97390001	2938293504.00
2019/02/27	31.00	31.25	29.35	29.90	71489899	2166493952.00
2019/02/28	30.00	30.20	29.02	29.70	49017001	1452860032.00
2019/03/01	30.15	30.35	29.36	30.20	50543882	1513658496.00
2019/03/04	30.78	31.50	30.00	30.39	82370116	2533530112.00
2019/03/05	30.19	31.60	29.82	31.60	72731192	2225129984.00
2019/03/06	31.81	32.38	30.15	30.90	80705428	2497555968.00
2019/03/07	30.50	30.50	28.85	29.53	100616660	2986770176.00
2019/03/08	28.49	30.76	28.08	29.32	76744107	2278130432.00
2019/03/11	29.94	30.28	29.13	30.23	55670653	1663529216.00
2019/03/12	30.95	31.35	29.86	30.50	71241866	2183655424.00
2019/03/13	30.35	30.46	29.00	29.29	56136378	1665458432.00
2019/03/14	29.01	30.20	29.00	29.90	49995236	1483802112.00
2019/03/15	30.09	30.14	29.05	29.34	45225541	1336851584.00
2019/03/18	29.01	29.95	28.20	29.78	43506618	1266396032.00
2019/03/19	29.91	31.18	29.81	30.49	56257737	1721318016.00
2019/03/20	30.64	30.88	29.50	30.15	41920252	1261372416.00
2019/03/21	30.15	31.12	29.91	30.75	53506388	1635010688.00
2019/03/22	30.62	30.95	29.77	30.41	43481520	1315671936.00
2019/03/25	29.50	30.18	29.33	29.41	35908462	1066350784.00
2019/03/26	29.69	29.69	28.00	28.06	42127595	1212010112.00
2019/03/27	28.30	28.40	27.08	27.75	38013653	1050252928.00
2019/03/28	27.79	28.93	27.64	27.79	40084426	1134991104.00
2019/03/29	27.79	28.90	27.30	28.82	37879570	1069600448.00
2019/04/01	29.01	30.16	29.01	30.09	57416982	1698137984.00
2019/04/02	30.18	30.45	29.71	29.73	49140672	1473458048.00
2019/04/03	29.50	30.14	29.30	30.01	34906397	1039897920.00
2019/04/04	30.20	30.30	29.40	29.56	36859769	1097771008.00
2019/04/08	29.85	29.97	28.27	28.55	41628305	1206259840.00
2019/04/09	28.57	29.34	28.28	28.88	24570913	710353408.00
2019/04/10	28.56	29.73	28.44	29.39	36814158	1073413632.00
2019/04/11	29.39	29.39	28.30	28.30	27364027	787192192.00
2019/04/12	28.30	28.73	27.87	28.08	22165109	625911872.00
2019/04/15	28.55	29.38	28.37	28.40	33328732	963854272.00
2019/04/16	28.38	31.24	28.05	31.24	97972988	2958556928.00
2019/04/17	31.59	31.59	30.65	30.80	78765698	2446295040.00
2019/04/18	30.98	31.36	30.15	30.65	55510448	1709227904.00
2019/04/19	30.60	31.29	29.78	30.99	45859443	1400540032.00
2019/04/22	31.13	31.75	29.84	30.01	51779082	1595171840.00
2019/04/23	29.98	30.37	29.40	29.46	35033278	1044937344.00
2019/04/24	29.80	30.65	29.42	30.62	39018078	1173422592.00
2019/04/25	29.95	30.14	28.50	28.70	44293591	1307965056.00
2019/04/26	28.51	29.44	28.40	28.79	31474024	911694272.00
2019/04/29	28.69	28.98	26.00	27.00	45724339	1251674624.00
2019/04/30	26.89	27.30	26.66	26.79	21734573	586089344.00
2019/05/06	25.00	25.45	24.11	24.11	35693039	877339264.00
2019/05/07	24.00	24.39	22.93	23.80	35940303	854805632.00
2019/05/08	23.02	24.35	22.90	23.70	25314929	601305536.00
2019/05/09	23.50	23.97	23.23	23.50	17803641	421966016.00
2019/05/10	23.82	25.51	23.23	25.05	43157733	1056027264.00
2019/05/13	24.50	24.83	23.68	23.68	38159563	924567936.00
2019/05/14	23.32	24.23	23.22	23.82	30720551	735953408.00
2019/05/15	24.12	24.45	24.03	24.22	26078505	631402624.00
2019/05/16	24.17	24.17	23.45	23.81	28806869	684164288.00
2019/05/17	23.81	24.13	22.38	22.61	37289155	868721280.00
2019/05/20	22.61	22.78	21.06	22.04	46307853	1008541696.00
2019/05/21	22.05	23.16	21.92	22.90	39419861	893417472.00
2019/05/22	23.07	23.68	22.87	23.12	38034169	885318976.00
2019/05/23	22.91	22.99	22.05	22.25	29121190	655478784.00
2019/05/24	22.52	22.65	22.18	22.33	21026281	471492352.00
2019/05/27	22.37	23.36	22.15	23.24	36621733	838699008.00
2019/05/28	23.25	23.28	22.70	22.86	32493236	747940736.00
2019/05/29	22.70	23.09	22.60	22.77	19994851	457353024.00
2019/05/30	22.69	22.69	22.07	22.40	21087477	469796512.00
2019/05/31	22.42	22.73	22.20	22.26	17954315	403219616.00
2019/06/03	22.31	23.27	22.10	22.82	37531451	853268032.00
2019/06/04	23.10	23.80	22.81	23.30	52751644	1234734848.00
2019/06/05	23.60	24.12	23.28	23.83	47175857	1118276480.00
2019/06/06	23.73	23.73	22.54	22.67	34750361	799718464.00
2019/06/10	22.90	23.55	22.77	23.50	32364442	754636288.00
2019/06/11	23.45	24.38	23.05	24.20	46341624	1104753152.00
2019/06/12	24.20	24.56	23.92	24.01	38043654	922061248.00
2019/06/13	24.00	24.28	23.71	23.83	26223642	627055040.00
2019/06/14	23.90	24.06	23.00	23.00	26607959	623569728.00
2019/06/17	23.00	23.33	22.73	23.16	16451578	379244320.00
2019/06/18	23.20	23.40	22.85	23.24	13301031	307829184.00
2019/06/19	24.24	24.44	23.60	23.63	41112991	987871616.00
2019/06/20	23.60	24.23	23.40	24.09	33544973	802731904.00
2019/06/21	24.26	24.78	24.12	24.30	38951380	951016384.00
2019/06/24	24.39	24.40	23.80	23.94	24452598	588198336.00
2019/06/25	23.86	23.95	23.23	23.62	24284030	571825920.00
2019/06/26	23.62	24.48	23.50	24.08	36430010	880168896.00
2019/06/27	24.29	24.99	24.21	24.87	57533571	1417164416.00
2019/06/28	24.80	24.80	24.26	24.45	32775658	800888064.00
2019/07/01	25.56	26.44	25.31	26.11	71681623	1855053312.00
2019/07/02	26.01	26.44	25.95	26.31	47577103	1248173056.00
2019/07/03	26.50	26.93	25.79	26.12	44148623	1163624832.00
2019/07/04	26.31	26.61	25.88	26.22	35604883	935131904.00
2019/07/05	26.25	26.40	25.84	25.88	27804099	725433984.00
2019/07/08	25.71	25.71	24.51	24.73	40916017	1023273600.00
2019/07/09	24.83	24.90	24.22	24.62	24984741	615005760.00
2019/07/10	24.91	25.09	24.52	24.93	22580222	560865536.00
2019/07/11	25.09	25.20	24.66	24.78	22931681	570876992.00
2019/07/12	24.80	24.95	24.34	24.60	19497316	481709568.00
2019/07/15	23.01	23.60	22.30	23.23	64991791	1488469504.00
2019/07/16	23.37	24.24	23.26	23.95	47326684	1129963008.00
2019/07/17	23.88	24.44	23.76	24.00	28744749	693435840.00
2019/07/18	23.79	24.01	23.34	23.40	24461002	577360704.00
2019/07/19	23.59	23.95	23.35	23.62	18934531	448843520.00
2019/07/22	23.77	24.10	23.15	23.40	18605245	440157472.00
2019/07/23	23.41	24.34	23.31	24.28	28455190	680944832.00
2019/07/24	24.52	26.70	24.52	26.39	88628422	2307990016.00
2019/07/25	26.60	28.25	26.30	27.97	87372352	2390667520.00
2019/07/26	27.63	28.16	27.35	28.08	46306652	1285950720.00
2019/07/29	28.17	28.55	27.78	28.43	47618581	1343786112.00
2019/07/30	28.43	28.68	27.85	27.86	39302653	1106803840.00
2019/07/31	28.02	28.50	27.84	28.16	37994791	1073603072.00
2019/08/01	28.10	29.25	27.94	29.10	52761395	1514582912.00
2019/08/02	27.90	28.62	27.50	28.27	49713660	1396750976.00
2019/08/05	28.00	29.23	27.68	27.83	48302815	1370317824.00
2019/08/06	26.98	28.63	26.85	28.45	57700789	1593041792.00
2019/08/07	28.41	28.71	27.58	27.64	41189893	1156979456.00
2019/08/08	27.81	28.25	26.97	27.72	43672171	1205120640.00
2019/08/09	28.10	28.65	27.27	28.10	52070407	1463427456.00
2019/08/12	28.11	30.91	27.64	30.70	66854534	1970200448.00
2019/08/13	30.01	31.57	30.00	31.10	58955676	1818752512.00
2019/08/14	32.00	32.78	30.40	30.48	61682811	1952441216.00
2019/08/15	29.83	32.75	29.75	32.75	61113423	1899807104.00
2019/08/16	32.60	33.60	32.15	32.40	53849468	1766841472.00
2019/08/19	33.60	34.77	32.82	33.07	66352391	2232403200.00
2019/08/20	33.20	33.71	32.70	33.14	41889622	1391916032.00
2019/08/21	33.00	34.55	32.71	33.74	46094306	1550182144.00
2019/08/22	33.50	33.61	32.07	32.61	46646344	1530640640.00
2019/08/23	32.70	32.95	31.68	32.68	44739204	1441443712.00
2019/08/26	31.88	32.44	31.45	31.99	38777561	1237736832.00
2019/08/27	32.21	33.06	31.69	31.89	43913675	1421302400.00
2019/08/28	32.32	33.02	31.62	32.55	47617405	1552953984.00
2019/08/29	32.50	33.06	32.01	32.39	35181602	1146993920.00
2019/08/30	32.90	33.63	31.38	31.80	51250134	1670568576.00
2019/09/02	31.82	32.96	31.18	32.75	40188827	1294019072.00
2019/09/03	32.76	35.29	32.66	34.67	60445909	2068028416.00
2019/09/04	34.72	35.54	34.31	35.33	43046842	1507424512.00
2019/09/05	35.55	37.07	34.76	35.56	51062262	1828403584.00
2019/09/06	36.00	36.75	34.75	35.93	37984360	1354352768.00
2019/09/09	35.96	37.70	35.48	37.48	49260187	1798973952.00
2019/09/10	37.20	37.45	34.90	35.43	53423127	1919158144.00
2019/09/11	35.45	35.76	34.10	34.36	40485859	1407532288.00
2019/09/12	34.60	35.08	34.10	34.68	27311318	947308736.00
2019/09/16	35.00	35.80	34.25	35.40	34152548	1204215936.00
2019/09/17	35.10	35.60	34.15	34.90	26462036	922847808.00
2019/09/18	34.75	35.58	34.12	34.91	34360547	1197802880.00
2019/09/19	34.98	36.79	34.85	36.48	46807522	1676592640.00
2019/09/20	37.88	38.38	36.49	36.63	59861535	2241402368.00
2019/09/23	36.98	38.28	36.21	37.77	45310119	1691919360.00
2019/09/24	37.78	38.67	37.10	37.50	44440458	1682312960.00
2019/09/25	37.00	37.27	35.30	35.33	48694805	1751187200.00
2019/09/26	35.39	35.58	33.50	33.95	42032072	1450838912.00
2019/09/27	33.88	36.17	33.88	35.82	38120553	1346032768.00
2019/09/30	35.76	36.45	34.74	35.80	31593884	1132909952.00
2019/10/08	35.67	36.62	32.87	33.07	49871744	1721990528.00
2019/10/09	32.68	33.94	32.03	33.74	37472699	1241975552.00
2019/10/10	34.80	37.11	34.75	37.11	82391565	3016276480.00
2019/10/11	36.90	38.11	36.50	37.50	61627805	2301285376.00
2019/10/14	38.20	38.69	37.10	37.52	44768513	1690968960.00
2019/10/15	37.45	37.45	36.40	36.56	35741626	1317371264.00
2019/10/16	36.92	37.55	36.40	36.54	34345297	1266633856.00
2019/10/17	36.66	37.95	36.21	37.43	40474900	1511932800.00
2019/10/18	37.35	38.67	37.12	37.22	47180805	1787187328.00
2019/10/21	36.85	38.18	35.70	38.18	36154935	1345851648.00
2019/10/22	38.43	39.30	37.89	39.30	49711347	1921616640.00
2019/10/23	39.18	39.83	38.60	38.83	37236291	1460154112.00
2019/10/24	38.16	40.35	37.99	40.07	42187140	1665734400.00
2019/10/25	40.13	42.30	39.60	42.20	46145487	1894794752.00
数据来源:通达信
