300202 聚龙股份 日线 前复权
      日期	    开盘	    最高	    最低	    收盘	    成交量	    成交额
2015/09/02	17.67	19.52	17.67	18.00	33147060	610467264.00
2015/09/07	17.72	19.01	17.54	18.15	17332033	327086368.00
2015/09/08	17.79	19.17	17.03	19.02	14334813	265672304.00
2015/09/09	19.31	20.10	19.02	19.92	19130384	384598464.00
2015/09/10	19.99	20.77	19.42	19.93	16547657	342216928.00
2015/09/11	19.42	20.36	19.24	19.91	10291574	208369248.00
2015/09/14	20.02	20.02	17.87	17.87	9692395	185509264.00
2015/09/15	16.54	16.92	16.04	16.04	10449178	174878720.00
2015/09/16	16.04	17.69	15.62	17.69	13726520	234169088.00
2015/09/17	17.52	18.72	16.92	18.15	17263172	315791904.00
2015/09/18	18.04	18.37	17.54	18.16	12641270	232957664.00
2015/09/21	17.51	19.36	17.22	19.17	13055223	244549920.00
2015/09/22	19.07	19.60	18.47	19.32	11144853	218356096.00
2015/09/23	18.83	19.18	18.30	18.34	12805423	245057296.00
2015/09/24	18.47	19.02	18.35	18.82	10040717	192718448.00
2015/09/25	18.56	19.01	16.89	17.03	13193286	240886880.00
2015/09/28	17.13	18.04	16.74	18.02	9936552	178435744.00
2015/09/29	17.52	17.70	17.03	17.41	8153512	145606496.00
2015/09/30	17.44	17.72	17.02	17.35	5447918	97259688.00
2015/10/08	18.17	19.13	17.72	19.13	11809727	225921248.00
2015/10/09	19.32	21.09	19.12	20.38	23003940	475455168.00
2015/10/12	20.62	22.47	20.38	22.01	14422482	317398272.00
2015/10/13	21.81	22.10	21.12	21.82	10930276	242236848.00
2015/10/14	21.82	22.34	21.14	21.31	11936119	265180208.00
2015/10/15	21.02	23.49	20.97	23.32	16676818	381430752.00
2015/10/16	23.37	23.67	22.47	23.57	16395236	385765888.00
2015/10/19	23.52	24.07	22.51	23.08	15329911	365894368.00
2015/10/20	22.85	23.50	22.85	23.47	12222470	288810464.00
2015/10/21	24.34	25.87	22.02	22.59	28820442	720101824.00
2015/10/22	22.32	24.01	22.06	23.75	14697493	346392896.00
2015/10/23	24.23	26.02	23.55	25.59	16993878	424694080.00
2015/10/26	26.13	26.37	24.32	24.90	14692896	374846016.00
2015/10/27	24.88	25.02	23.34	24.72	13216050	327800160.00
2015/10/28	24.33	25.89	23.52	23.97	13543982	339526400.00
2015/10/29	24.03	24.49	23.57	24.11	8929091	218708528.00
2015/10/30	24.62	26.39	24.43	24.94	24727518	638023232.00
2015/11/02	23.77	27.48	23.77	27.12	35103065	942117312.00
2015/11/03	27.02	27.51	25.53	26.02	21520500	577584320.00
2015/11/04	26.22	28.00	26.22	27.70	21926333	604607680.00
2015/11/05	27.42	29.01	27.12	28.12	18821522	533380896.00
2015/11/06	27.94	29.48	27.73	29.22	15299598	448737792.00
2015/11/09	29.22	30.76	28.72	29.52	16576641	497422144.00
2015/11/10	29.09	29.50	28.32	28.68	13714276	402478432.00
2015/11/11	28.82	29.87	27.73	29.45	16171996	472068768.00
2015/11/12	29.65	29.71	27.82	28.24	15173812	439779168.00
2015/11/13	27.78	29.33	27.52	28.07	14999608	436900320.00
2015/11/16	27.22	28.77	26.60	28.72	10449192	297062848.00
2015/11/17	28.72	29.58	27.12	27.48	17787909	517648608.00
2015/11/18	27.92	28.76	27.55	28.12	14092718	406270624.00
2015/11/19	28.02	28.97	28.02	28.82	11228750	326755264.00
2015/11/20	29.13	31.75	29.13	31.75	24552958	775272768.00
2015/11/23	32.58	33.10	30.62	31.12	22947059	747085376.00
2015/11/24	30.77	31.22	28.77	30.73	18006855	549537216.00
2015/11/25	30.31	33.85	30.22	33.85	24991980	840647808.00
2015/11/26	35.32	37.28	33.27	37.27	28738189	1047317376.00
2015/11/27	37.32	37.86	34.12	34.82	16065950	585987328.00
2015/11/30	35.72	37.18	33.42	35.70	19365670	692601536.00
2015/12/01	35.52	36.38	32.27	33.69	14481024	503983968.00
2015/12/02	34.02	34.02	30.27	32.01	13098352	419124928.00
2015/12/03	32.02	34.32	30.99	33.84	9058629	300506560.00
2015/12/04	33.43	34.63	32.78	33.36	9832516	338010656.00
2015/12/07	33.07	33.52	31.10	32.22	12703901	414024736.00
2015/12/08	31.98	32.62	30.60	31.92	9775328	313819200.00
2015/12/09	31.77	32.17	30.29	30.33	11391273	357467872.00
2015/12/10	30.03	31.52	30.03	30.71	8057430	253884400.00
2015/12/11	30.62	32.51	30.25	31.52	7986005	256226256.00
2015/12/14	31.20	31.99	29.04	29.98	12452830	381658272.00
2015/12/15	30.26	32.01	29.40	31.68	11380896	354537312.00
2015/12/16	32.05	34.90	31.73	34.90	19233386	649868672.00
2015/12/17	35.12	37.42	34.94	36.62	20769552	768512576.00
2015/12/18	36.12	37.02	35.37	36.03	7798995	285743712.00
2015/12/21	37.68	37.89	35.12	35.74	8201249	299961696.00
2015/12/22	35.53	36.50	34.53	35.22	6937322	247922352.00
2015/12/23	34.88	35.22	33.67	33.67	8476082	295135488.00
2015/12/24	33.82	36.36	33.07	36.36	8142602	284244608.00
2015/12/25	36.13	37.31	34.60	35.10	8916506	321323808.00
2015/12/28	35.13	35.46	31.54	32.36	11811886	401250016.00
2015/12/29	32.48	32.92	31.70	31.99	6984339	228071392.00
2015/12/30	32.22	33.31	32.11	32.50	6798992	225026432.00
2015/12/31	32.52	33.09	31.23	31.71	6209936	201820176.00
2016/01/04	31.71	31.97	28.49	28.49	6580401	197975632.00
2016/01/05	25.59	28.22	25.59	25.62	14853172	394585600.00
2016/01/06	25.92	26.52	25.24	26.20	10814296	283987360.00
2016/01/07	25.51	25.51	23.53	23.53	2122500	52033108.00
2016/01/08	23.64	24.25	21.20	22.07	14773302	338170048.00
2016/01/11	21.21	21.21	19.82	19.82	12127958	252032032.00
2016/01/12	19.72	20.97	19.38	20.79	12216294	255152144.00
2016/01/13	21.17	21.17	19.03	19.15	7800692	163022096.00
2016/01/14	18.35	21.11	17.62	21.11	10096622	204610880.00
2016/01/15	21.12	22.21	20.23	20.85	13554123	297280928.00
2016/01/18	20.52	22.98	20.52	22.92	16385026	380092416.00
2016/01/19	22.53	24.53	22.34	24.11	13947125	331753344.00
2016/01/20	24.06	26.02	23.66	24.67	12407541	314923200.00
2016/01/21	24.32	25.32	23.07	23.27	8917455	220855968.00
2016/01/22	23.57	24.82	23.14	24.50	7885751	194121104.00
2016/01/25	24.82	26.30	24.74	25.42	7168769	186278032.00
2016/01/26	24.85	25.52	23.27	24.29	8568105	212163952.00
2016/01/27	24.22	24.47	21.81	22.66	10011833	228381600.00
2016/01/28	22.55	22.64	20.72	21.10	7674617	169545984.00
2016/01/29	21.42	23.26	21.25	22.97	6327283	143934368.00
2016/02/01	23.20	24.75	22.63	24.02	7726300	188771712.00
2016/02/02	24.04	26.42	24.04	24.82	8956739	229793344.00
2016/02/03	24.72	25.28	23.84	25.06	7021881	176726176.00
2016/02/04	25.02	25.81	24.52	24.93	7128358	182752560.00
2016/02/05	24.32	25.23	23.83	24.21	4388913	109577144.00
2016/02/15	23.02	24.65	23.02	24.19	4999369	123033976.00
2016/02/16	24.29	25.81	24.21	25.53	5839900	149987104.00
2016/02/17	25.53	26.22	25.06	25.58	6714992	174812112.00
2016/02/18	26.02	26.08	24.86	24.90	6449755	166571824.00
2016/02/19	24.97	25.82	24.59	25.34	7466657	191829840.00
2016/02/22	25.72	26.46	25.42	26.01	8317765	219318400.00
2016/02/23	25.82	26.32	25.19	25.86	10524882	274842848.00
2016/02/24	25.81	26.39	24.68	25.99	13463429	349777152.00
2016/02/25	25.93	25.93	23.34	23.34	13108265	325255968.00
2016/02/26	23.47	23.62	21.32	22.20	10313185	235853104.00
2016/02/29	21.73	21.75	19.93	19.93	9190432	189499216.00
2016/03/01	20.06	21.15	19.13	20.64	8173504	169961872.00
2016/03/02	20.67	21.90	20.44	21.88	7290926	157457120.00
2016/03/03	21.81	22.39	21.49	21.52	5748440	129130488.00
2016/03/04	21.02	21.70	19.63	19.70	6067532	128207040.00
2016/03/07	20.02	21.00	19.86	20.02	5221352	108538312.00
2016/03/08	20.02	20.62	18.82	20.41	7299056	148849056.00
2016/03/09	19.69	21.42	19.69	20.32	5446856	114816512.00
2016/03/10	20.17	20.82	19.92	20.12	3334997	69208392.00
2016/03/11	19.96	20.50	19.54	20.27	3056419	63050420.00
2016/03/14	20.53	22.00	20.53	21.62	6790517	148993040.00
2016/03/15	21.37	21.69	20.73	21.06	5260028	113799560.00
2016/03/16	21.47	21.92	20.52	20.81	3830945	82246808.00
2016/03/17	20.82	21.97	20.75	21.94	9021720	198790032.00
2016/03/18	22.17	24.18	22.17	23.52	13025402	308754560.00
2016/03/21	23.89	24.18	23.37	23.68	7320314	176770512.00
2016/03/22	23.70	24.05	23.37	23.61	5843424	141446048.00
2016/03/23	23.57	24.11	23.08	23.68	6861764	164698048.00
2016/03/24	23.14	23.69	22.85	23.07	5879222	139409504.00
2016/03/25	22.92	23.35	22.42	22.80	4279433	99825000.00
2016/03/28	23.09	23.59	22.36	22.62	7319943	172869264.00
2016/03/29	22.62	22.62	20.33	21.20	9995587	218749280.00
2016/03/30	21.32	22.17	21.23	21.94	8284254	183229664.00
2016/03/31	22.31	22.44	21.74	21.78	7824093	176308384.00
2016/04/01	21.85	21.85	20.59	21.35	6141310	132779088.00
2016/04/05	21.45	22.38	21.03	22.23	8711409	194928480.00
2016/04/06	22.72	23.34	22.23	22.65	11499353	267849792.00
2016/04/07	22.76	22.92	21.76	21.76	7990803	181695200.00
2016/04/08	21.52	21.72	20.59	21.13	7669630	166035424.00
2016/04/11	21.61	22.69	21.51	22.42	9575670	217507152.00
2016/04/12	22.53	23.21	22.02	22.36	9387336	216921872.00
2016/04/13	22.54	23.42	22.54	22.93	10742720	252197744.00
2016/04/14	22.98	23.22	22.68	23.15	8262869	193582368.00
2016/04/15	23.15	23.62	22.82	23.52	10554954	251186768.00
2016/04/18	23.25	23.25	22.53	22.65	6683263	155334400.00
2016/04/19	22.92	23.10	22.30	22.64	5093064	117665856.00
2016/04/20	22.78	22.85	20.62	21.15	7010480	154497424.00
2016/04/21	21.03	21.42	20.55	20.92	4305796	92498912.00
2016/04/22	20.67	21.15	20.37	21.02	3684848	78177904.00
2016/04/25	21.02	21.02	20.32	20.87	3627914	76982648.00
2016/04/26	20.87	21.15	20.47	21.09	3771257	80356464.00
2016/04/27	21.13	21.22	20.77	20.93	2955160	63512212.00
2016/04/28	20.78	21.19	20.52	21.11	3427023	72804744.00
2016/04/29	20.72	21.08	20.40	20.71	4147472	88071272.00
2016/05/03	20.92	21.45	20.52	21.38	5877139	126395056.00
2016/05/04	21.22	22.32	21.18	21.93	7307807	163221504.00
2016/05/05	21.87	22.04	21.45	21.84	4439069	98493520.00
2016/05/06	21.84	22.02	20.72	20.72	6767697	146488272.00
2016/05/09	20.67	20.67	19.52	19.69	6259777	127018776.00
2016/05/10	19.62	20.01	19.62	19.89	3086589	62761256.00
2016/05/11	20.07	20.32	19.57	19.59	2325301	47363680.00
2016/05/12	19.53	19.53	18.63	18.97	5500859	106269896.00
2016/05/13	18.97	19.32	18.27	18.51	3964307	75995912.00
2016/05/16	18.52	18.80	18.27	18.79	4917987	93323200.00
2016/05/17	18.72	19.04	18.37	18.68	7105467	136041040.00
2016/05/18	18.47	18.49	17.50	18.07	6347727	117035576.00
2016/05/19	17.87	18.62	17.87	18.32	7850499	147199008.00
2016/05/20	18.03	18.71	17.88	18.41	5292891	99935744.00
2016/05/23	18.58	19.89	18.53	19.72	8670811	169970992.00
2016/05/24	19.60	19.60	19.07	19.23	4063444	79873528.00
2016/05/25	19.32	20.10	19.07	19.07	5357095	107187848.00
2016/05/26	19.19	19.55	18.57	19.40	4002190	77327824.00
2016/05/27	19.25	19.48	18.96	19.25	2790871	54898868.00
2016/05/30	19.01	19.35	18.72	19.30	2173800	42391752.00
2016/05/31	19.40	21.09	19.15	20.90	8153078	167879376.00
2016/06/01	21.00	21.08	20.55	20.59	4335096	91643200.00
2016/06/02	20.36	20.80	20.36	20.73	2991716	62936612.00
2016/06/03	20.73	21.10	20.50	20.76	3961158	83757376.00
2016/06/06	20.77	21.00	19.89	20.00	5732942	118205048.00
2016/06/07	20.19	20.19	19.50	19.90	6334453	127767768.00
2016/06/08	19.80	19.89	19.50	19.69	5731682	115193360.00
2016/06/13	19.44	19.86	19.00	19.00	5394063	107333208.00
2016/06/14	18.98	19.09	18.46	18.65	4433753	84886040.00
2016/06/15	18.48	19.60	18.32	19.29	5981923	116907960.00
2016/06/16	19.32	19.37	18.63	18.93	5302089	102649728.00
2016/06/17	18.89	19.50	18.89	19.01	5334264	104499864.00
2016/06/20	19.19	19.19	18.50	19.00	4447883	85374968.00
2016/06/21	19.06	19.41	18.91	19.28	6868408	134576624.00
2016/06/22	19.31	20.15	19.20	19.99	8909006	179344944.00
2016/06/23	20.25	22.03	20.00	21.60	20574017	441917728.00
2016/06/24	21.46	23.80	21.26	23.40	32391292	754912064.00
2016/06/27	23.19	23.91	22.63	23.76	15818798	375349312.00
2016/06/28	23.30	24.01	23.10	23.98	15828940	378799680.00
2016/06/29	23.76	24.10	23.25	23.34	8122584	193980592.00
2016/06/30	23.48	24.10	22.93	23.81	13146813	314882336.00
2016/07/01	23.60	24.70	23.50	24.30	12549107	306405440.00
2016/07/04	23.70	24.20	22.97	23.65	12291742	294355808.00
2016/07/05	23.57	25.80	23.37	25.41	18548605	469367456.00
2016/07/06	25.10	25.30	24.42	25.10	8275761	209378144.00
2016/07/07	24.90	25.75	24.19	25.28	13738172	350847584.00
2016/07/08	25.20	25.43	24.55	24.94	7448065	189747200.00
2016/07/11	24.90	25.03	23.83	23.85	8606081	213387808.00
2016/07/12	24.18	24.79	22.60	24.20	16621402	401902496.00
2016/07/13	24.40	24.72	23.70	24.54	10048256	248136688.00
2016/07/14	25.09	27.03	24.60	26.25	16934106	451290624.00
2016/07/15	25.81	26.95	25.62	26.45	7397932	198193632.00
2016/07/18	26.33	26.58	25.40	26.00	5651237	148620976.00
2016/07/19	25.82	26.90	25.48	25.94	7755858	205183024.00
2016/07/20	25.89	25.89	25.05	25.80	7701351	198983520.00
2016/07/21	25.45	25.91	24.82	25.30	8749113	224527424.00
2016/07/22	25.14	25.32	24.70	24.70	5243726	133211736.00
2016/07/25	24.88	25.59	24.38	24.90	7205588	183309952.00
2016/07/26	25.40	26.10	25.20	26.10	8013958	209519456.00
2016/07/27	26.10	26.10	23.64	24.85	10146687	254625520.00
2016/07/28	24.30	24.99	23.79	24.38	7553147	185966288.00
2016/07/29	24.34	24.34	22.58	24.08	8049103	191238864.00
2016/08/01	23.38	23.75	22.75	23.59	5206824	122682640.00
2016/08/02	23.40	23.79	23.11	23.58	3638842	86685040.00
2016/08/03	23.56	23.72	23.23	23.45	3337345	79755136.00
2016/08/04	23.45	24.05	23.26	24.04	5236304	126310352.00
2016/08/05	23.90	24.75	23.81	23.81	3887754	95807256.00
2016/08/08	24.08	24.08	23.30	23.78	2738230	65819604.00
2016/08/09	23.86	24.75	23.80	24.50	5773145	143028976.00
2016/08/10	24.44	25.18	24.25	25.00	6282000	158722784.00
2016/08/11	25.09	25.40	24.68	24.79	4391060	111813536.00
2016/08/12	24.80	25.86	24.51	25.62	6990017	179325552.00
2016/08/15	25.60	26.80	25.30	26.78	8969422	237202400.00
2016/08/16	26.70	26.71	26.03	26.20	5204839	138715040.00
2016/08/17	26.30	26.80	25.91	26.70	7882228	211164512.00
2016/08/18	26.40	26.58	25.65	25.75	4685082	123623760.00
2016/08/19	25.71	26.10	25.55	26.10	2403200	62980456.00
2016/08/22	25.87	25.94	25.20	25.20	2548900	66263664.00
2016/08/23	25.48	25.58	25.01	25.50	2278201	58708744.00
2016/08/24	25.48	25.65	25.10	25.38	2530526	65216376.00
2016/08/25	25.23	25.78	24.62	25.66	4170372	106948280.00
2016/08/26	25.79	26.26	25.46	25.51	6478531	170354464.00
2016/08/29	24.80	25.10	23.54	24.48	9463022	233407616.00
2016/08/30	24.12	24.77	24.12	24.30	3140439	78366816.00
2016/08/31	24.40	24.72	24.22	24.48	1600937	39770972.00
2016/09/01	24.50	24.66	24.03	24.10	1780026	43934236.00
2016/09/02	24.27	24.35	23.25	24.05	3362767	81200528.00
2016/09/05	24.12	24.12	23.31	23.89	4270493	102921528.00
2016/09/06	23.70	25.89	23.70	25.69	7548534	191616400.00
2016/09/07	25.50	25.67	24.90	25.10	3417725	87953808.00
2016/09/08	25.00	26.18	24.92	25.34	3612713	94056216.00
2016/09/09	25.24	25.71	25.08	25.34	2984206	77068672.00
2016/09/12	24.86	24.86	24.24	24.78	3413457	85060360.00
2016/09/13	24.93	25.10	24.06	24.44	2421120	60112068.00
2016/09/14	24.10	24.50	22.50	24.20	11433649	271047040.00
2016/09/19	23.21	24.10	23.21	23.87	3965278	95510624.00
2016/09/20	23.87	24.05	23.52	23.85	2697410	65347516.00
2016/09/21	23.73	23.98	23.26	23.46	3343870	79841648.00
2016/09/22	23.76	25.81	23.59	25.07	13991052	354115552.00
2016/09/23	25.68	26.70	25.40	25.52	9868897	260803680.00
2016/09/26	26.11	26.29	25.04	25.15	7233513	188621632.00
2016/09/27	25.30	25.70	23.60	24.30	6272345	154649648.00
2016/09/28	24.49	24.89	23.81	24.80	4801115	119204256.00
2016/09/29	24.68	25.27	24.39	24.80	3604421	91192560.00
2016/09/30	24.60	25.14	24.40	24.50	2465738	61749372.00
2016/10/10	24.99	26.99	24.50	26.99	13101812	351223840.00
2016/10/11	27.60	27.79	26.99	27.57	14871969	412535168.00
2016/10/12	27.38	27.80	26.80	27.60	10430215	288802208.00
2016/10/13	27.60	28.08	27.21	27.52	9207058	257438512.00
2016/10/14	27.27	27.50	26.38	26.94	6718658	182727168.00
2016/10/17	27.30	27.30	25.88	26.29	8703309	233699264.00
2016/10/18	26.34	26.90	25.97	26.75	6127739	164871056.00
2016/10/19	26.74	27.04	26.32	26.83	5506906	149130032.00
2016/10/20	26.78	27.14	26.51	26.71	5249463	142917056.00
2016/10/21	26.63	26.76	26.00	26.52	5439069	145584496.00
2016/10/24	26.55	26.90	26.32	26.74	4393809	118892832.00
2016/10/25	26.77	26.90	26.38	26.80	4425707	119863368.00
2016/10/26	26.80	26.80	26.11	26.30	3177544	85194288.00
2016/10/27	26.50	26.77	26.14	26.64	3500130	94281936.00
2016/10/28	26.90	27.84	26.40	26.42	7395165	203338544.00
2016/10/31	25.98	26.37	25.75	26.11	3617286	95794360.00
2016/11/01	26.13	26.79	26.02	26.37	3733355	100214288.00
2016/11/02	26.37	26.64	26.12	26.39	3555329	95176736.00
2016/11/03	26.10	27.31	26.10	26.90	7861287	214270400.00
2016/11/04	26.85	27.10	26.62	26.87	5142063	140251952.00
2016/11/07	26.80	27.10	26.20	26.22	4607749	124660192.00
2016/11/08	26.26	26.88	26.10	26.86	4275466	114922848.00
2016/11/09	26.85	27.02	26.24	26.84	4742793	128440392.00
2016/11/10	27.03	27.32	26.55	27.07	4659257	127245568.00
2016/11/11	27.09	27.78	26.71	27.77	6652698	183702752.00
2016/11/14	27.95	29.10	27.77	28.69	10554064	304891392.00
2016/11/15	28.60	28.69	28.08	28.52	4236847	121879040.00
2016/11/16	28.52	29.10	27.42	27.90	5602192	159517072.00
2016/11/17	27.68	28.09	27.41	27.98	4739340	133580112.00
2016/11/18	27.70	28.10	27.34	27.92	5322581	149309200.00
2016/11/21	27.82	28.35	27.31	27.60	4233071	118413416.00
2016/11/22	27.69	27.85	27.25	27.83	4962217	138333872.00
2016/11/23	27.83	27.83	26.87	27.30	5640494	156522176.00
2016/11/24	27.32	27.32	26.45	26.80	6193395	167935328.00
2016/11/25	26.70	27.43	26.26	27.39	5261343	143584896.00
2016/11/28	27.39	27.58	27.09	27.10	2597595	71718480.00
2016/11/29	27.13	27.13	26.61	26.66	2628625	71489696.00
2016/11/30	26.66	26.90	26.20	26.49	4040676	108687920.00
2016/12/01	26.69	26.69	26.31	26.40	1910757	51329296.00
2016/12/02	26.40	26.57	25.77	26.00	5173946	136551248.00
2016/12/05	25.89	26.28	25.33	25.96	2508042	66368932.00
2016/12/06	26.00	26.30	25.65	25.91	1707824	44908928.00
2016/12/07	25.93	26.11	25.39	25.51	3857669	100412592.00
2016/12/08	25.69	25.69	25.36	25.40	2730361	70790072.00
2016/12/09	25.40	25.49	24.50	24.50	4569597	115451592.00
2016/12/12	24.49	24.85	23.30	24.40	6426268	156819216.00
2016/12/13	24.09	24.40	21.99	24.38	7660665	183553696.00
2016/12/14	23.75	24.10	23.15	23.40	5405054	128808400.00
2016/12/15	23.28	23.64	23.06	23.41	2976304	70789240.00
2016/12/16	23.60	23.77	23.26	23.38	2670235	63724424.00
2016/12/19	23.45	23.47	22.69	22.69	2209728	51590080.00
2016/12/20	22.70	22.88	22.20	22.71	2680322	61233112.00
2016/12/21	22.62	23.60	22.61	23.15	3046138	71875504.00
2016/12/22	23.20	23.54	22.91	23.36	2219001	52618812.00
2016/12/23	23.35	23.70	23.16	23.50	3149612	75164032.00
2016/12/26	23.50	24.05	23.00	23.93	2652755	63884152.00
2016/12/27	24.00	24.20	23.75	24.05	1874372	45670328.00
2016/12/28	24.16	24.39	23.80	24.30	2790427	68407824.00
2016/12/29	24.25	24.27	23.63	24.11	3820860	92923872.00
2016/12/30	24.01	24.20	23.68	24.20	2589943	62970252.00
2017/01/03	24.10	24.10	23.22	23.23	4083174	97725240.00
2017/01/04	23.26	23.26	22.67	23.00	4662639	108644200.00
2017/01/05	23.07	23.25	22.73	22.99	3618789	84511408.00
2017/01/06	23.04	23.07	22.01	22.20	5585699	127519536.00
2017/01/09	22.20	22.29	21.10	21.61	9021352	199104448.00
2017/01/10	21.76	21.76	21.31	21.45	5637273	123292024.00
2017/01/11	21.55	21.89	21.27	21.40	4703064	103470080.00
2017/01/12	21.48	21.80	21.21	21.34	3361083	73628592.00
2017/01/13	21.44	21.58	20.93	21.20	3199646	69063904.00
2017/01/16	21.20	21.30	19.12	20.00	5389393	111421800.00
2017/01/17	19.87	20.08	19.12	19.84	7782508	155656992.00
2017/01/18	19.79	19.86	19.30	19.30	4569170	91055904.00
2017/01/19	19.28	19.28	18.78	19.06	6663142	128956608.00
2017/01/20	19.01	19.73	18.91	19.65	11307364	223336048.00
2017/01/23	19.55	19.76	19.44	19.54	6965761	139192208.00
2017/01/24	19.55	19.59	19.00	19.06	4925474	96712056.00
2017/01/25	18.75	19.25	18.75	19.25	4137579	80614896.00
2017/01/26	19.29	19.41	19.07	19.20	3657435	71887304.00
2017/02/03	19.18	19.23	18.96	19.06	2554527	49778324.00
2017/02/06	19.04	19.72	18.95	19.69	7736297	152769440.00
2017/02/07	19.59	19.66	19.38	19.53	4252637	84704656.00
2017/02/08	19.58	19.90	19.42	19.84	4612855	92702936.00
2017/02/09	19.83	19.99	19.72	19.86	4674021	94513752.00
2017/02/10	20.78	20.78	19.71	19.73	6501042	133127832.00
2017/02/13	19.60	19.98	19.50	19.87	3366161	67889024.00
2017/02/14	19.92	19.95	19.65	19.75	2669673	53884860.00
2017/02/15	19.81	19.81	19.06	19.20	7241987	143487984.00
2017/02/16	19.20	19.41	19.10	19.21	3146087	61861456.00
2017/02/17	19.29	19.29	18.93	19.08	3167809	61731444.00
2017/02/20	19.12	19.23	18.88	19.19	3268931	63734076.00
2017/02/21	19.26	19.76	19.19	19.70	7722724	154026272.00
2017/02/22	19.78	20.01	19.61	19.81	8940685	181059296.00
2017/02/23	19.90	20.27	19.79	20.21	6534280	133227064.00
2017/02/24	20.26	20.83	20.22	20.56	7781503	163307600.00
2017/02/27	20.54	21.02	20.32	20.36	6198046	130199368.00
2017/02/28	20.40	20.40	19.95	20.19	4294146	88012608.00
2017/03/01	20.23	20.35	20.08	20.10	3855492	79356352.00
2017/03/02	20.03	20.28	19.95	20.00	3395800	69596104.00
2017/03/03	19.94	20.96	19.82	20.70	7620997	159039824.00
2017/03/06	20.81	20.99	20.50	20.93	6312999	133839440.00
2017/03/07	20.96	21.01	20.57	20.80	4501478	95219088.00
2017/03/08	20.90	21.71	20.90	21.22	11802426	256739552.00
2017/03/09	21.20	21.20	20.71	20.73	5798562	123366944.00
2017/03/10	20.73	20.95	20.24	20.34	5497486	114767008.00
2017/03/13	20.39	20.55	20.05	20.49	5096975	105555000.00
2017/03/14	20.38	20.54	20.27	20.38	4290542	89188608.00
2017/03/15	20.40	20.76	20.25	20.75	4655498	97660576.00
2017/03/16	20.85	20.99	20.62	20.85	4988672	105889544.00
2017/03/17	20.92	21.18	20.51	20.51	5440567	115860168.00
2017/03/20	20.52	20.60	19.72	20.11	5672067	116179344.00
2017/03/21	19.98	20.20	19.98	20.18	2845937	58410488.00
2017/03/22	20.10	20.32	19.76	19.89	3164612	64484536.00
2017/03/23	19.95	20.25	19.82	20.08	3346239	68256960.00
2017/03/24	20.10	20.47	19.96	20.41	3350476	69086664.00
2017/03/27	20.50	20.50	20.10	20.19	3624207	74969560.00
2017/03/28	20.20	20.33	19.92	19.96	3118680	63728252.00
2017/03/29	20.01	20.01	19.51	19.53	3048663	61346808.00
2017/03/30	19.54	19.61	19.06	19.08	3861474	75894104.00
2017/03/31	19.25	19.25	17.13	17.58	19150490	345369952.00
2017/04/05	17.60	18.14	17.33	17.95	9548408	174308976.00
2017/04/06	17.98	18.85	17.80	18.54	7008234	132123688.00
2017/04/07	18.51	18.67	18.18	18.37	3310805	62131024.00
2017/04/10	18.42	18.70	17.58	17.80	5166649	94840528.00
2017/04/11	17.70	18.14	17.58	18.13	5355113	97597168.00
2017/04/12	18.03	18.15	17.68	17.68	2849283	52058464.00
2017/04/13	17.67	17.93	17.66	17.80	2247820	40948144.00
2017/04/14	17.80	17.80	17.45	17.47	2860943	51345528.00
2017/04/17	17.47	17.70	17.29	17.50	2212814	39701968.00
2017/04/18	17.50	18.07	17.49	17.90	4086722	74594664.00
2017/04/19	17.80	17.90	17.22	17.46	4824791	85922440.00
2017/04/20	17.47	17.57	17.29	17.35	3025241	53852148.00
2017/04/21	17.44	17.44	16.95	17.25	3224081	56646488.00
2017/04/24	17.42	17.42	16.78	17.05	2752460	48263996.00
2017/04/25	17.30	17.49	17.10	17.32	2756333	48913760.00
2017/04/26	17.10	17.58	17.10	17.39	2042722	36399024.00
2017/04/27	17.36	17.85	17.11	17.85	4422061	79288016.00
2017/04/28	17.76	17.98	17.70	17.77	2749763	50093508.00
2017/05/02	17.76	17.88	17.56	17.75	2552400	46261252.00
2017/05/03	17.73	17.73	16.92	17.15	4691167	82767432.00
2017/05/04	17.10	17.29	16.85	17.07	3425694	59929088.00
2017/05/05	16.20	17.03	16.20	16.68	5053827	86396024.00
2017/05/08	16.58	16.75	16.37	16.41	2932424	49638028.00
2017/05/09	16.40	16.59	16.20	16.59	3606517	60550880.00
2017/05/10	16.60	16.61	16.27	16.33	4409598	74285072.00
2017/05/11	16.22	16.57	16.13	16.54	4527342	75931152.00
2017/05/12	16.54	16.75	16.46	16.71	3057202	51986228.00
2017/05/15	16.71	17.10	16.70	16.78	2301547	39711576.00
2017/05/16	16.77	17.05	16.55	16.99	3499117	60199532.00
2017/05/17	17.10	17.26	16.91	16.99	3098338	54189448.00
2017/05/18	16.81	17.13	16.77	17.04	2321540	40387972.00
2017/05/19	16.94	17.09	16.83	17.05	1535038	26645254.00
2017/05/22	17.05	17.08	16.41	16.58	2541514	43466876.00
2017/05/23	16.56	16.68	16.32	16.40	2216449	37374392.00
2017/05/24	16.39	16.70	15.99	16.50	2037198	33781192.00
2017/05/25	16.59	16.86	16.45	16.78	2341992	39306544.00
2017/05/26	16.76	16.81	16.52	16.66	1549240	25969056.00
2017/05/31	16.85	16.99	16.13	16.34	3156945	52374544.00
2017/06/01	16.32	16.38	16.02	16.28	3446149	56193316.00
2017/06/02	16.11	16.55	16.11	16.44	2659519	43752176.00
2017/06/05	16.55	16.74	16.32	16.59	2263887	37777432.00
2017/06/06	16.53	16.73	16.53	16.67	1773491	29693428.00
2017/06/07	16.73	17.34	16.66	17.33	4528556	77692696.00
2017/06/08	17.35	17.35	17.02	17.07	2605662	44989936.00
2017/06/09	17.08	17.16	16.95	17.03	1809464	30971866.00
2017/06/12	16.95	17.12	16.86	16.89	1720450	29367560.00
2017/06/13	16.96	17.20	16.71	17.10	2464246	42114360.00
2017/06/14	17.13	17.13	16.91	17.00	1452150	24812090.00
2017/06/15	17.00	17.45	16.95	17.18	3007390	52212284.00
2017/06/16	17.29	17.36	17.08	17.12	1895798	32718394.00
2017/06/19	17.23	17.23	16.90	17.18	1909221	32799494.00
2017/06/20	17.16	17.36	17.01	17.08	2210246	38248644.00
2017/06/21	17.10	17.18	16.85	17.10	2672365	45640572.00
2017/06/22	17.02	17.15	16.93	16.97	2395731	41061864.00
2017/06/23	17.00	17.04	16.36	16.81	2953432	49655336.00
2017/06/26	16.78	16.85	16.50	16.74	2110654	35337672.00
2017/06/27	16.74	16.90	16.66	16.74	2326329	39225080.00
2017/06/28	16.81	16.81	16.39	16.51	2590566	42927716.00
2017/06/29	16.48	16.69	16.32	16.60	3366241	55762320.00
2017/06/30	16.55	16.55	16.30	16.42	1908653	31543572.00
2017/07/03	16.45	16.61	16.32	16.43	4150998	68709080.00
2017/07/04	16.43	16.59	16.35	16.50	2853960	47233560.00
2017/07/05	16.48	16.56	16.38	16.54	2864947	47456236.00
2017/07/06	16.51	16.59	16.36	16.49	2837363	47002624.00
2017/07/07	16.50	16.62	16.40	16.55	3178411	52846052.00
2017/07/10	16.53	16.65	16.50	16.59	2445043	40752216.00
2017/07/11	16.60	17.45	16.41	16.64	5405807	91131576.00
2017/07/12	16.55	16.87	16.40	16.77	4587311	76718152.00
2017/07/13	16.72	16.76	16.50	16.71	2647007	44248152.00
2017/07/14	16.65	16.70	16.46	16.61	2199107	36634956.00
2017/07/17	16.55	16.55	15.41	16.00	6257515	99410296.00
2017/07/18	15.89	16.06	15.05	15.96	6419854	100806648.00
2017/07/19	15.78	16.07	15.62	16.02	3247051	52091444.00
2017/07/20	16.06	16.35	15.95	16.29	3051500	49841916.00
2017/07/21	16.29	16.75	16.14	16.75	4049717	67434080.00
2017/07/24	16.75	16.83	16.50	16.77	2889968	48603364.00
2017/07/25	16.72	16.95	16.68	16.90	2545680	43077904.00
2017/07/26	16.89	16.96	16.75	16.92	2674270	45401124.00
2017/07/27	16.90	17.43	16.78	17.38	5691821	98804680.00
2017/07/28	17.39	17.50	16.97	17.07	3526730	61141124.00
2017/07/31	17.05	17.14	16.88	16.93	3563852	60894640.00
2017/08/01	16.90	17.10	16.85	16.95	2622361	44793428.00
2017/08/02	17.01	17.34	16.93	17.03	3055051	52691376.00
2017/08/03	17.02	17.30	16.82	17.17	2193449	37726852.00
2017/08/04	17.17	17.20	16.81	17.09	3589913	61168888.00
2017/08/07	17.09	17.17	16.95	17.05	1995105	34184084.00
2017/08/08	17.05	17.20	16.92	17.08	2146632	36865680.00
2017/08/09	17.07	17.19	16.92	17.02	1819103	31199064.00
2017/08/10	17.04	17.05	16.79	16.97	2094369	35640156.00
2017/08/11	16.78	17.06	16.76	17.01	2068372	35270268.00
2017/08/14	17.01	17.85	16.96	17.61	5679181	99622112.00
2017/08/15	17.53	18.03	17.34	17.58	4497258	79188216.00
2017/08/16	17.52	17.97	17.31	17.89	5714747	101849600.00
2017/08/17	17.93	17.94	17.63	17.77	4266101	76300704.00
2017/08/18	17.72	17.88	17.46	17.51	3999815	71118112.00
2017/08/21	17.53	17.65	17.42	17.50	2293115	40377284.00
2017/08/22	17.60	17.75	17.31	17.35	3139418	55302476.00
2017/08/23	17.34	17.43	17.22	17.30	1861310	32437446.00
2017/08/24	17.28	17.38	16.90	17.08	3169202	54248716.00
2017/08/25	17.06	17.20	16.92	17.07	3917297	67139856.00
2017/08/28	17.07	17.38	17.07	17.38	3850722	66851716.00
2017/08/29	17.37	17.49	17.12	17.24	2479500	43046464.00
2017/08/30	17.28	17.28	17.00	17.01	3065898	52566240.00
2017/08/31	17.05	17.25	16.95	17.24	2784684	47924296.00
2017/09/01	17.24	17.24	16.92	17.12	3324337	56972244.00
2017/09/04	17.15	17.23	16.98	17.07	3657273	62909152.00
2017/09/05	17.08	17.24	17.01	17.17	2612869	45009356.00
2017/09/06	17.13	17.19	16.81	17.09	3025400	51696352.00
2017/09/07	17.05	17.23	16.95	17.05	2672155	45983472.00
2017/09/08	16.98	17.73	16.98	17.66	5492016	96021920.00
2017/09/11	17.52	18.01	17.44	17.65	4685590	83267936.00
2017/09/12	17.65	17.73	17.28	17.32	3890866	68037752.00
2017/09/13	17.31	17.40	17.01	17.20	2436666	42068116.00
2017/09/14	17.24	17.36	17.04	17.11	1746493	30073310.00
2017/09/15	17.04	17.20	16.99	17.09	1477900	25371962.00
2017/09/18	17.09	17.21	16.98	17.06	2629190	45166884.00
2017/09/19	17.09	17.09	16.86	17.00	2140214	36543700.00
2017/09/20	16.91	17.20	16.83	17.14	2786445	47792164.00
2017/09/21	17.19	17.32	17.03	17.03	1406300	24284456.00
2017/09/22	17.00	17.11	16.85	16.92	1280800	21804534.00
2017/09/25	16.94	17.02	16.83	16.90	1971695	33583260.00
2017/09/26	16.91	17.19	16.84	17.14	1697603	29060498.00
2017/09/27	17.15	17.55	17.15	17.47	6423511	112467152.00
2017/09/28	17.38	17.54	17.29	17.37	2590488	45342404.00
2017/09/29	17.48	17.65	17.37	17.55	4395451	77506192.00
2017/10/09	17.78	18.79	17.71	18.58	19282244	352465536.00
2017/10/10	18.84	19.21	18.67	19.05	13035605	249133616.00
2017/10/11	19.03	19.20	18.80	18.81	5376747	102240240.00
2017/10/12	19.00	19.04	18.52	18.67	4487830	84723784.00
2017/10/13	18.70	18.89	18.40	18.55	4145907	77456536.00
2017/10/16	17.89	18.54	17.88	18.13	9413116	172016400.00
2017/10/17	18.09	18.27	17.70	17.74	4167694	75121696.00
2017/10/18	17.80	17.95	17.60	17.61	2276520	40681196.00
2017/10/19	17.63	17.73	17.38	17.71	2293901	40550956.00
2017/10/20	17.72	17.87	17.63	17.79	1871038	33409670.00
2017/10/23	17.79	17.84	17.42	17.70	3297516	58327424.00
2017/10/24	17.70	18.03	17.48	17.99	2847568	50857904.00
2017/10/25	17.97	18.45	17.85	18.03	4535444	82689504.00
2017/10/26	18.00	18.25	17.93	18.03	3378400	61389752.00
2017/10/27	18.11	18.19	17.95	18.07	3188910	57941268.00
2017/10/30	18.08	18.15	17.48	17.70	4076909	72451456.00
2017/10/31	17.74	17.75	17.54	17.70	1691900	29992592.00
2017/11/01	17.67	18.12	17.60	18.08	4223049	75829056.00
2017/11/02	18.05	18.82	17.97	18.30	8879029	165571072.00
2017/11/03	18.33	18.55	18.15	18.37	4442968	82022712.00
2017/11/06	18.51	18.66	18.23	18.37	4128600	76756264.00
2017/11/07	18.38	18.69	18.26	18.42	3336429	62006468.00
2017/11/08	18.42	18.60	18.21	18.38	3653600	67661912.00
2017/11/09	18.26	18.50	18.13	18.24	2994190	55137152.00
2017/11/10	18.17	18.65	18.17	18.48	7955769	147915360.00
2017/11/13	18.50	18.67	18.34	18.67	4447371	82727688.00
2017/11/14	18.52	18.88	18.39	18.68	3781127	70712472.00
2017/11/15	18.68	18.80	18.56	18.73	3492614	65634360.00
2017/11/16	18.58	18.76	18.41	18.43	2299718	42901496.00
2017/11/17	18.43	18.48	17.75	17.99	5092945	92631432.00
2017/11/20	17.80	18.29	17.60	18.06	2933243	53118988.00
2017/11/21	18.20	18.20	17.92	18.04	1695539	30813762.00
2017/11/22	17.98	18.19	17.90	18.06	1760482	31945872.00
2017/11/23	18.26	18.28	17.40	17.50	3349219	59815316.00
2017/11/24	17.45	17.92	16.90	17.59	3506138	60888564.00
2017/11/27	17.50	17.50	16.95	17.09	2289305	39356560.00
2017/11/28	17.17	17.19	16.97	17.04	2473852	42475900.00
2017/11/29	17.04	17.09	16.76	17.00	2941661	50035160.00
2017/11/30	17.03	17.43	16.87	17.03	2761878	47666448.00
2017/12/01	17.03	17.44	16.96	17.36	1941099	33775140.00
2017/12/04	17.41	17.42	17.13	17.30	2355156	40889776.00
2017/12/05	17.12	17.66	17.12	17.49	2331283	40885604.00
2017/12/06	17.49	17.60	17.16	17.40	2129032	37057704.00
2017/12/07	17.40	17.83	17.30	17.67	3274653	58235600.00
2017/12/08	17.69	17.97	17.61	17.73	1514158	27134984.00
2017/12/11	17.77	17.90	17.60	17.65	1159857	20652176.00
2017/12/12	17.67	17.70	17.45	17.57	1444271	25458732.00
2017/12/13	17.57	17.70	17.42	17.57	2325754	41100976.00
2017/12/14	17.60	17.60	17.20	17.40	1888888	33071624.00
2017/12/15	17.43	17.51	17.30	17.39	823623	14429405.00
2017/12/18	17.30	17.75	17.30	17.63	1453808	25721908.00
2017/12/19	17.46	18.10	17.46	18.01	2417997	43570704.00
2017/12/20	17.82	17.96	17.55	17.74	2274403	40382724.00
2017/12/21	17.70	18.01	17.62	17.90	2895941	52114672.00
2017/12/22	17.89	18.12	17.75	18.06	2416000	43771808.00
2017/12/25	18.15	18.20	17.82	17.84	1667616	30092022.00
2017/12/26	17.85	17.89	17.44	17.77	1817587	32241384.00
2017/12/27	17.77	17.84	17.26	17.40	2084963	36742212.00
2017/12/28	17.35	17.58	17.30	17.33	2271555	39834064.00
2017/12/29	17.33	17.85	17.03	17.85	3308781	58250124.00
2018/01/02	17.72	17.95	17.62	17.91	1756506	31393084.00
2018/01/03	17.91	18.13	17.80	17.99	1756682	31840762.00
2018/01/04	18.04	18.04	17.79	17.88	1095338	19714102.00
2018/01/05	18.02	18.19	17.85	17.85	2842236	51495148.00
2018/01/08	18.00	18.35	17.63	18.30	4571523	83435568.00
2018/01/09	18.11	18.54	18.11	18.47	5628949	103985784.00
2018/01/10	18.47	19.06	18.30	18.93	7890163	148526912.00
2018/01/11	18.70	20.04	18.61	19.54	11424087	222248992.00
2018/01/12	19.33	19.41	18.58	18.95	8265162	157527216.00
2018/01/15	18.61	18.84	18.31	18.53	4268897	79640376.00
2018/01/16	18.66	18.90	18.47	18.79	2441390	45929068.00
2018/01/17	18.70	19.07	18.10	18.40	2853806	52766756.00
2018/01/18	18.40	18.55	18.19	18.23	1561901	28807848.00
2018/01/19	18.21	18.43	18.15	18.43	1346301	24796746.00
2018/01/22	18.42	19.00	18.34	18.87	3805222	71908048.00
2018/01/23	18.89	18.95	18.63	18.78	2270584	42890992.00
2018/01/24	18.83	18.93	18.70	18.80	2036298	38512684.00
2018/01/25	18.89	18.92	18.56	18.59	3594163	67739376.00
2018/01/26	18.62	18.62	18.44	18.49	2215501	41194584.00
2018/01/29	18.30	18.99	18.11	18.89	5977673	110967688.00
2018/01/30	18.90	19.18	18.68	18.95	2497145	47555268.00
2018/01/31	18.93	19.10	18.61	19.00	2430141	46040288.00
2018/02/01	19.10	19.17	18.07	18.20	2964529	55602360.00
2018/02/02	18.20	18.46	17.40	18.20	2739167	49455208.00
2018/02/05	17.98	18.34	17.73	18.15	1169987	21184268.00
2018/02/06	18.03	18.06	17.50	17.76	2026052	36275680.00
2018/02/07	17.89	18.28	17.78	18.14	1468040	26594168.00
2018/02/08	18.26	18.50	18.01	18.40	1282287	23633974.00
2018/02/09	18.13	18.40	17.70	18.38	1854015	33819304.00
2018/02/12	18.49	18.93	18.28	18.85	2550026	48201008.00
2018/02/13	19.00	19.09	18.63	18.70	2132652	40601348.00
2018/02/14	18.69	19.23	18.69	19.18	2826241	54119204.00
2018/02/22	19.24	19.47	18.99	19.41	3234648	62720856.00
2018/02/23	19.41	19.43	19.15	19.21	1423842	27563956.00
2018/02/26	19.25	19.61	18.85	19.59	3040499	59323840.00
2018/02/27	19.55	19.83	19.21	19.35	2242104	43862708.00
2018/02/28	19.15	19.60	19.04	19.55	1771453	34536164.00
2018/03/01	19.40	20.13	19.29	19.97	3762457	74960040.00
2018/03/02	19.90	20.87	19.75	20.63	5433526	111876640.00
2018/03/05	20.48	21.17	20.35	20.61	5873697	122045056.00
2018/03/06	20.62	21.77	20.62	21.24	6847409	146237120.00
2018/03/07	21.23	21.40	20.83	20.95	3800844	80741368.00
2018/03/08	21.00	21.15	20.75	20.96	3305794	69486624.00
2018/03/09	20.99	21.64	20.85	21.52	4281665	91714576.00
2018/03/12	21.51	21.74	21.30	21.43	3489681	75472072.00
2018/03/13	21.40	21.40	20.85	20.90	3251529	68693216.00
2018/03/14	20.98	21.05	20.58	20.72	2652679	55396468.00
2018/03/15	20.56	20.79	20.36	20.70	3202567	66240268.00
2018/03/16	20.70	20.78	20.40	20.62	2425699	50266220.00
2018/03/19	20.62	21.05	20.25	20.91	4167406	87021880.00
2018/03/20	20.70	21.65	20.63	21.48	4328597	92692440.00
2018/03/21	21.50	21.85	20.90	21.14	5232724	113502888.00
2018/03/22	21.03	21.35	20.80	20.90	1834200	38765936.00
2018/03/23	20.49	20.90	19.23	19.93	3786479	76431440.00
2018/03/26	19.70	20.37	19.57	20.29	2306322	46393248.00
2018/03/27	20.55	21.02	20.38	20.90	3801438	79084088.00
2018/03/28	20.64	20.82	20.48	20.64	2303188	47760816.00
2018/03/29	20.70	21.05	20.57	21.05	1786907	37349176.00
2018/03/30	21.18	22.11	20.97	22.00	7015403	153130176.00
2018/04/02	22.00	22.45	21.76	21.76	2639365	58331260.00
2018/04/03	21.57	22.08	21.41	21.88	2037286	44589760.00
2018/04/04	22.01	22.46	21.52	22.30	4417520	98212576.00
2018/04/09	22.30	22.97	21.91	22.87	4183140	94774144.00
2018/04/10	22.62	23.18	22.30	22.45	4335141	99228304.00
2018/04/11	22.44	22.84	22.34	22.70	3678252	83350704.00
2018/04/12	22.45	22.83	22.40	22.50	1930488	43879956.00
2018/04/13	22.54	23.07	22.54	22.60	3047482	69828240.00
2018/04/16	23.00	23.58	22.56	22.99	7288187	169766384.00
2018/04/17	22.80	23.35	22.31	22.50	4757958	109950720.00
2018/04/18	22.86	22.86	21.50	22.02	5395100	119295872.00
2018/04/19	22.30	22.67	21.77	22.00	4704917	105252584.00
2018/04/20	21.68	22.00	20.93	21.14	4583527	99408112.00
2018/04/23	21.15	21.48	20.68	20.92	4012670	84791608.00
2018/04/24	20.93	21.55	20.66	21.13	4997984	106505120.00
2018/04/25	21.08	21.79	20.94	21.50	6604199	142449072.00
2018/04/26	21.51	21.51	20.51	20.54	3732301	78222776.00
2018/04/27	20.79	20.99	20.30	20.75	2813763	58626920.00
2018/05/02	20.76	21.00	20.33	20.48	2353287	48658160.00
2018/05/03	20.48	21.10	20.16	21.09	3209725	66742808.00
2018/05/04	21.02	21.28	20.63	20.70	2383521	50355772.00
2018/05/07	20.75	21.24	20.65	21.10	2703649	57179732.00
2018/05/08	21.05	21.27	20.74	21.08	2356900	49603048.00
2018/05/09	21.09	21.09	20.14	20.22	4162606	85440232.00
2018/05/10	20.35	20.69	20.16	20.62	3816282	78528488.00
2018/05/11	20.61	20.83	20.22	20.31	2533819	52106364.00
2018/05/14	20.45	20.61	19.84	19.85	2996133	60741188.00
2018/05/15	19.85	20.59	19.81	20.42	3808432	76724272.00
2018/05/16	20.45	20.76	20.32	20.53	2757274	56868716.00
2018/05/17	20.53	20.63	20.13	20.18	1715845	34826668.00
2018/05/18	20.18	20.74	20.13	20.70	2157638	44146064.00
2018/05/21	20.72	20.92	20.34	20.46	3253186	66665684.00
2018/05/22	20.46	20.63	20.21	20.23	3703373	75389736.00
2018/05/23	20.18	20.65	20.16	20.53	3661215	75119704.00
2018/05/24	20.67	20.73	20.30	20.53	2868230	58683084.00
2018/05/25	20.55	20.63	20.07	20.20	1870187	37776112.00
2018/05/28	20.11	20.34	19.61	19.70	2451704	48696152.00
2018/05/29	19.70	20.05	19.38	19.54	2384545	47122268.00
2018/05/30	19.36	19.40	18.70	19.20	2269684	43286916.00
2018/05/31	19.20	19.31	18.81	18.92	1864570	35468320.00
2018/06/01	18.80	19.58	18.24	19.52	4942752	92999600.00
2018/06/04	19.50	20.38	19.33	20.05	5797087	116786288.00
2018/06/05	20.00	20.26	19.61	20.00	3821454	75900488.00
2018/06/06	20.00	20.08	19.50	19.50	2124814	41878908.00
2018/06/07	19.69	19.78	18.98	19.60	3022174	58858460.00
2018/06/08	19.65	19.65	19.03	19.35	1225785	23680240.00
2018/06/11	19.52	19.59	19.23	19.35	1217988	23670358.00
2018/06/12	19.33	19.59	19.17	19.35	1653000	32007676.00
2018/06/13	19.35	19.50	18.78	18.80	1330502	25308156.00
2018/06/14	18.88	19.18	18.75	19.03	1021155	19420176.00
2018/06/15	19.10	19.22	18.50	19.10	1997001	37623000.00
2018/06/19	18.97	18.97	17.19	17.59	2643392	47190408.00
2018/06/20	17.34	17.80	16.99	17.75	2255797	39108208.00
2018/06/21	17.75	17.75	17.08	17.60	1633827	28517416.00
2018/06/22	17.30	17.43	15.84	15.84	2999592	49527364.00
2018/06/25	14.39	15.78	14.26	14.26	14665349	212895376.00
2018/06/26	12.83	13.47	12.83	12.83	2277200	29293608.00
2018/06/27	11.58	12.05	11.55	11.55	6642400	77364368.00
2018/06/28	10.40	11.19	10.40	10.40	22388962	235594544.00
2018/06/29	10.15	10.55	9.94	10.43	20726887	214602208.00
2018/07/02	10.39	10.48	10.03	10.35	16135841	166311184.00
2018/07/03	10.39	10.77	10.23	10.67	21272241	223704672.00
2018/07/04	10.61	10.72	10.36	10.61	11676680	122760168.00
2018/07/05	10.54	10.58	10.10	10.20	8972664	92945744.00
2018/07/06	10.10	10.38	9.55	10.10	11849068	118266104.00
2018/07/09	10.08	10.24	9.96	10.11	9465965	95280960.00
2018/07/10	10.09	10.18	9.85	10.02	6625160	66177588.00
2018/07/11	9.83	9.83	9.02	9.07	14097434	130332952.00
2018/07/12	9.10	9.98	9.09	9.98	11006524	105656312.00
2018/07/13	10.32	10.46	9.93	9.96	17736887	180598976.00
2018/07/16	10.29	10.67	10.16	10.25	11748330	122045312.00
2018/07/17	10.59	10.68	10.02	10.28	10203698	105095968.00
2018/07/18	10.43	10.47	10.15	10.25	9801176	100836448.00
2018/07/19	10.30	10.33	9.62	10.05	8227727	82196096.00
2018/07/20	9.95	10.43	9.95	10.19	8244909	84252360.00
2018/07/23	10.15	10.39	10.08	10.22	5267560	53939192.00
2018/07/24	10.20	10.52	10.17	10.45	8414994	87449736.00
2018/07/25	10.57	11.50	10.50	11.35	16895543	188520736.00
2018/07/26	11.10	11.20	10.63	10.78	14627269	158728896.00
2018/07/27	10.71	10.95	10.52	10.63	7843772	84190776.00
2018/07/30	10.63	10.86	10.16	10.27	7840226	82041864.00
2018/07/31	10.45	10.69	10.22	10.64	8559690	89915664.00
2018/08/01	10.72	10.80	10.05	10.22	8467892	87488792.00
2018/08/02	10.00	10.16	9.21	9.77	7269635	70238616.00
2018/08/03	9.68	9.82	9.50	9.68	4568645	44160940.00
2018/08/06	9.70	9.70	9.11	9.24	5316372	49957816.00
2018/08/07	9.29	9.95	9.27	9.79	8094713	77899312.00
2018/08/08	9.68	9.95	9.51	9.67	4796194	46687952.00
2018/08/09	9.70	9.95	9.54	9.73	5439199	53352192.00
2018/08/10	9.72	9.83	9.61	9.75	3216653	31330740.00
2018/08/13	9.58	10.70	9.57	10.30	14400231	148703040.00
2018/08/14	10.34	10.49	10.03	10.36	8124509	83609968.00
2018/08/15	10.48	10.48	9.88	9.99	7742522	78604752.00
2018/08/16	9.81	10.01	9.50	9.93	5614030	55029568.00
2018/08/17	9.93	10.04	9.10	9.51	6657228	63569676.00
2018/08/20	9.40	9.58	9.03	9.45	5338589	49546328.00
2018/08/21	9.45	9.56	9.32	9.47	4321321	40940060.00
2018/08/22	9.37	9.47	9.17	9.33	3347395	31191604.00
2018/08/23	9.35	9.44	9.25	9.31	2604601	24353598.00
2018/08/24	9.35	9.49	9.22	9.31	3167824	29530328.00
2018/08/27	9.39	9.50	9.26	9.46	5061068	47410920.00
2018/08/28	9.42	9.48	9.35	9.38	2956908	27814676.00
2018/08/29	9.43	9.43	8.55	9.17	7620302	68856536.00
2018/08/30	9.01	9.35	8.93	9.06	5152073	47123076.00
2018/08/31	9.11	9.15	8.76	9.06	6662787	59529992.00
2018/09/03	9.01	9.03	8.79	8.91	3357682	29899258.00
2018/09/04	8.91	9.02	8.81	8.91	9648821	85962496.00
2018/09/05	8.90	9.31	8.88	8.99	8164188	74278352.00
2018/09/06	8.99	9.10	8.73	8.87	5845726	52039984.00
2018/09/07	8.85	9.03	8.67	8.84	6063007	53530276.00
2018/09/10	8.83	9.07	8.67	8.91	4933570	43896624.00
2018/09/11	8.89	8.92	8.66	8.92	3180206	28058242.00
2018/09/12	8.88	9.09	8.77	8.88	3337488	29859944.00
2018/09/13	8.93	9.07	8.88	9.00	2812467	25260272.00
2018/09/14	9.01	9.06	8.92	8.93	3538996	31861434.00
2018/09/17	8.95	9.06	8.73	8.82	2825401	25237072.00
2018/09/18	8.87	8.98	8.70	8.94	4438490	39335792.00
2018/09/19	8.94	9.09	8.82	9.01	5440012	48872768.00
2018/09/20	9.10	9.10	8.88	8.97	4478145	40220208.00
2018/09/21	9.00	9.09	8.82	9.04	6346478	56945320.00
2018/09/25	9.03	9.18	8.91	8.97	5724655	51627104.00
2018/09/26	9.20	9.20	8.96	9.01	3525887	31864080.00
2018/09/27	9.07	9.07	8.78	8.84	3856736	34332616.00
2018/09/28	8.79	9.07	8.72	9.04	5751460	51357304.00
2018/10/08	8.97	8.97	8.56	8.62	3448977	30320916.00
2018/10/09	8.50	8.64	8.02	8.30	6505355	53881272.00
2018/10/10	8.20	8.45	7.83	8.30	6412539	52019448.00
2018/10/11	7.96	8.06	7.47	7.49	7186107	55482300.00
2018/10/12	7.48	7.52	6.81	7.39	8153789	57921964.00
2018/10/15	7.29	7.39	6.65	6.95	6623978	46211204.00
2018/10/16	6.79	6.90	6.28	6.36	7149452	46889412.00
2018/10/17	6.49	6.68	6.38	6.56	6562692	42923064.00
2018/10/18	6.57	6.61	6.13	6.25	9878647	62544920.00
2018/10/19	5.93	6.45	5.93	6.28	9046400	56810760.00
2018/10/22	6.38	6.72	6.38	6.62	12291355	80940968.00
2018/10/23	6.76	7.08	6.43	6.48	14331729	95864200.00
2018/10/24	6.57	6.64	6.35	6.44	9244530	60165788.00
2018/10/25	6.18	6.64	6.18	6.58	7862723	50545200.00
2018/10/26	6.64	6.74	6.33	6.53	8639386	56073032.00
2018/10/29	6.41	6.48	6.27	6.38	6647967	42437316.00
2018/10/30	6.35	6.40	6.05	6.31	9537449	59404780.00
2018/10/31	6.33	6.94	6.26	6.94	16033823	106664408.00
2018/11/01	7.12	7.18	6.69	6.74	18655575	129179792.00
2018/11/02	6.86	7.39	6.77	7.16	17137503	120614440.00
2018/11/05	7.12	7.26	6.93	7.08	14144071	100070112.00
2018/11/06	7.05	7.08	6.74	6.88	10742855	73546984.00
2018/11/07	6.94	7.37	6.88	6.91	15532710	110144184.00
2018/11/08	6.97	7.29	6.94	7.09	15838592	112676296.00
2018/11/09	6.99	7.08	6.84	7.01	11197933	78063264.00
2018/11/12	7.02	7.36	6.99	7.28	12385732	89027280.00
2018/11/13	7.22	7.73	7.20	7.57	19686524	147382208.00
2018/11/14	7.57	7.77	7.45	7.57	13988837	105995344.00
2018/11/15	7.60	7.95	7.55	7.91	15452867	119356824.00
2018/11/16	7.87	8.04	7.71	7.94	12772661	100412328.00
2018/11/19	7.94	7.94	7.54	7.77	12125692	93721808.00
2018/11/20	7.76	8.04	7.57	7.61	10687663	83517592.00
2018/11/21	7.45	7.78	7.39	7.71	6935251	52665748.00
2018/11/22	7.71	7.83	7.67	7.75	7558822	58581348.00
2018/11/23	7.75	7.81	7.18	7.33	9400084	69810304.00
2018/11/26	7.33	7.38	7.07	7.24	7882287	57082976.00
2018/11/27	7.24	7.60	7.24	7.49	9645255	71726680.00
2018/11/28	7.54	7.58	7.13	7.41	8640950	63712504.00
2018/11/29	7.54	7.74	7.15	7.31	10772470	80515112.00
2018/11/30	7.15	7.23	6.87	7.08	8125908	57348980.00
2018/12/03	7.26	7.79	7.19	7.79	16187176	122761000.00
2018/12/04	8.01	8.16	7.75	7.78	24110837	190907360.00
2018/12/05	7.63	7.98	7.58	7.81	15255808	118668408.00
2018/12/06	7.73	7.90	7.33	7.40	14483670	108555752.00
2018/12/07	7.45	7.52	7.19	7.27	8875884	65119984.00
2018/12/10	7.13	7.26	7.07	7.13	5365038	38452648.00
2018/12/11	7.15	7.26	7.05	7.26	5907517	42394724.00
2018/12/12	7.26	7.29	7.08	7.12	5975194	42723096.00
2018/12/13	7.12	7.30	6.97	7.22	8760791	62891716.00
2018/12/14	7.16	7.24	6.73	6.73	10155944	70705920.00
2018/12/17	6.73	6.85	6.58	6.81	5245362	35407560.00
2018/12/18	6.76	6.86	6.60	6.78	4706277	31796754.00
2018/12/19	6.75	6.80	6.54	6.65	3949379	26484388.00
2018/12/20	6.60	6.86	6.60	6.72	4938856	33243302.00
2018/12/21	6.67	6.79	6.67	6.70	4281100	28801142.00
2018/12/24	6.73	6.82	6.65	6.74	3918847	26443490.00
2018/12/25	6.68	6.68	6.14	6.40	9745895	61756616.00
2018/12/26	6.35	6.52	6.35	6.49	7623643	49368768.00
2018/12/27	6.62	6.74	6.31	6.35	6058278	39878648.00
2018/12/28	6.45	6.54	6.36	6.44	5661043	36520080.00
2019/01/02	6.44	6.57	6.29	6.35	4820428	30998842.00
2019/01/03	6.40	6.59	6.35	6.42	5092083	32889182.00
2019/01/04	6.34	6.59	6.25	6.58	7713381	49938764.00
2019/01/07	6.62	6.73	6.60	6.69	7313901	48767720.00
2019/01/08	6.68	6.78	6.63	6.68	5789834	38761356.00
2019/01/09	6.69	6.82	6.64	6.72	9777243	66026324.00
2019/01/10	6.70	6.77	6.58	6.63	6966962	46543704.00
2019/01/11	6.66	6.78	6.63	6.75	7707083	51714968.00
2019/01/14	6.66	6.71	6.36	6.40	9700860	63336008.00
2019/01/15	6.45	7.04	6.41	6.74	14687665	98651624.00
2019/01/16	6.77	6.91	6.69	6.70	11046909	75082152.00
2019/01/17	6.72	6.74	6.51	6.53	7581770	50191180.00
2019/01/18	6.59	6.66	6.44	6.57	6011896	39360580.00
2019/01/21	6.48	6.68	6.48	6.57	6021195	39684864.00
2019/01/22	6.63	6.63	6.41	6.44	6364123	41300912.00
2019/01/23	6.44	6.44	6.25	6.36	5974676	37825316.00
2019/01/24	6.36	6.46	6.25	6.34	6236858	39604544.00
2019/01/25	6.32	6.38	6.15	6.17	6510116	40745348.00
2019/01/28	6.21	6.27	6.11	6.13	5589952	34688400.00
2019/01/29	6.13	6.13	5.58	5.80	9230825	53887068.00
2019/01/30	5.79	5.88	5.70	5.71	5338523	30952036.00
2019/01/31	5.73	5.73	5.46	5.53	7701755	42888116.00
2019/02/01	5.55	5.88	5.55	5.84	6932174	39639448.00
2019/02/11	5.93	5.96	5.86	5.94	5244160	31062750.00
2019/02/12	5.94	6.18	5.92	6.11	7801255	47287496.00
2019/02/13	6.12	6.27	6.10	6.24	6392608	39461504.00
2019/02/14	6.23	6.30	6.15	6.26	4975529	31013494.00
2019/02/15	6.29	6.43	6.23	6.27	5285303	33319552.00
2019/02/18	6.29	6.57	6.28	6.55	7982326	51335176.00
2019/02/19	6.57	6.70	6.45	6.59	9010106	59349472.00
2019/02/20	6.61	6.88	6.51	6.63	11452701	76509224.00
2019/02/21	6.65	6.81	6.51	6.55	10398685	69083720.00
2019/02/22	6.53	6.82	6.50	6.81	11858857	79227304.00
2019/02/25	7.07	7.49	7.07	7.49	18519010	135667696.00
2019/02/26	7.88	8.24	7.70	8.24	18679952	149480656.00
2019/02/27	8.88	8.88	7.52	7.74	46084718	373406848.00
2019/02/28	7.57	8.13	7.52	7.79	30418525	236944816.00
2019/03/01	7.90	8.07	7.76	7.89	26601505	210123168.00
2019/03/04	7.90	8.13	7.69	7.86	26989212	213809968.00
2019/03/05	7.88	8.20	7.81	8.17	26338092	210764688.00
2019/03/06	8.36	8.48	7.98	8.40	28636547	235458224.00
2019/03/07	8.31	9.24	8.19	9.24	35920690	312600704.00
2019/03/08	8.80	9.55	8.32	8.32	35155344	312798976.00
2019/03/11	8.61	8.88	8.30	8.75	22781743	195253376.00
2019/03/12	8.92	9.25	8.65	8.98	26527233	237173504.00
2019/03/13	9.01	9.11	8.44	8.51	20237238	175754512.00
2019/03/14	8.50	8.65	7.93	8.11	17414458	142855392.00
2019/03/15	8.21	8.35	8.06	8.18	11135285	91507960.00
2019/03/18	8.20	8.43	8.16	8.39	10949791	90735600.00
2019/03/19	8.39	8.54	8.21	8.31	11381476	95455640.00
2019/03/20	8.33	8.54	8.13	8.33	12573373	104701688.00
2019/03/21	8.38	8.77	8.32	8.61	20238250	173439136.00
2019/03/22	9.04	9.12	8.30	8.46	16497980	141134720.00
2019/03/25	8.32	8.83	8.20	8.36	18573462	158221488.00
2019/03/26	8.36	8.52	7.98	8.00	14591184	120054192.00
2019/03/27	8.06	8.16	7.92	8.07	10234715	82315056.00
2019/03/28	8.04	8.75	7.92	8.49	28119532	235776624.00
2019/03/29	8.42	9.05	8.42	8.98	39351923	346909792.00
2019/04/01	9.88	9.88	9.88	9.88	13715872	135512816.00
2019/04/02	10.79	10.87	10.23	10.27	64072883	682708544.00
2019/04/03	10.20	10.70	9.70	9.98	46824215	472951968.00
2019/04/04	9.91	10.85	9.64	10.51	52499443	534462816.00
2019/04/08	10.49	10.55	9.75	9.94	33783644	344369760.00
2019/04/09	9.94	10.38	9.71	10.14	29885459	302146848.00
2019/04/10	10.10	10.15	9.69	9.69	20143803	198894160.00
2019/04/11	9.64	9.80	9.31	9.32	18928707	179668672.00
2019/04/12	9.43	9.45	9.17	9.28	10059605	93563576.00
2019/04/15	9.34	9.53	9.06	9.07	13664756	127095512.00
2019/04/16	9.02	9.34	8.92	9.33	13600497	124328744.00
2019/04/17	9.31	9.49	9.21	9.35	13426187	125345848.00
2019/04/18	9.35	9.35	9.05	9.07	11618597	106883256.00
2019/04/19	9.10	9.26	9.03	9.22	9022556	82613976.00
2019/04/22	9.40	9.40	9.13	9.14	9875795	91525024.00
2019/04/23	8.60	8.87	8.23	8.23	18654032	154712368.00
2019/04/24	7.95	8.37	7.86	8.30	16657936	136174208.00
2019/04/25	8.38	8.66	8.17	8.46	19348929	163821712.00
2019/04/26	8.50	9.31	8.33	9.31	22885110	208920320.00
2019/04/29	9.53	9.85	8.81	9.06	45283576	424486752.00
2019/04/30	8.82	9.40	8.15	8.24	36989385	321175456.00
2019/05/06	7.42	7.65	7.42	7.42	12426091	92350888.00
2019/05/07	7.21	7.35	6.81	7.02	21860058	154294816.00
2019/05/08	6.79	7.07	6.60	6.89	14361443	99126656.00
2019/05/09	6.82	7.04	6.82	6.88	9750215	67636272.00
2019/05/10	7.02	7.20	6.73	7.15	13410897	94838960.00
2019/05/13	7.10	7.38	7.02	7.22	13498931	97580704.00
2019/05/14	7.08	7.57	7.08	7.26	16695628	122771936.00
2019/05/15	7.35	7.99	7.25	7.99	26891101	206107488.00
2019/05/16	7.93	7.94	7.50	7.56	25451759	194521632.00
2019/05/17	7.52	7.62	7.02	7.10	18626719	136960096.00
2019/05/20	7.18	7.41	7.04	7.22	15889058	114590488.00
2019/05/21	7.11	7.40	7.01	7.35	15025817	109516744.00
2019/05/22	7.36	7.48	7.14	7.23	12908021	94438480.00
2019/05/23	7.28	7.30	6.95	7.03	12116683	86272688.00
2019/05/24	6.92	7.12	6.90	6.98	8224171	57635296.00
2019/05/27	7.00	7.34	6.91	7.26	12076003	86510440.00
2019/05/28	7.30	7.39	7.17	7.22	9871053	71950744.00
2019/05/29	7.22	7.35	7.15	7.17	8197820	59225436.00
2019/05/30	7.09	7.18	6.86	7.16	10272894	72212256.00
2019/05/31	7.13	7.17	6.85	6.90	11977810	83642344.00
2019/06/03	6.90	6.96	6.65	6.73	9729499	65944812.00
2019/06/04	6.73	6.77	6.47	6.57	9019700	59796980.00
2019/06/05	6.68	6.77	6.60	6.64	8844900	59179628.00
2019/06/06	6.66	6.69	6.32	6.40	8182787	52956284.00
2019/06/10	6.50	6.59	6.39	6.51	6724543	43757904.00
2019/06/11	6.53	6.88	6.45	6.87	10728731	71959672.00
2019/06/12	6.87	6.98	6.72	6.75	7003694	47806956.00
2019/06/13	6.70	6.89	6.69	6.82	6100000	41533820.00
2019/06/14	6.86	6.93	6.55	6.58	7928850	53134928.00
2019/06/17	6.58	6.74	6.41	6.65	8197989	54241800.00
2019/06/18	6.70	6.78	6.59	6.73	7920963	52783424.00
2019/06/19	7.40	7.40	7.40	7.40	15020718	111153312.00
2019/06/20	7.32	7.35	6.98	7.14	29872690	213703440.00
2019/06/21	7.25	7.85	7.18	7.48	37313834	282354432.00
2019/06/24	7.51	8.05	7.39	7.45	37847660	289492224.00
2019/06/25	7.43	7.45	7.00	7.35	20961475	151990448.00
2019/06/26	7.34	8.09	7.25	8.09	22843905	179043392.00
2019/06/27	8.39	8.90	8.30	8.37	73503133	641444160.00
2019/06/28	7.53	8.02	7.53	7.79	50882998	390452160.00
2019/07/01	7.91	8.27	7.60	8.10	43466711	346305312.00
2019/07/02	7.88	8.05	7.74	7.93	25438061	201078032.00
2019/07/03	7.93	8.27	7.88	8.25	33017647	268024576.00
2019/07/04	8.10	8.33	7.65	7.83	26416385	209639616.00
2019/07/05	7.93	8.61	7.74	8.61	49500554	415370560.00
2019/07/08	8.50	9.19	8.25	8.30	58250327	502681216.00
2019/07/09	8.44	9.13	8.44	8.83	65498326	583054784.00
2019/07/10	8.60	8.93	8.37	8.47	42252748	364080096.00
2019/07/11	8.45	8.77	8.05	8.24	34139960	286268448.00
2019/07/12	8.37	8.38	7.91	7.99	24215348	195326960.00
2019/07/15	7.95	7.98	7.52	7.92	23965527	186268016.00
2019/07/16	7.84	8.10	7.80	7.84	15922790	126046840.00
2019/07/17	7.82	8.04	7.68	7.79	20051118	157442432.00
2019/07/18	7.55	7.89	7.36	7.84	22630060	171852368.00
2019/07/19	7.71	7.90	7.65	7.68	18002012	139802416.00
2019/07/22	7.65	7.74	6.95	7.07	20450449	147325600.00
2019/07/23	7.15	7.25	7.03	7.23	11109304	79532048.00
2019/07/24	7.26	7.45	7.24	7.26	12642422	92723136.00
2019/07/25	7.32	7.38	7.18	7.24	9804691	71221824.00
2019/07/26	7.23	7.50	7.11	7.43	15510803	113844472.00
2019/07/29	7.46	7.53	7.25	7.47	13814005	102169104.00
2019/07/30	7.44	7.62	7.34	7.48	13478109	101161080.00
2019/07/31	7.43	7.49	7.34	7.39	8416393	62408628.00
2019/08/01	7.38	7.45	7.31	7.31	7569657	55853904.00
2019/08/02	7.02	7.15	6.98	7.04	10743276	75977304.00
2019/08/05	7.10	7.28	7.06	7.07	10435909	74879344.00
2019/08/06	6.90	7.05	6.52	6.91	14646032	99584376.00
2019/08/07	6.93	7.02	6.72	6.74	9446273	64816728.00
2019/08/08	6.81	6.94	6.78	6.86	8317239	57122824.00
2019/08/09	6.92	7.03	6.75	6.78	9902038	68068608.00
2019/08/12	7.00	7.46	7.00	7.46	34929387	257694576.00
2019/08/13	7.26	7.38	7.20	7.32	25953301	188945568.00
2019/08/14	7.42	7.49	7.26	7.36	17545231	129087808.00
2019/08/15	7.03	7.37	7.03	7.34	13872014	99885360.00
2019/08/16	7.37	7.66	7.30	7.57	22886793	171883264.00
2019/08/19	7.64	7.85	7.52	7.73	22759129	175320464.00
2019/08/20	7.72	7.90	7.60	7.65	15361644	118653688.00
2019/08/21	7.80	7.96	7.54	7.65	18657016	144151296.00
2019/08/22	7.68	7.74	7.49	7.63	11453808	86967296.00
2019/08/23	7.76	7.98	7.68	7.77	24526492	191457600.00
2019/08/26	7.45	7.63	7.40	7.53	11908469	89581432.00
2019/08/27	7.59	7.80	7.55	7.67	14346707	110210952.00
2019/08/28	7.61	8.22	7.61	8.00	31009485	247825376.00
2019/08/29	7.96	8.13	7.83	8.03	23781721	189286880.00
2019/08/30	7.99	8.06	7.46	7.53	24987584	193247024.00
2019/09/02	7.51	7.83	7.50	7.78	15360837	117969368.00
2019/09/03	7.83	7.93	7.65	7.80	12779629	99435784.00
2019/09/04	7.83	7.98	7.80	7.93	16849535	132849880.00
2019/09/05	7.92	8.26	7.90	8.24	31386895	254557200.00
2019/09/06	8.21	8.24	8.00	8.15	24102370	195294256.00
2019/09/09	8.17	8.46	8.17	8.35	26025705	216058448.00
2019/09/10	8.55	9.00	8.47	8.57	35838466	310453760.00
2019/09/11	8.58	8.75	8.42	8.47	21882626	187146656.00
2019/09/12	8.52	8.68	8.44	8.59	15878357	136171888.00
2019/09/16	8.78	9.15	8.62	8.72	25477448	226048384.00
2019/09/17	8.75	8.89	8.39	8.54	22641088	195169488.00
2019/09/18	8.52	8.65	8.35	8.42	17627980	149482096.00
2019/09/19	8.50	8.64	8.23	8.62	18911972	159699344.00
2019/09/20	8.57	8.78	8.41	8.41	18162025	155666480.00
2019/09/23	8.35	8.88	8.30	8.55	27609241	238216192.00
2019/09/24	8.45	9.40	8.35	8.96	37169549	331321696.00
2019/09/25	8.88	9.86	8.75	9.86	29801646	283722368.00
2019/09/26	10.39	10.81	9.42	9.56	91106578	940082752.00
2019/09/27	9.43	10.48	9.43	10.20	62322327	626981120.00
2019/09/30	10.50	10.50	9.18	9.18	58412605	573647616.00
2019/10/08	9.04	9.95	8.81	9.75	47982773	450164032.00
2019/10/09	9.51	9.51	8.78	9.15	44347479	405827968.00
2019/10/10	9.24	10.07	9.15	10.07	31205578	303238976.00
2019/10/11	10.50	11.08	10.38	11.08	70234771	762878080.00
2019/10/14	11.49	11.99	10.65	11.16	91222421	1026762816.00
2019/10/15	10.80	10.90	10.16	10.56	51741887	544377408.00
2019/10/16	10.66	11.62	10.38	11.26	70426452	776035648.00
2019/10/17	11.00	12.33	10.89	11.44	72147775	839692864.00
2019/10/18	11.16	11.66	10.58	11.34	56836840	627270208.00
2019/10/21	10.99	12.25	10.70	11.78	56423938	649602304.00
2019/10/22	11.58	12.96	11.57	12.96	74474286	926851648.00
2019/10/23	12.99	13.99	12.70	12.83	83207944	1108638464.00
2019/10/24	12.49	14.11	12.40	14.11	68066511	907118272.00
2019/10/25	14.55	15.23	13.57	13.82	82037194	1179895424.00
2019/10/28	15.20	15.20	15.20	15.20	6993585	106302496.00
2019/10/29	16.72	16.72	14.18	15.59	40337086	660752640.00
2019/10/30	15.00	17.15	15.00	16.80	100180021	1635274112.00
2019/10/31	16.52	16.57	15.12	15.12	59685656	936282496.00
2019/11/01	14.19	14.85	13.61	13.65	62683955	887993216.00
数据来源:通达信
