300601 康泰生物 日线 前复权
      日期	    开盘	    最高	    最低	    收盘	    成交量	    成交额
2017/02/07	2.24	2.50	2.24	2.50	11600	54755.00
2017/02/08	2.81	2.81	2.81	2.81	4637	24158.77
2017/02/09	3.16	3.16	3.16	3.16	5092	29177.16
2017/02/10	3.54	3.54	3.54	3.54	4400	27720.00
2017/02/13	3.96	3.96	3.96	3.96	2600	18018.00
2017/02/14	4.42	4.42	4.42	4.42	2900	22098.00
2017/02/15	4.93	4.93	4.93	4.93	7209	60411.42
2017/02/16	5.49	5.49	5.49	5.49	9509	87672.98
2017/02/17	6.10	6.10	6.10	6.10	14700	149058.00
2017/02/20	6.78	6.78	6.78	6.78	31031	345995.66
2017/02/21	7.52	7.52	7.52	7.52	27747	340455.69
2017/02/22	8.35	8.35	8.35	8.35	17278	233253.00
2017/02/23	9.25	9.25	9.25	9.25	51909	770848.63
2017/02/24	10.24	10.24	10.24	10.24	53088	867457.94
2017/02/27	11.33	11.33	11.33	11.33	45349	814921.50
2017/02/28	12.53	12.53	12.53	12.53	39196	774904.94
2017/03/01	13.85	13.85	13.85	13.85	41500	902625.00
2017/03/02	15.31	15.31	15.31	15.31	475544	11379768.00
2017/03/03	16.91	16.91	16.91	16.91	768371	20223524.00
2017/03/06	18.66	18.66	18.66	18.66	152787	4423183.50
2017/03/07	20.60	20.60	20.60	20.60	110107	3506908.00
2017/03/08	22.73	22.73	22.73	22.73	2250539	78858888.00
2017/03/09	25.07	25.07	24.49	25.07	12107857	466129312.00
2017/03/10	26.10	26.10	24.21	24.35	25413218	977370752.00
2017/03/13	23.83	24.31	22.36	23.80	14127272	511341792.00
2017/03/14	24.21	26.11	23.96	24.76	18476287	711621120.00
2017/03/15	24.84	25.71	23.61	25.31	14998272	576060096.00
2017/03/16	24.83	27.37	24.64	26.38	17914935	711159488.00
2017/03/17	25.92	26.57	24.64	24.77	16099930	630437760.00
2017/03/20	24.39	25.09	24.26	25.07	6184595	235566512.00
2017/03/21	25.03	25.71	24.88	25.59	7995886	311140480.00
2017/03/22	24.84	25.69	24.71	25.38	8487017	328472352.00
2017/03/23	25.37	26.63	24.92	25.54	11925514	474074976.00
2017/03/24	25.35	25.51	24.84	25.12	6229263	241078848.00
2017/03/27	25.13	25.36	24.39	24.60	5147297	196204160.00
2017/03/28	24.44	25.09	24.29	24.31	4415120	167723200.00
2017/03/29	24.24	24.37	22.37	22.38	6881951	243867200.00
2017/03/30	22.17	22.30	20.63	20.64	5751495	186679184.00
2017/03/31	20.64	21.03	19.70	20.01	4197345	132590584.00
2017/04/05	19.76	20.65	19.36	20.60	3132983	97553728.00
2017/04/06	20.37	21.34	20.31	20.94	3197335	103264912.00
2017/04/07	20.83	21.07	20.17	20.27	2768001	88115136.00
2017/04/10	20.25	20.26	18.90	19.08	3472155	104700472.00
2017/04/11	19.08	19.48	18.56	19.47	2735825	80976928.00
2017/04/12	19.45	20.69	19.20	19.99	3595831	111954936.00
2017/04/13	19.36	20.61	19.33	20.11	2174316	67987880.00
2017/04/14	19.93	21.02	19.91	20.58	3296274	104778744.00
2017/04/17	19.37	19.69	18.86	19.13	2983230	88660480.00
2017/04/18	19.13	19.34	18.92	18.92	1317413	39056924.00
2017/04/19	18.90	19.20	18.70	19.17	1669124	49147064.00
2017/04/20	19.18	19.28	17.45	18.28	2811292	80299120.00
2017/04/21	18.11	18.31	17.36	17.43	2030216	55659156.00
2017/04/24	17.43	17.47	15.96	16.03	2053986	52389824.00
2017/04/25	16.12	16.63	16.08	16.29	1547443	39496280.00
2017/04/26	16.33	16.78	16.33	16.56	1214966	31427152.00
2017/04/27	16.56	17.35	16.43	17.17	1862625	49150088.00
2017/04/28	17.17	17.48	17.05	17.09	1468547	39455132.00
2017/05/02	17.09	17.29	16.89	17.13	751396	20038330.00
2017/05/03	17.29	17.42	16.60	16.99	1181509	31190552.00
2017/05/04	16.96	17.15	16.57	16.89	1157212	30394920.00
2017/05/05	16.71	18.29	16.71	17.59	2477443	68027416.00
2017/05/08	17.56	17.61	17.27	17.31	1044198	28257064.00
2017/05/09	17.31	17.48	16.59	17.28	1177776	31176182.00
2017/05/10	17.14	17.67	16.69	16.94	1190925	32137332.00
2017/05/11	16.73	17.03	16.37	17.03	1027456	26702454.00
2017/05/12	16.99	17.49	16.73	17.17	967877	25691998.00
2017/05/15	17.22	17.39	17.04	17.20	712875	19096262.00
2017/05/16	17.03	17.67	16.83	17.56	1584858	42522896.00
2017/05/17	17.56	18.09	17.43	17.65	1310396	36239424.00
2017/05/18	17.41	18.00	17.20	17.73	1286558	35518316.00
2017/05/19	17.82	17.90	17.49	17.56	699112	19176602.00
2017/05/22	17.67	17.90	16.95	17.20	1186033	32271708.00
2017/05/23	16.85	17.61	15.96	15.99	1469797	37794436.00
2017/05/24	15.99	16.21	15.38	16.09	899465	22306540.00
2017/05/25	16.15	16.33	15.62	16.19	984758	24694886.00
2017/05/26	16.19	16.42	15.98	16.23	675317	17110906.00
2017/05/31	16.50	17.03	16.43	16.43	1015094	26462590.00
2017/06/01	16.31	16.46	15.54	15.60	792582	19821486.00
2017/06/02	15.89	16.01	15.49	15.86	646016	15846337.00
2017/06/05	16.04	16.19	15.82	15.96	509719	12756672.00
2017/06/06	15.82	16.11	15.82	16.00	428066	10698953.00
2017/06/07	16.02	16.73	16.01	16.73	1413964	36461444.00
2017/06/08	16.77	16.88	16.47	16.51	641836	16599101.00
2017/06/09	16.47	16.57	16.30	16.42	464600	11860154.00
2017/06/12	16.49	16.51	16.08	16.19	448800	11340009.00
2017/06/13	16.23	16.63	16.19	16.56	782934	19958060.00
2017/06/14	16.60	16.60	16.19	16.33	608334	15425897.00
2017/06/15	16.24	16.69	16.23	16.62	909691	23391692.00
2017/06/16	16.71	16.71	16.48	16.59	703540	18160156.00
2017/06/19	16.53	16.80	16.53	16.55	789606	20488338.00
2017/06/20	16.72	16.93	16.57	16.78	951056	24817914.00
2017/06/21	16.73	16.97	16.61	16.78	971766	25347436.00
2017/06/22	16.67	16.85	16.07	16.31	854257	21961134.00
2017/06/23	16.27	16.73	16.09	16.43	805952	20590148.00
2017/06/26	16.43	17.06	16.32	16.97	1254058	32783164.00
2017/06/27	16.97	17.13	16.74	16.91	662527	17395944.00
2017/06/28	16.88	16.99	16.73	16.77	444136	11637437.00
2017/06/29	16.77	17.07	16.74	17.07	814569	21403334.00
2017/06/30	17.07	18.66	16.89	18.11	3327291	92191960.00
2017/07/03	18.94	18.94	18.14	18.63	4461564	128787792.00
2017/07/04	18.14	18.46	17.94	18.40	2658669	74958856.00
2017/07/05	18.34	18.34	18.08	18.29	1502800	42397164.00
2017/07/06	18.17	18.26	17.78	17.88	1923067	53605356.00
2017/07/07	17.88	18.06	17.70	18.01	1347508	37440124.00
2017/07/10	18.00	18.00	17.57	17.65	1217287	33467926.00
2017/07/11	17.57	17.69	17.40	17.41	783398	21256222.00
2017/07/12	17.41	17.51	17.07	17.49	780618	20912188.00
2017/07/13	17.45	17.59	17.27	17.57	622409	16839920.00
2017/07/14	17.53	17.79	17.38	17.40	705496	19226204.00
2017/07/17	17.27	17.35	15.60	15.85	1581479	40122144.00
2017/07/18	15.73	16.33	15.66	16.25	770549	19363158.00
2017/07/19	16.33	16.59	16.20	16.43	599892	15294335.00
2017/07/20	16.57	18.14	16.57	17.61	2736365	75202840.00
2017/07/21	17.80	18.06	16.73	17.27	2044838	55648248.00
2017/07/24	17.03	18.73	17.03	18.62	4107372	116512256.00
2017/07/25	18.68	18.69	18.08	18.27	2053900	58515312.00
2017/07/26	18.30	18.67	18.17	18.28	1776398	50501304.00
2017/07/27	18.22	19.22	18.07	18.72	3211265	92545824.00
2017/07/28	19.74	20.52	19.49	19.99	4946294	152664688.00
2017/07/31	20.21	22.05	20.11	21.54	6430863	211223056.00
2017/08/01	21.52	21.53	20.57	20.74	4219836	135870336.00
2017/08/02	20.69	21.13	20.34	20.36	3242487	103592504.00
2017/08/03	20.61	20.99	20.27	20.32	2328096	74009512.00
2017/08/04	20.29	20.94	20.08	20.21	2138859	67358696.00
2017/08/07	20.23	21.67	20.22	21.31	3645139	119090104.00
2017/08/08	20.79	21.53	20.67	21.47	2396482	78338728.00
2017/08/09	21.47	21.66	20.74	21.11	2089098	68076992.00
2017/08/10	21.00	21.40	20.41	20.60	1683698	53900880.00
2017/08/11	20.59	20.67	19.98	20.07	1729323	54197800.00
2017/08/14	20.07	20.72	20.01	20.31	1133390	35572456.00
2017/08/15	20.47	20.47	20.11	20.21	978325	30545386.00
2017/08/16	20.33	20.81	20.15	20.50	1948342	61966020.00
2017/08/17	20.46	20.58	20.15	20.18	1604225	50149660.00
2017/08/18	19.97	20.19	19.40	19.40	1897708	57898908.00
2017/08/21	19.41	19.92	19.41	19.84	1107737	33841176.00
2017/08/22	19.80	20.21	19.74	20.05	1007500	31223838.00
2017/08/23	20.01	20.21	19.87	19.97	910449	28109466.00
2017/08/24	19.97	20.05	19.47	19.57	844985	25674202.00
2017/08/25	19.54	19.83	19.42	19.74	780802	23800934.00
2017/08/28	20.02	20.16	19.64	20.03	1415592	43734544.00
2017/08/29	20.08	20.52	20.07	20.29	1766883	55385804.00
2017/08/30	20.28	20.47	20.10	20.37	1110994	34806988.00
2017/08/31	20.37	21.20	20.14	21.11	3263126	104815984.00
2017/09/01	20.81	21.06	20.53	20.91	2444194	78159704.00
2017/09/04	20.87	20.87	20.47	20.59	1490551	47428216.00
2017/09/05	20.49	20.92	20.38	20.47	1613711	51244448.00
2017/09/06	20.47	20.69	20.22	20.63	1324621	41823672.00
2017/09/07	20.48	20.86	20.48	20.65	1347033	43087908.00
2017/09/08	20.73	22.46	20.61	21.57	4134908	138621056.00
2017/09/11	21.31	21.94	21.29	21.57	2207631	73569576.00
2017/09/12	21.49	22.40	21.49	21.74	3161262	107228736.00
2017/09/13	21.68	22.64	21.68	22.47	3754682	129088688.00
2017/09/14	22.58	24.71	22.21	24.35	6764455	246376032.00
2017/09/15	24.02	24.28	23.41	23.48	4225066	154328048.00
2017/09/18	23.48	24.35	23.41	24.08	2709058	99799552.00
2017/09/19	23.89	24.33	23.41	23.42	2528734	92301648.00
2017/09/20	23.28	23.74	22.76	23.66	3073897	109963056.00
2017/09/21	23.82	24.91	23.67	23.85	2904178	108338240.00
2017/09/22	23.74	24.41	23.42	23.88	1838458	67614648.00
2017/09/25	23.82	26.33	23.64	25.98	8017873	315133952.00
2017/09/26	25.97	26.00	23.95	24.65	6592242	251155504.00
2017/09/27	24.41	25.74	24.41	25.44	4020662	155821728.00
2017/09/28	25.20	25.67	25.00	25.27	1652589	64034084.00
2017/09/29	25.33	27.32	25.22	26.04	3091228	125208024.00
2017/10/09	27.22	27.37	25.84	25.94	2939495	119457184.00
2017/10/10	26.35	28.60	26.09	28.60	6075076	258623568.00
2017/10/11	29.01	30.19	27.43	27.95	6884136	304915264.00
2017/10/12	28.28	30.72	27.83	30.66	4843773	217247968.00
2017/10/13	30.65	31.83	29.83	30.56	4287759	201226144.00
2017/10/16	30.28	30.41	29.22	29.90	3390899	154553136.00
2017/10/17	29.67	29.68	28.79	28.85	2257811	100543400.00
2017/10/18	29.09	31.40	29.09	30.06	3938961	182058144.00
2017/10/19	30.11	30.19	29.09	29.92	2337220	105598608.00
2017/10/20	29.55	30.62	29.41	30.09	2138409	98555648.00
2017/10/23	30.09	32.41	30.02	31.87	3263318	157263344.00
2017/10/24	31.75	32.66	31.16	32.09	2577107	125236144.00
2017/10/25	32.43	32.83	31.89	32.16	2277947	112514072.00
2017/10/26	31.90	32.76	31.29	32.45	2548534	124169120.00
2017/10/27	32.42	32.74	31.83	32.17	1487963	73260128.00
2017/10/30	31.90	32.09	29.43	30.54	3119744	146994864.00
2017/10/31	30.09	30.76	29.59	30.42	2756294	127115216.00
2017/11/01	30.61	32.08	30.61	31.31	2830829	136191664.00
2017/11/02	31.16	32.03	30.44	31.60	2504660	119596368.00
2017/11/03	31.54	32.07	30.94	31.49	1396088	67060964.00
2017/11/06	31.56	32.69	31.24	32.49	1993875	97603784.00
2017/11/07	32.69	33.93	32.26	33.45	2840764	143533920.00
2017/11/08	33.36	33.66	32.77	32.94	1408988	71511296.00
2017/11/09	32.83	34.66	32.83	34.30	1474405	76589136.00
2017/11/10	34.23	34.65	33.75	34.52	1569181	81871368.00
2017/11/13	34.54	35.42	34.53	34.76	1473538	78390832.00
2017/11/14	35.06	35.06	33.17	33.53	1942219	100473952.00
2017/11/15	33.43	33.76	32.63	33.04	1449325	73210224.00
2017/11/16	32.77	34.86	32.77	34.26	1890854	98035344.00
2017/11/17	34.34	34.56	30.78	30.78	3064200	150773920.00
2017/11/20	30.76	31.81	27.75	31.39	3536973	158719712.00
2017/11/21	30.82	31.75	30.82	31.48	1832117	87799248.00
2017/11/22	31.49	31.83	31.09	31.13	1126600	54007968.00
2017/11/23	30.92	31.09	28.92	29.01	1611772	73207288.00
2017/11/24	29.01	30.51	28.96	29.42	955200	43726200.00
2017/11/27	29.09	31.39	29.09	30.91	2230836	105320720.00
2017/11/28	30.76	32.59	30.42	32.45	2360904	114621288.00
2017/11/29	32.93	35.10	32.46	34.35	3402619	175519200.00
2017/11/30	34.38	35.53	34.35	34.55	2035600	108189832.00
2017/12/01	34.18	35.09	33.26	34.34	1030523	53970296.00
2017/12/04	34.00	34.75	32.53	33.70	1211313	62065640.00
2017/12/05	33.64	34.90	32.76	32.87	1525511	78949000.00
2017/12/06	32.89	34.43	32.51	34.27	1557017	80003056.00
2017/12/07	34.60	34.76	33.92	34.37	1123500	59028344.00
2017/12/08	34.26	34.56	33.31	33.76	1658928	85430536.00
2017/12/11	33.44	34.01	32.84	33.43	1246414	63150120.00
2017/12/12	33.43	33.68	32.83	32.98	1021142	51762076.00
2017/12/13	32.82	33.27	31.77	33.03	1258644	62166088.00
2017/12/14	32.93	33.13	31.75	31.77	1289960	63378852.00
2017/12/15	31.93	33.13	31.93	33.00	1497045	74868784.00
2017/12/18	32.75	33.81	32.56	32.93	1363686	69352832.00
2017/12/19	32.95	33.33	32.03	32.69	898374	44529092.00
2017/12/20	33.43	33.43	32.50	32.81	330800	16559737.00
2017/12/21	32.68	32.83	31.96	32.63	847285	41833444.00
2017/12/22	32.75	33.16	32.55	32.74	789174	39534536.00
2017/12/25	32.50	33.03	32.16	32.39	573049	28404090.00
2017/12/26	32.42	33.25	32.10	32.29	506943	25229626.00
2017/12/27	32.35	32.49	30.81	31.40	842004	40553304.00
2017/12/28	30.86	31.76	30.86	30.95	875182	41835540.00
2017/12/29	31.11	31.51	30.62	30.92	737913	34855728.00
2018/01/02	30.64	31.14	30.11	30.95	845999	39557476.00
2018/01/03	30.89	31.79	30.42	31.45	889629	42446568.00
2018/01/04	31.45	31.80	30.76	31.09	1124116	53454112.00
2018/01/05	31.36	31.40	30.49	30.57	744990	34976004.00
2018/01/08	30.48	30.66	29.90	30.16	1098449	50628944.00
2018/01/09	30.76	31.26	30.09	31.05	1200324	56719572.00
2018/01/10	31.05	31.36	30.12	30.56	816900	38001488.00
2018/01/11	30.67	30.92	30.36	30.52	548135	25725364.00
2018/01/12	30.48	30.49	29.58	29.77	677322	30917148.00
2018/01/15	29.81	31.29	28.75	31.08	1697725	79661616.00
2018/01/16	31.08	32.04	31.08	31.89	2176551	105407112.00
2018/01/17	31.96	32.03	30.42	31.02	906480	43168204.00
2018/01/18	30.99	31.18	29.55	29.69	1109583	51068344.00
2018/01/19	29.68	30.57	29.45	30.47	979311	45158604.00
2018/01/22	30.44	30.90	29.82	30.69	701904	32567086.00
2018/01/23	29.96	31.09	29.96	30.36	439600	20684012.00
2018/01/24	30.10	31.20	30.10	30.38	694969	32562502.00
2018/01/25	30.38	31.67	30.16	30.92	1190583	56739448.00
2018/01/26	30.56	31.24	30.48	30.56	608453	28588174.00
2018/01/29	30.48	30.89	29.69	29.85	861900	39823240.00
2018/01/30	29.76	30.32	28.94	29.09	917160	41052456.00
2018/01/31	28.83	29.41	28.15	29.08	815957	35945632.00
2018/02/01	28.89	30.61	28.75	29.69	1384857	63634188.00
2018/02/02	28.85	30.08	27.08	29.70	1137253	51659992.00
2018/02/05	29.70	29.70	27.99	28.15	1044182	45391504.00
2018/02/06	27.27	28.02	26.68	26.70	864289	36148320.00
2018/02/07	23.97	26.07	23.97	24.49	8305600	314458208.00
2018/02/08	23.88	24.82	23.42	24.33	5226167	196438928.00
2018/02/09	24.01	25.58	23.86	24.89	5504134	210045520.00
2018/02/12	25.41	27.08	25.09	26.54	2192003	88728592.00
2018/02/13	26.55	28.42	26.55	27.23	2474136	103955520.00
2018/02/14	28.35	28.35	27.34	28.02	981543	41702008.00
2018/02/22	28.01	28.25	27.22	28.01	1419409	60309784.00
2018/02/23	27.75	29.34	27.75	28.78	1619147	71551192.00
2018/02/26	28.78	30.41	28.78	30.14	2117354	96493808.00
2018/02/27	30.56	32.61	30.14	31.48	3406039	163229024.00
2018/02/28	31.54	32.41	30.72	31.55	3239756	156933424.00
2018/03/01	31.55	33.70	31.42	33.44	3587724	181160928.00
2018/03/02	33.41	33.59	32.76	32.97	2459800	124630496.00
2018/03/05	32.93	34.12	32.93	33.43	2279093	116290232.00
2018/03/06	33.59	33.99	32.75	33.03	2304855	116485640.00
2018/03/07	33.36	33.43	32.77	33.08	1807367	91385808.00
2018/03/08	32.88	33.84	32.88	33.66	5479968	280518976.00
2018/03/09	33.66	34.01	32.91	33.78	2144098	110295680.00
2018/03/12	33.84	36.10	33.84	35.36	5054592	273036704.00
2018/03/13	35.30	35.73	34.83	35.37	1933573	104153656.00
2018/03/14	35.07	35.73	33.97	34.06	2358504	124829352.00
2018/03/15	33.80	34.75	33.77	34.42	1447756	75792040.00
2018/03/16	34.42	35.81	34.42	35.36	3410553	184147312.00
2018/03/19	35.36	37.16	34.61	36.70	4796344	266190384.00
2018/03/20	37.03	37.97	36.43	37.74	3623500	207522544.00
2018/03/21	37.75	38.77	37.19	37.43	3373664	194842496.00
2018/03/22	37.35	38.76	37.35	38.76	3535170	205647808.00
2018/03/23	37.83	39.84	37.44	37.66	7217864	421366464.00
2018/03/26	37.30	39.64	37.10	39.56	4151371	246204800.00
2018/03/27	39.77	40.29	38.69	39.37	4782566	287729792.00
2018/03/28	39.17	39.91	38.84	39.15	2790363	166928384.00
2018/03/29	39.64	40.34	38.83	39.44	3263099	196437200.00
2018/03/30	39.84	40.91	39.12	40.91	4297355	262213344.00
2018/04/02	42.04	42.56	40.77	41.78	4568982	289086016.00
2018/04/03	41.44	44.43	40.78	44.25	6507330	426456832.00
2018/04/04	44.87	44.92	42.52	42.96	5792565	384722400.00
2018/04/09	42.78	43.11	41.45	42.12	2485938	159874384.00
2018/04/10	42.32	42.32	41.21	41.67	2322332	147311376.00
2018/04/11	41.78	42.56	41.51	42.08	2496751	160070976.00
2018/04/12	41.86	43.35	40.97	42.18	2723537	175983792.00
2018/04/13	42.12	43.08	41.64	41.64	2485185	159981008.00
2018/04/16	41.44	43.03	40.91	42.85	4242535	271893088.00
2018/04/17	42.89	43.71	40.95	42.26	3631059	234278944.00
2018/04/18	42.71	42.96	41.38	42.22	1786208	113932824.00
2018/04/19	42.43	44.31	42.11	42.84	4127532	271537568.00
2018/04/20	42.84	43.59	41.91	42.32	1407332	91088416.00
2018/04/23	42.32	43.08	39.97	40.98	3143808	198065024.00
2018/04/24	40.99	43.71	40.99	43.65	3505895	228722640.00
2018/04/25	44.21	47.95	44.21	47.85	7439030	524351712.00
2018/04/26	47.87	49.39	46.89	47.43	4176676	304685952.00
2018/04/27	47.70	49.86	47.00	49.12	3716516	274348224.00
2018/05/02	49.56	52.41	48.51	50.87	4448239	347285568.00
2018/05/03	50.88	51.39	48.42	48.78	4213205	315716992.00
2018/05/04	49.39	50.99	48.91	49.51	3377160	256519280.00
2018/05/07	50.55	53.46	50.32	53.46	5201458	413433568.00
2018/05/08	53.46	53.93	51.19	52.39	4739708	374275584.00
2018/05/09	52.65	54.54	52.19	54.34	4483445	362392352.00
2018/05/10	54.34	59.84	53.88	59.84	7218917	635253184.00
2018/05/11	59.85	63.85	56.95	59.44	7305375	669631232.00
2018/05/14	60.14	60.41	57.14	58.38	6054495	531488864.00
2018/05/15	58.07	62.14	57.64	62.11	5698200	520300896.00
2018/05/16	61.93	62.48	60.19	60.97	4060297	374858976.00
2018/05/17	60.36	60.38	57.05	57.97	5754220	507860256.00
2018/05/18	58.14	58.67	56.81	58.17	3402094	297511712.00
2018/05/21	58.20	58.47	55.24	57.44	5927196	507647776.00
2018/05/22	56.79	60.87	56.77	60.05	5758237	521007840.00
2018/05/23	59.67	62.06	59.27	59.99	2901407	266097472.00
2018/05/24	59.99	61.21	59.48	60.67	1861643	170055440.00
2018/05/25	60.14	63.47	60.01	62.24	3805100	358219296.00
2018/05/28	62.94	63.81	61.48	63.59	3728821	356152288.00
2018/05/29	63.27	66.08	58.26	60.31	5051996	482900096.00
2018/05/30	58.87	62.74	58.87	60.45	3919675	361656544.00
2018/05/31	60.47	63.08	60.47	62.40	4095985	385851744.00
2018/06/01	61.33	62.30	56.10	56.11	8285092	728766016.00
2018/06/04	56.13	57.36	55.47	56.47	4214935	359671392.00
2018/06/05	56.89	59.73	56.86	58.62	5057750	450276800.00
2018/06/06	58.60	63.77	58.14	62.78	4902984	458068704.00
2018/06/07	63.48	63.81	61.07	62.46	4160799	393168384.00
2018/06/08	61.50	65.47	61.50	64.15	4186374	406329760.00
2018/06/11	63.40	64.15	57.68	60.67	3605260	330986304.00
2018/06/12	60.74	63.85	60.74	63.58	3431898	324398176.00
2018/06/13	64.33	64.33	61.45	62.96	3463285	219782336.00
2018/06/14	63.45	63.67	58.69	60.40	5684945	347477504.00
2018/06/15	60.73	61.85	57.70	57.70	4303103	257973200.00
2018/06/19	57.26	59.44	55.67	57.95	4898977	286585824.00
2018/06/20	58.41	61.33	55.06	59.60	5063735	298466304.00
2018/06/21	59.78	62.48	59.28	60.33	5378923	329987488.00
2018/06/22	59.55	60.88	57.79	58.96	4276652	253865664.00
2018/06/25	59.42	59.93	57.99	58.37	3131785	185971184.00
2018/06/26	57.45	58.23	56.02	56.76	3537769	202881520.00
2018/06/27	56.83	57.62	53.45	54.56	5047637	283893728.00
2018/06/28	54.45	57.16	53.65	55.95	5496029	310313696.00
2018/06/29	56.05	61.55	56.05	61.50	7132757	429134048.00
2018/07/02	64.45	67.32	63.35	65.75	13850791	910500224.00
2018/07/03	66.25	67.73	63.55	66.45	9911287	657422016.00
2018/07/04	66.33	69.25	65.76	66.45	8427379	575135360.00
2018/07/05	66.15	66.83	63.39	64.15	5719506	373595616.00
2018/07/06	63.61	65.55	62.33	64.05	7671467	497173568.00
2018/07/09	64.45	65.84	62.73	65.58	6243425	408678304.00
2018/07/10	65.15	67.03	64.87	66.19	6156232	409365536.00
2018/07/11	64.45	66.24	62.95	65.76	4687788	307529632.00
2018/07/12	65.89	71.12	65.55	71.02	9072021	625537344.00
2018/07/13	70.20	74.45	69.60	71.75	7365026	532384320.00
2018/07/16	69.05	73.91	69.01	72.35	6099256	440073856.00
2018/07/17	71.45	72.30	69.71	70.80	4790569	341304800.00
2018/07/18	70.47	74.22	69.98	72.20	5504726	400117280.00
2018/07/19	72.34	72.35	64.93	65.15	14842318	998126336.00
2018/07/20	65.15	65.82	62.05	63.85	10416938	671765760.00
2018/07/23	57.41	57.41	57.41	57.41	297800	17260488.00
2018/07/24	51.61	51.61	51.61	51.61	1201300	62659808.00
2018/07/25	46.65	48.78	46.39	46.66	64193740	3046262784.00
2018/07/26	47.45	47.93	44.85	45.02	30898741	1449513088.00
2018/07/27	44.71	45.08	40.98	43.62	26283875	1154562688.00
2018/07/30	42.92	44.77	42.46	44.00	15931205	706081024.00
2018/07/31	42.47	44.25	42.13	42.85	9339812	409735168.00
2018/08/01	42.95	44.10	42.67	43.48	9271064	409686144.00
2018/08/02	43.10	47.45	42.95	47.45	19896108	918742272.00
2018/08/03	47.94	48.23	44.92	45.46	15429955	728411456.00
2018/08/06	42.56	44.15	40.86	40.86	7583944	326930336.00
2018/08/07	38.12	41.45	38.12	40.74	15579564	624536320.00
2018/08/08	39.94	40.35	36.61	36.61	13868711	527884928.00
2018/08/09	35.75	38.95	35.75	37.52	11814423	450952608.00
2018/08/10	37.88	41.33	37.88	41.33	11805290	480189920.00
2018/08/13	41.03	45.52	40.63	44.64	16078047	715650688.00
2018/08/14	45.14	45.43	44.14	44.90	7637695	346206368.00
2018/08/15	44.63	46.26	44.49	45.02	7072949	324107392.00
2018/08/16	44.35	47.94	44.05	46.11	9561913	447035008.00
2018/08/17	44.55	45.45	41.44	41.94	22355775	973850176.00
2018/08/20	42.11	42.55	38.55	40.70	11568991	472496320.00
2018/08/21	40.71	42.75	40.65	42.73	9498956	403172448.00
2018/08/22	42.72	44.75	42.25	43.02	9127155	401261472.00
2018/08/23	43.65	44.75	42.81	44.06	10475994	465639648.00
2018/08/24	43.91	45.89	43.18	45.37	10191675	462319392.00
2018/08/27	45.40	47.98	45.40	47.77	12131595	573953152.00
2018/08/28	48.04	49.24	46.71	48.42	11643114	563687680.00
2018/08/29	48.65	48.71	47.02	47.05	8131639	392569280.00
2018/08/30	46.95	47.92	45.96	46.46	7815611	371600768.00
2018/08/31	45.87	46.61	45.16	45.16	6011461	277999424.00
2018/09/03	45.63	46.13	43.84	45.75	7756375	352651808.00
2018/09/04	45.75	45.91	44.05	44.75	7505368	341106624.00
2018/09/05	44.23	44.64	42.08	42.15	9002310	396720448.00
2018/09/06	41.57	43.95	41.57	42.95	5889274	256076688.00
2018/09/07	42.69	45.03	42.69	43.35	8132724	361904032.00
2018/09/10	45.26	46.93	44.27	44.31	9184042	419133248.00
2018/09/11	44.24	45.44	44.24	45.44	5943185	269937120.00
2018/09/12	45.29	45.61	42.46	42.55	9043786	403213792.00
2018/09/13	42.46	43.10	39.27	41.99	10820811	451052512.00
2018/09/14	41.87	41.87	39.65	39.75	7315337	300980032.00
2018/09/17	39.35	40.13	38.47	38.67	6294832	248869312.00
2018/09/18	39.59	40.34	38.12	40.20	7955589	317704544.00
2018/09/19	39.96	40.70	39.25	39.95	9672214	390735232.00
2018/09/20	39.35	39.80	38.35	38.69	6393769	253224800.00
2018/09/21	39.25	40.75	39.00	40.64	8833706	357457760.00
2018/09/25	39.94	41.67	39.55	41.29	7897715	327690976.00
2018/09/26	41.45	43.03	40.85	42.20	8173264	347714912.00
2018/09/27	41.88	45.05	41.56	43.49	11599147	513625760.00
2018/09/28	43.57	44.83	42.55	42.95	7933291	351828224.00
2018/10/08	41.25	41.95	40.25	40.45	7150620	298674848.00
2018/10/09	40.88	41.51	40.10	40.50	4781089	197946672.00
2018/10/10	40.82	41.14	39.46	39.70	4048449	164478800.00
2018/10/11	37.94	38.89	35.68	36.55	8281504	314495488.00
2018/10/12	36.73	38.73	36.25	37.97	6119945	233099152.00
2018/10/15	37.60	39.72	37.05	38.43	5864228	228971856.00
2018/10/16	38.75	39.40	37.95	38.57	4769549	186771024.00
2018/10/17	38.94	39.25	34.66	35.43	11672740	428201536.00
2018/10/18	34.95	35.74	32.27	32.86	9504738	326814432.00
2018/10/19	32.45	36.06	32.15	35.67	8565110	298357984.00
2018/10/22	36.84	39.08	36.76	38.15	9778228	375719616.00
2018/10/23	38.43	38.85	37.06	37.48	6346665	243809456.00
2018/10/24	37.93	38.35	36.43	36.64	5345916	201929024.00
2018/10/25	35.03	36.32	34.25	35.86	5578299	200055632.00
2018/10/26	35.96	36.62	34.47	35.11	5220662	188087280.00
2018/10/29	34.53	35.03	32.66	34.55	5208790	180939296.00
2018/10/30	34.49	36.28	33.93	35.89	5230960	188140384.00
2018/10/31	35.94	37.25	35.35	36.16	5940569	219666336.00
2018/11/01	36.45	38.17	36.08	37.11	7614993	287648480.00
2018/11/02	38.52	39.35	38.39	39.20	10026993	396302016.00
2018/11/05	39.14	40.13	37.75	39.28	7061594	280480896.00
2018/11/06	40.43	40.43	38.75	39.77	6036647	241444416.00
2018/11/07	39.47	40.24	38.51	39.13	6690836	266535856.00
2018/11/08	39.40	40.90	38.75	40.34	7123215	289614720.00
2018/11/09	36.25	36.25	36.25	36.25	2749700	101188960.00
2018/11/12	36.63	37.15	33.27	36.06	21587769	772996160.00
2018/11/13	35.00	36.82	34.80	36.39	10708604	388672992.00
2018/11/14	36.25	40.05	35.95	39.73	14539166	567810368.00
2018/11/15	39.15	40.33	38.95	40.10	8859339	356464256.00
2018/11/16	40.13	42.05	39.15	40.87	8821104	362317920.00
2018/11/19	40.65	40.86	39.66	40.00	5796003	235572864.00
2018/11/20	39.54	40.30	38.89	39.25	5650828	226376416.00
2018/11/21	38.49	41.61	38.49	41.42	8964870	370716128.00
2018/11/22	41.23	42.31	40.89	41.18	6058803	254954736.00
2018/11/23	41.30	41.95	40.15	40.49	6170596	256258464.00
2018/11/26	40.35	40.35	38.65	39.06	5125327	204378416.00
2018/11/27	39.56	40.51	39.13	40.04	4612587	186863312.00
2018/11/28	40.05	40.20	39.25	39.94	3789910	152506160.00
2018/11/29	40.47	40.55	38.43	39.05	3779647	153600656.00
2018/11/30	39.24	40.25	38.87	39.90	4328773	174512304.00
2018/12/03	40.95	41.81	40.36	41.25	7351575	307132224.00
2018/12/04	41.25	41.65	40.87	41.20	4256163	178127520.00
2018/12/05	40.35	42.89	40.35	42.21	8531628	362337920.00
2018/12/06	41.75	43.75	41.30	42.15	10698185	462686368.00
2018/12/07	41.63	41.79	39.25	40.85	7942559	326579328.00
2018/12/10	39.85	40.05	38.25	38.74	5924644	234900688.00
2018/12/11	38.96	39.85	38.75	38.96	3613480	143235472.00
2018/12/12	39.43	39.60	37.52	37.73	4948428	192440240.00
2018/12/13	38.01	38.74	37.35	38.37	3574916	138862464.00
2018/12/14	38.26	38.70	37.55	37.66	3249439	125270056.00
2018/12/17	37.71	37.89	36.55	37.29	3044010	114555776.00
2018/12/18	36.96	37.99	36.51	36.95	3193517	120032480.00
2018/12/19	37.04	37.07	33.71	34.85	8078054	287909792.00
2018/12/20	34.95	35.24	34.35	34.83	3289584	116360400.00
2018/12/21	34.50	34.72	33.53	34.01	4253577	147062480.00
2018/12/24	34.12	35.30	34.12	35.09	3782264	133996632.00
2018/12/25	34.70	36.63	34.33	36.22	6470872	233724000.00
2018/12/26	35.93	37.30	35.92	36.70	4658024	174101808.00
2018/12/27	37.40	37.40	35.45	35.45	5589913	207086384.00
2018/12/28	35.75	36.53	35.14	35.23	5378348	195914352.00
2019/01/02	35.50	35.99	33.37	33.85	6518791	227228816.00
2019/01/03	34.10	34.40	33.35	33.56	4319590	148197504.00
2019/01/04	33.50	34.35	33.35	34.20	5189227	178922048.00
2019/01/07	34.30	34.30	33.31	33.85	7201073	246860048.00
2019/01/08	33.65	34.27	33.44	33.55	4841891	166265376.00
2019/01/09	33.56	34.10	33.40	33.62	8387378	287515328.00
2019/01/10	33.52	33.68	31.90	32.20	11019019	362931072.00
2019/01/11	32.20	32.21	31.35	31.81	5548054	179002960.00
2019/01/14	31.58	31.75	28.57	28.58	14908464	445603360.00
2019/01/15	28.54	28.94	27.30	28.77	13252221	380948224.00
2019/01/16	28.65	30.20	28.48	29.81	9908421	298885184.00
2019/01/17	29.46	30.10	28.88	28.90	7109481	212794576.00
2019/01/18	29.70	30.40	29.64	30.28	8472508	258730672.00
2019/01/21	30.66	31.05	29.81	30.40	8337589	259242512.00
2019/01/22	30.25	30.51	28.90	29.36	8511414	255719888.00
2019/01/23	29.28	29.57	28.94	29.08	4187526	124618496.00
2019/01/24	29.08	29.80	28.65	29.56	5439520	162814512.00
2019/01/25	29.46	29.82	28.85	28.92	5030114	150517152.00
2019/01/28	29.29	29.35	28.50	28.84	4069475	119976688.00
2019/01/29	29.04	29.80	29.04	29.30	5610832	168024432.00
2019/01/30	29.30	29.30	27.57	27.85	7576646	219013728.00
2019/01/31	27.86	28.34	27.48	27.64	4091155	116323472.00
2019/02/01	27.87	30.44	27.86	30.18	9092343	271192992.00
2019/02/11	30.44	31.48	29.75	31.21	10184061	318867712.00
2019/02/12	31.21	34.33	31.21	33.80	13803613	464778624.00
2019/02/13	33.83	35.56	33.31	34.95	13857641	484558208.00
2019/02/14	34.95	35.63	33.98	35.00	7799127	277076224.00
2019/02/15	34.63	35.31	34.45	34.70	7217570	255530208.00
2019/02/18	34.98	36.23	34.97	36.05	11085968	403344320.00
2019/02/19	36.44	37.04	35.38	36.07	9459456	347158624.00
2019/02/20	35.96	37.30	35.62	36.67	12528375	466727360.00
2019/02/21	36.45	36.95	35.83	36.32	9509031	350954560.00
2019/02/22	36.20	36.31	35.23	36.02	8847270	320297792.00
2019/02/25	36.05	37.69	36.04	37.44	16377586	616283392.00
2019/02/26	37.60	39.95	37.25	38.01	16027726	630021952.00
2019/02/27	38.45	39.72	37.45	38.39	12998732	506650208.00
2019/02/28	38.46	41.78	38.35	41.29	13733701	564475200.00
2019/03/01	41.65	42.73	40.25	41.54	9557296	399135008.00
2019/03/04	43.45	45.25	42.98	43.85	18622000	828763968.00
2019/03/05	43.45	45.00	42.98	44.31	10114333	451256992.00
2019/03/06	44.14	44.63	43.19	44.05	11098951	491392256.00
2019/03/07	43.60	45.25	43.46	43.52	8538650	381349728.00
2019/03/08	43.12	43.68	41.17	41.17	11872196	508976800.00
2019/03/11	41.36	43.42	41.34	43.29	9539797	410768960.00
2019/03/12	43.45	44.44	42.56	43.61	9079532	400950656.00
2019/03/13	43.85	45.28	43.04	43.95	12423513	557691968.00
2019/03/14	43.35	43.78	41.17	41.63	8950691	382969600.00
2019/03/15	42.14	43.59	42.05	42.72	8876814	385687168.00
2019/03/18	44.12	45.53	43.15	45.37	11455523	517668128.00
2019/03/19	45.37	46.05	44.86	45.40	7906199	364054016.00
2019/03/20	45.45	46.80	44.56	45.93	9035993	417655840.00
2019/03/21	43.18	45.62	43.10	44.45	15245925	685135296.00
2019/03/22	44.58	45.21	43.95	45.04	5452780	245831600.00
2019/03/25	44.95	47.84	44.95	45.74	9469848	446295840.00
2019/03/26	46.24	47.78	45.25	46.98	11082461	526097344.00
2019/03/27	46.98	51.73	46.98	51.73	11997924	610057664.00
2019/03/28	51.90	53.75	50.66	51.43	10899174	569259456.00
2019/03/29	51.45	56.63	50.85	56.15	11648135	637498240.00
2019/04/01	56.15	60.80	55.55	56.00	13599064	788561792.00
2019/04/02	56.55	58.55	54.42	56.07	12286998	697859776.00
2019/04/03	56.04	57.56	54.93	55.76	8790391	496293440.00
2019/04/04	55.23	58.03	54.95	56.10	8372557	478485152.00
2019/04/08	56.10	56.10	53.03	53.57	10479404	571340544.00
2019/04/09	53.01	54.15	51.45	53.55	5811699	312021568.00
2019/04/10	53.35	55.93	53.16	54.41	7160254	397797408.00
2019/04/11	55.15	56.22	52.55	52.87	5355691	292108704.00
2019/04/12	53.47	53.55	51.95	52.52	4144324	220474288.00
2019/04/15	53.05	54.73	51.97	52.44	5353239	287650176.00
2019/04/16	52.49	52.63	50.10	52.43	5735366	297927456.00
2019/04/17	52.45	53.60	51.87	53.20	5252835	281238496.00
2019/04/18	53.15	53.15	52.20	52.33	2956067	156855120.00
2019/04/19	51.80	52.59	51.45	51.98	2641551	138684976.00
2019/04/22	52.45	53.30	51.22	52.12	4088312	215689072.00
2019/04/23	51.74	53.35	51.68	52.15	4133629	220083088.00
2019/04/24	52.19	53.33	51.28	53.17	3677743	194973936.00
2019/04/25	53.07	55.11	52.95	53.80	6071797	333805568.00
2019/04/26	53.25	54.90	51.97	52.40	4750535	255135904.00
2019/04/29	52.25	52.95	49.45	49.75	8352604	426518080.00
2019/04/30	49.66	52.25	47.89	51.35	5283779	270407008.00
2019/05/06	49.45	52.43	48.15	49.48	6500985	330108032.00
2019/05/07	50.85	50.97	48.98	50.05	3926927	198873648.00
2019/05/08	49.01	50.44	48.45	49.42	3431303	172511792.00
2019/05/09	48.85	48.85	45.78	45.78	5715271	271054144.00
2019/05/10	46.45	49.78	46.05	49.75	7459121	361774240.00
2019/05/13	49.10	50.33	48.95	49.17	3700581	185438976.00
2019/05/14	50.44	50.95	49.05	49.08	4722739	238336624.00
2019/05/15	49.52	50.35	48.98	50.12	3549835	178471984.00
2019/05/16	49.91	51.92	49.15	50.89	5915072	303164768.00
2019/05/17	50.85	51.03	49.29	49.56	4254102	215035088.00
2019/05/20	49.18	49.39	47.95	48.44	3625565	177658448.00
2019/05/21	49.04	50.33	48.45	49.94	4263788	214306272.00
2019/05/22	50.45	50.76	49.19	49.58	2361861	118735152.00
2019/05/23	49.86	49.90	49.05	49.23	2003678	100103312.00
2019/05/24	49.27	49.75	48.33	48.41	2231777	110459200.00
2019/05/27	48.55	49.40	47.85	49.31	2905641	142812864.00
2019/05/28	49.29	51.71	48.95	51.71	6005631	308536064.00
2019/05/29	51.25	51.85	50.77	51.18	2427868	125999808.00
2019/05/30	49.97	50.92	49.67	50.23	2440165	123741256.00
2019/05/31	50.55	50.65	50.05	50.33	1577292	80321448.00
2019/06/03	50.05	50.40	48.18	49.04	3571221	177295968.00
2019/06/04	48.94	48.94	47.81	48.20	1927390	94013792.00
2019/06/05	48.95	49.32	45.98	46.47	5045587	238775856.00
2019/06/06	46.58	46.58	43.87	44.50	6144958	277665152.00
2019/06/10	45.10	45.35	44.01	44.56	2370258	107657968.00
2019/06/11	46.78	49.07	46.55	48.47	7274192	354584320.00
2019/06/12	49.01	49.01	47.85	48.69	1993656	97607200.00
2019/06/13	49.95	49.95	47.46	48.15	2311709	112839840.00
2019/06/14	48.05	49.01	47.95	48.04	2168349	106115848.00
2019/06/17	47.70	48.45	47.67	48.00	1823905	88802888.00
2019/06/18	48.32	48.82	47.83	48.44	2160007	105883440.00
2019/06/19	49.95	49.95	48.75	49.45	3378128	168787008.00
2019/06/20	49.94	50.17	44.45	49.67	5118796	255750512.00
2019/06/21	50.44	50.45	49.64	49.93	3582545	181067968.00
2019/06/24	50.01	50.44	49.33	49.55	2298083	115134384.00
2019/06/25	49.54	49.78	48.15	48.75	3041517	149839056.00
2019/06/26	48.25	49.94	48.05	49.67	3006958	149662128.00
2019/06/27	50.00	51.65	49.42	51.60	4754667	243557568.00
2019/06/28	51.70	52.85	51.05	51.95	3566066	187233152.00
2019/07/01	52.95	55.44	52.95	54.51	5638176	308466432.00
2019/07/02	54.43	58.10	54.05	57.55	6303916	361426496.00
2019/07/03	57.53	59.85	56.90	57.32	6931612	406345664.00
2019/07/04	57.45	57.93	56.49	57.07	3340932	192910976.00
2019/07/05	56.87	59.95	56.70	59.40	5802691	344458528.00
2019/07/08	59.20	59.70	57.20	57.78	3862645	226010976.00
2019/07/09	57.74	58.47	57.03	58.00	2995504	173940800.00
2019/07/10	58.70	60.50	58.45	58.60	3649911	217153840.00
2019/07/11	59.27	59.27	58.01	58.13	2916698	171167760.00
2019/07/12	58.40	59.06	57.78	58.20	1793002	105437656.00
2019/07/15	58.50	60.06	58.00	60.00	4248104	253969152.00
2019/07/16	60.36	60.69	59.46	59.94	3078875	185334304.00
2019/07/17	59.70	60.33	57.90	58.40	3020037	179836096.00
2019/07/18	58.82	59.26	57.91	58.21	2426372	143016240.00
2019/07/19	59.02	59.05	56.30	57.35	4707767	271449600.00
2019/07/22	58.19	58.90	57.13	57.50	3068425	179136304.00
2019/07/23	57.62	59.22	57.48	58.80	3048975	179637632.00
2019/07/24	58.80	60.43	58.52	59.65	3286030	197260368.00
2019/07/25	59.30	60.19	59.07	59.85	2549395	153244144.00
2019/07/26	59.85	60.30	58.70	59.97	2209214	133078464.00
2019/07/29	59.15	61.30	59.00	60.19	3813464	230350048.00
2019/07/30	60.30	63.75	60.19	63.60	5694658	357333280.00
2019/07/31	63.71	64.49	62.70	63.92	2834020	181120640.00
2019/08/01	63.30	63.98	61.44	63.44	5074034	320223296.00
2019/08/02	61.71	63.53	61.71	62.66	3491953	219383040.00
2019/08/05	62.03	62.92	61.50	61.56	2888400	180818928.00
2019/08/06	60.50	62.54	58.34	61.12	4458794	272942976.00
2019/08/07	62.10	64.22	61.43	63.50	6537646	414503008.00
2019/08/08	63.42	66.70	63.42	66.10	6118586	404019968.00
2019/08/09	66.58	67.24	65.00	65.61	3170091	209537312.00
2019/08/12	65.62	66.14	65.08	65.90	3213827	211940864.00
2019/08/13	65.28	67.18	64.87	65.10	3518875	232040368.00
2019/08/14	66.71	68.50	66.20	67.89	5515855	373567040.00
2019/08/15	67.37	69.09	66.85	68.83	4454640	305072000.00
2019/08/16	68.58	71.03	68.55	69.69	3335554	234559968.00
2019/08/19	71.00	71.67	69.23	70.09	5130723	361562368.00
2019/08/20	70.00	70.58	66.30	67.30	8146476	556994432.00
2019/08/21	67.60	69.20	66.71	67.84	5332077	363901632.00
2019/08/22	68.18	69.06	67.50	68.96	3735438	256258784.00
2019/08/23	70.09	71.81	68.33	71.28	6320781	449489536.00
2019/08/26	70.90	71.27	69.39	69.85	3919342	275491232.00
2019/08/27	70.66	73.79	69.95	73.16	6322805	460538944.00
2019/08/28	73.71	75.10	72.50	73.85	4893951	363187200.00
2019/08/29	73.36	76.22	73.36	75.61	2916483	220444240.00
2019/08/30	76.20	77.65	75.12	76.49	3928322	300457408.00
2019/09/02	76.00	77.61	75.20	75.68	4277233	326854912.00
2019/09/03	76.10	76.50	73.30	74.68	6201069	461987520.00
2019/09/04	74.30	75.19	72.60	73.40	4688699	346057952.00
2019/09/05	72.90	74.00	71.20	72.20	7852130	570374464.00
2019/09/06	72.20	73.70	71.05	72.89	5152018	375299136.00
2019/09/09	73.20	73.49	71.30	71.97	4454833	321815456.00
2019/09/10	73.20	74.42	72.20	73.19	4651014	342767232.00
2019/09/11	73.68	73.80	69.60	70.72	7719895	551211200.00
2019/09/12	71.84	72.20	69.50	71.26	4932617	349457088.00
2019/09/16	70.84	71.60	69.53	70.75	4394492	310552544.00
2019/09/17	70.84	72.07	70.24	70.70	4040052	288806720.00
2019/09/18	70.88	73.87	70.73	73.28	6430154	467662112.00
2019/09/19	73.15	73.28	72.20	72.65	3603588	262903264.00
2019/09/20	72.99	73.07	71.11	71.40	4718883	339507584.00
2019/09/23	71.50	71.84	69.60	69.70	4217242	297851648.00
2019/09/24	70.63	72.51	68.58	71.65	7631910	543351872.00
2019/09/25	71.85	74.49	71.28	72.97	6004511	442323584.00
2019/09/26	73.20	75.52	72.57	72.57	4976775	371002016.00
2019/09/27	73.33	74.17	71.70	73.40	3267424	240459936.00
2019/09/30	73.98	74.70	72.71	73.94	3229934	239594240.00
2019/10/08	73.85	74.07	70.30	71.20	4342845	314808960.00
2019/10/09	71.26	72.04	69.83	71.57	2427637	173829648.00
2019/10/10	74.70	78.76	74.07	78.76	11674725	906994688.00
2019/10/11	79.70	84.20	79.22	83.60	10101457	832227008.00
2019/10/14	82.71	85.58	82.71	83.00	4456065	373035584.00
2019/10/15	83.70	84.10	81.76	82.15	3714446	307783584.00
2019/10/16	82.70	84.30	82.00	82.54	5250887	437964000.00
2019/10/17	83.09	83.70	81.20	83.14	4053073	336351296.00
2019/10/18	83.58	85.05	82.20	83.40	4859140	409326944.00
2019/10/21	83.00	84.19	79.30	80.45	7057708	573516864.00
2019/10/22	81.70	82.73	80.70	81.70	3884482	319248064.00
2019/10/23	82.20	83.50	79.68	79.93	3781583	307842752.00
2019/10/24	80.06	81.43	79.02	80.07	2838649	228623728.00
2019/10/25	80.07	81.20	79.23	81.14	2332605	188768480.00
2019/10/28	81.15	83.53	80.80	82.21	4167802	343143392.00
2019/10/29	83.08	83.09	80.73	81.49	3757864	308789184.00
2019/10/30	81.70	87.18	81.28	86.35	7430147	632507776.00
2019/10/31	86.20	88.65	85.60	86.34	3486783	303203744.00
2019/11/01	86.70	86.88	84.18	86.17	3696930	317295424.00
2019/11/04	86.18	87.05	85.20	86.39	3676252	318062336.00
2019/11/05	86.29	86.29	84.20	84.83	5130691	437823456.00
2019/11/06	84.81	87.09	84.30	85.24	3765249	323782752.00
2019/11/07	85.16	86.70	84.75	85.61	2817283	242983792.00
2019/11/08	87.60	87.60	84.23	84.73	3211525	274554560.00
2019/11/11	84.21	85.37	82.95	83.00	2674754	225802768.00
2019/11/12	83.27	83.95	82.18	83.07	2963833	246721520.00
2019/11/13	83.66	84.91	83.00	84.66	4657572	393011200.00
2019/11/14	85.19	87.30	84.88	85.48	4130026	355480640.00
2019/11/15	85.58	87.98	84.95	87.70	6107118	533825120.00
2019/11/18	87.68	88.20	85.98	87.10	3193957	278527744.00
2019/11/19	87.12	93.55	86.90	92.82	7322187	665822016.00
2019/11/20	92.21	93.55	90.70	91.60	4416780	408433568.00
2019/11/21	91.10	91.70	90.15	91.20	2845281	259004960.00
2019/11/22	91.27	91.49	82.05	82.15	10671761	908982720.00
2019/11/25	82.60	83.53	78.85	78.85	7818262	630493888.00
2019/11/26	79.09	80.65	77.00	80.65	7161845	568715648.00
2019/11/27	80.50	80.50	76.37	76.91	7761035	605169600.00
2019/11/28	77.62	78.99	77.30	78.74	4624758	363755008.00
2019/11/29	76.92	78.00	73.94	76.13	6443285	490076128.00
2019/12/02	76.70	77.47	75.01	77.14	3287908	252744800.00
2019/12/03	77.50	79.72	75.80	79.67	4666831	365716032.00
2019/12/04	79.16	81.20	78.69	80.10	3581300	287967584.00
2019/12/05	80.10	82.87	79.91	81.51	4353031	357008416.00
2019/12/06	81.70	82.19	80.83	82.19	3036335	249004864.00
2019/12/09	82.90	83.19	80.70	81.05	3287516	269114848.00
2019/12/10	82.59	85.00	81.40	84.91	4747301	399512864.00
2019/12/11	85.09	88.78	84.70	86.70	4481117	389696672.00
2019/12/12	88.30	91.20	88.08	89.81	6828969	612904192.00
2019/12/13	91.00	91.00	88.32	89.25	4928530	440472800.00
2019/12/16	89.40	90.05	86.70	89.29	4686126	415086528.00
2019/12/17	89.35	90.20	88.09	89.95	4566717	408126752.00
2019/12/18	90.10	90.45	85.35	85.72	6260745	545289024.00
2019/12/19	85.90	86.44	83.88	85.59	3007804	256774384.00
2019/12/20	85.59	86.40	83.64	84.19	2772237	234943440.00
2019/12/23	84.70	87.14	83.66	85.69	3565480	307069824.00
2019/12/24	85.60	86.80	84.74	86.19	2373636	204921664.00
2019/12/25	85.68	86.35	83.32	86.10	3130335	266644176.00
2019/12/26	85.67	87.78	85.48	87.70	3343998	291912352.00
2019/12/27	87.69	87.69	86.23	87.32	2710925	236735952.00
2019/12/30	87.29	87.29	84.76	86.95	2452577	211772704.00
2019/12/31	86.72	89.49	85.20	87.49	5084878	447706304.00
2020/01/02	87.60	87.90	86.26	86.58	3870878	337720928.00
2020/01/03	85.72	86.06	81.05	81.20	9891063	816120768.00
2020/01/06	81.05	82.88	79.66	80.00	6412330	520156416.00
2020/01/07	80.50	83.64	79.30	83.58	5364884	441972544.00
2020/01/08	82.96	84.70	82.38	82.91	3479702	290770368.00
2020/01/09	83.10	89.20	83.07	87.70	5932213	515272896.00
2020/01/10	88.75	91.11	87.70	88.92	6629097	594697152.00
2020/01/13	89.48	90.50	87.70	88.21	3338344	296718432.00
2020/01/14	88.64	90.00	87.90	88.80	3829603	342722048.00
2020/01/15	89.70	91.50	88.82	91.03	4190009	380387296.00
2020/01/16	91.04	91.64	89.59	91.32	3258710	296893056.00
2020/01/17	91.56	95.90	91.25	95.50	7484719	708034048.00
2020/01/20	96.68	104.98	95.45	104.98	11114342	1116678272.00
2020/01/21	107.20	107.50	99.67	102.00	9512797	981551104.00
2020/01/22	101.30	103.08	99.23	101.65	4821830	491408512.00
2020/01/23	100.70	103.25	97.88	99.92	4896022	496637152.00
2020/02/03	90.20	101.40	90.20	96.39	6809159	658004480.00
2020/02/04	99.11	100.36	94.80	97.75	5249045	514705312.00
2020/02/05	98.73	99.37	94.90	97.65	5654779	550000960.00
2020/02/06	96.80	104.90	95.41	103.20	7028571	715002240.00
2020/02/07	102.70	104.70	100.91	101.60	4986899	512268512.00
2020/02/10	106.18	109.78	101.53	104.51	8642555	917725760.00
2020/02/11	102.36	105.58	100.98	105.58	5089026	529075520.00
2020/02/12	105.58	109.56	104.20	107.94	5434442	583509056.00
2020/02/13	108.50	110.70	107.30	107.95	3862902	421778464.00
2020/02/14	109.65	115.30	108.73	113.20	6126365	693089664.00
2020/02/17	113.70	114.86	111.70	114.31	4520958	514819872.00
2020/02/18	114.30	114.89	110.90	112.50	4598403	516746464.00
2020/02/19	110.96	111.36	105.71	108.94	6335071	689159296.00
2020/02/20	108.95	109.70	105.70	108.70	5297394	571918144.00
2020/02/21	108.34	113.11	107.15	110.78	3467218	386237120.00
2020/02/24	111.82	115.70	111.82	114.80	4294420	491851488.00
2020/02/25	113.91	119.79	112.66	118.32	6090014	713968192.00
2020/02/26	116.70	121.12	113.30	120.20	5983751	703843520.00
2020/02/27	122.24	122.52	115.16	115.26	5072011	595208832.00
2020/02/28	110.20	114.58	110.00	110.73	5463474	614517888.00
2020/03/02	110.82	115.39	110.82	113.97	3188384	363113152.00
2020/03/03	118.18	121.03	111.62	112.67	5370642	623896192.00
2020/03/04	113.70	117.70	112.70	115.29	4731258	547509120.00
2020/03/05	117.58	118.49	115.50	116.98	3959138	463189344.00
2020/03/06	116.63	118.58	115.95	117.25	3205768	377913792.00
2020/03/09	117.80	118.10	114.20	114.41	3540686	411196480.00
2020/03/10	113.43	115.06	110.21	112.00	6584046	740829952.00
2020/03/11	112.30	113.90	109.70	110.05	3765976	420356352.00
2020/03/12	110.67	110.67	104.87	105.46	4404702	471942144.00
2020/03/13	99.38	107.90	99.38	106.70	5425199	567403776.00
2020/03/16	107.20	109.67	102.50	102.50	4483443	477280128.00
2020/03/17	103.70	107.20	99.54	106.71	5958812	619116864.00
2020/03/18	109.70	112.90	104.70	104.70	5893083	645924416.00
2020/03/19	104.87	106.46	100.70	102.11	5898498	606088768.00
2020/03/20	103.69	104.10	97.40	99.96	9110361	916582464.00
2020/03/23	99.20	104.70	98.70	101.79	7912160	809133120.00
2020/03/24	101.80	106.14	101.80	104.04	6023107	629592000.00
2020/03/25	106.50	110.70	104.47	110.70	5813203	631263616.00
2020/03/26	107.70	115.96	107.51	114.42	6334231	721695552.00
2020/03/27	114.50	117.70	113.20	114.51	4336758	502136704.00
2020/03/30	111.70	115.69	110.20	111.05	3248092	365097248.00
2020/03/31	111.05	114.58	110.76	114.30	3588353	407329088.00
2020/04/01	114.38	119.20	114.38	116.30	4181150	490775648.00
2020/04/02	115.73	117.49	113.71	116.71	2497155	289916160.00
2020/04/03	116.78	119.10	116.20	117.25	2177661	256012576.00
2020/04/07	118.30	127.70	118.30	125.91	4914942	609516544.00
2020/04/08	125.30	126.60	123.58	124.00	3543271	443560320.00
2020/04/09	124.82	131.70	124.82	131.51	6485191	840696384.00
2020/04/10	131.40	133.58	121.92	122.82	6486819	825422336.00
2020/04/13	124.34	126.70	121.21	123.65	3393900	420496224.00
2020/04/14	124.70	129.40	122.50	129.40	5036089	639199872.00
2020/04/15	129.56	129.58	123.48	124.70	6581094	827517824.00
2020/04/16	123.57	127.70	122.32	126.81	3980727	503102432.00
2020/04/17	127.30	130.82	124.31	127.56	3953660	507241248.00
2020/04/20	130.50	130.50	127.20	129.40	2705137	349496512.00
2020/04/21	132.30	132.30	127.17	128.65	2475206	319067776.00
2020/04/22	127.32	132.20	125.98	131.30	3404164	441386400.00
2020/04/23	130.61	136.20	129.90	134.70	3773373	506039904.00
2020/04/24	135.01	136.15	131.20	131.98	2917037	389353568.00
2020/04/27	133.18	138.20	130.90	136.40	5154404	701329856.00
2020/04/28	133.70	138.23	131.70	136.90	4474642	603552384.00
2020/04/29	135.70	139.70	135.20	135.72	2804853	384504000.00
2020/04/30	135.70	135.70	127.15	133.70	6917808	905289920.00
2020/05/06	131.02	135.20	129.93	134.27	4714874	625659200.00
2020/05/07	135.09	136.50	131.81	136.00	2610267	354195744.00
2020/05/08	135.20	136.10	133.03	133.39	4206439	564793536.00
2020/05/11	133.49	134.98	132.45	133.50	3221991	431292448.00
2020/05/12	134.70	139.70	134.70	138.42	4964562	687570176.00
2020/05/13	140.15	140.99	137.19	139.70	2952521	412375136.00
2020/05/14	139.08	142.79	138.78	141.28	2677009	378702880.00
2020/05/15	141.18	142.42	139.57	141.55	2387813	337634624.00
2020/05/18	140.71	146.58	140.07	144.25	3421366	494148672.00
2020/05/19	146.79	149.64	145.62	149.16	4103835	609357632.00
2020/05/20	149.00	149.47	144.70	145.27	2979269	437719264.00
2020/05/21	146.69	151.47	145.10	145.58	4791342	709604288.00
2020/05/22	145.70	147.00	141.71	141.86	4539296	651974272.00
2020/05/25	144.20	145.97	142.06	145.60	3070414	444409856.00
2020/05/26	146.70	152.27	146.20	148.88	4554055	682597120.00
2020/05/27	149.50	149.56	142.50	143.18	4621432	673195264.00
2020/05/28	143.64	145.56	137.70	141.36	4330683	611746752.00
2020/05/29	142.20	147.00	141.38	145.70	5413119	788436736.00
2020/06/01	143.60	144.14	135.21	140.48	15000781	2094504576.00
2020/06/02	138.70	138.70	134.81	137.80	7916562	1082407168.00
2020/06/03	138.08	139.40	135.75	136.43	7415954	1023034560.00
2020/06/04	137.20	137.78	134.60	137.30	5767779	789069248.00
2020/06/05	137.81	141.70	137.01	139.30	4734495	661120128.00
2020/06/08	141.70	141.70	129.50	131.48	12106379	1608130432.00
2020/06/09	130.22	138.60	129.90	137.59	7023997	953616768.00
2020/06/10	137.90	140.93	136.31	139.70	4469149	622728512.00
2020/06/11	140.69	143.48	138.93	142.80	5204253	741154368.00
2020/06/12	139.70	144.70	139.15	139.20	6893411	984597376.00
2020/06/15	142.70	147.10	142.36	145.05	5737723	834638272.00
2020/06/16	145.00	148.20	144.07	145.97	4725881	690785280.00
2020/06/17	147.68	150.10	145.77	147.00	5323405	790614464.00
2020/06/18	148.51	148.70	143.28	146.00	4803547	700230144.00
2020/06/19	147.70	151.70	146.83	150.47	6576277	990207680.00
2020/06/22	150.47	157.17	149.70	155.30	5998988	930233536.00
2020/06/23	155.30	158.69	154.00	157.18	4604890	722036544.00
2020/06/24	157.10	158.59	149.73	153.40	6378532	972230336.00
2020/06/29	154.30	157.79	152.50	156.08	3708122	578378112.00
2020/06/30	159.27	162.88	157.70	161.86	3367537	544335616.00
2020/07/01	160.71	162.68	156.20	160.12	4079119	653281536.00
2020/07/02	157.70	159.14	152.76	153.75	6223498	966005312.00
2020/07/03	151.71	159.63	147.60	157.70	4949745	768685824.00
2020/07/06	156.70	158.49	153.91	157.32	4759720	747041856.00
2020/07/07	153.20	161.10	151.56	160.40	6321643	997049472.00
2020/07/08	158.40	162.20	156.83	160.97	4640359	741549952.00
2020/07/09	160.30	177.10	160.30	177.10	8516115	1464104192.00
2020/07/10	177.70	191.76	177.70	188.97	7599977	1420385024.00
2020/07/13	189.70	207.42	184.70	197.30	9489621	1862775936.00
2020/07/14	199.15	204.55	195.70	200.22	5674838	1133788544.00
2020/07/15	200.70	213.70	199.70	201.39	6225185	1290915200.00
2020/07/16	202.64	207.70	191.80	193.38	7599517	1511678208.00
2020/07/17	193.71	200.38	189.87	196.15	5957482	1166295808.00
2020/07/20	197.20	199.21	185.70	189.57	7441250	1409491072.00
2020/07/21	189.49	205.67	186.66	204.26	8212180	1634478208.00
2020/07/22	202.70	211.70	198.58	206.29	7103427	1466048512.00
2020/07/23	203.70	218.95	203.58	218.95	9441374	2020410624.00
2020/07/24	215.70	216.67	202.70	206.20	8564548	1792479104.00
2020/07/27	209.70	218.50	204.47	207.59	8398452	1782275584.00
2020/07/28	206.87	212.39	197.59	208.31	7252051	1489944832.00
2020/07/29	205.70	228.30	204.91	224.21	10140465	2215836928.00
2020/07/30	227.58	239.47	224.58	226.35	10191512	2368048640.00
2020/07/31	223.70	228.59	213.58	224.56	11639716	2572876288.00
2020/08/03	231.25	233.20	218.00	226.69	10067986	2257461248.00
2020/08/04	224.75	249.39	224.75	247.36	13454783	3281016576.00
2020/08/05	234.70	244.70	222.59	237.99	11067813	2570694656.00
2020/08/06	237.60	240.70	214.16	214.16	14507854	3201571584.00
2020/08/07	235.61	235.61	226.00	235.61	19826453	4661137920.00
2020/08/10	229.70	234.50	213.70	229.70	15431061	3472276736.00
2020/08/11	229.90	243.50	224.92	230.81	11176913	2647379712.00
2020/08/12	228.70	229.26	207.70	207.70	12286346	2624651520.00
2020/08/13	207.70	210.01	192.70	193.80	9802827	1943761536.00
2020/08/14	193.52	203.59	192.00	199.34	7979699	1578063232.00
2020/08/17	201.00	208.66	197.50	207.00	6362793	1294782080.00
2020/08/18	206.78	222.13	206.78	211.11	5835070	1259719552.00
2020/08/19	210.13	210.98	196.00	199.13	6937674	1397283840.00
2020/08/20	200.03	204.87	196.00	197.26	5357641	1066575872.00
2020/08/21	201.20	211.00	201.20	206.05	6589146	1363846400.00
2020/08/24	204.00	204.52	189.05	199.99	7839335	1543727104.00
2020/08/25	201.00	206.50	200.00	200.60	4669247	949796032.00
2020/08/26	200.22	205.88	194.56	194.80	5043093	1001182464.00
2020/08/27	194.92	204.42	192.01	198.33	4510014	894188992.00
2020/08/28	199.03	208.55	195.00	206.43	6392392	1296220288.00
2020/08/31	207.44	207.44	197.31	198.00	6641085	1329625344.00
2020/09/01	197.93	199.38	192.61	195.28	4254008	828833920.00
2020/09/02	193.51	196.48	191.03	194.22	3315848	641823744.00
2020/09/03	194.22	199.10	193.30	193.47	4038297	790102656.00
2020/09/04	191.10	198.01	188.50	195.91	4087693	791712128.00
2020/09/07	194.50	203.80	191.58	192.00	4952403	977939840.00
2020/09/08	195.00	197.58	190.21	194.18	3462860	670966848.00
2020/09/09	172.12	173.00	156.00	162.00	16177568	2628295680.00
2020/09/10	164.51	175.88	158.10	167.00	11566048	1959860480.00
2020/09/11	167.01	175.00	166.44	168.38	5219989	886287104.00
2020/09/14	175.00	182.28	169.60	171.20	9276245	1628550656.00
2020/09/15	171.20	180.00	170.08	178.58	5770933	1012588224.00
2020/09/16	178.22	181.70	172.29	174.66	3767981	664651264.00
2020/09/17	176.68	176.68	168.94	171.62	3439734	593499072.00
2020/09/18	175.00	177.13	170.00	174.50	3870721	671575936.00
2020/09/21	172.99	176.79	169.27	172.00	3340438	576906048.00
2020/09/22	174.00	180.55	173.06	174.30	5601165	984673344.00
2020/09/23	173.96	194.00	172.10	192.50	10961080	2030997120.00
2020/09/24	187.99	194.99	187.99	190.93	5537891	1059865792.00
2020/09/25	191.87	197.39	185.30	187.80	4783672	911816640.00
2020/09/28	190.00	190.87	176.50	181.19	5274549	958479424.00
2020/09/29	182.02	186.48	176.39	179.50	4679519	844524096.00
2020/09/30	182.00	186.00	179.81	182.01	4281529	781613632.00
2020/10/09	184.25	190.88	184.00	187.50	6554706	1229450112.00
2020/10/12	189.96	191.82	185.77	188.29	8183231	1539214720.00
2020/10/13	188.23	190.00	184.01	185.99	6322781	1178941184.00
2020/10/14	186.01	187.87	182.52	182.88	6357241	1174527616.00
2020/10/15	184.19	184.49	179.40	181.00	4446972	805426304.00
2020/10/16	175.63	180.42	175.30	177.50	4468939	792956928.00
2020/10/19	177.80	180.00	175.50	175.73	3122323	553840960.00
2020/10/20	175.92	176.44	168.00	174.33	4312555	741781760.00
2020/10/21	176.20	183.80	175.30	177.86	5541208	994569408.00
2020/10/22	174.00	174.00	166.30	169.30	4518117	765981120.00
2020/10/23	167.13	171.88	155.67	157.36	5939573	959347456.00
2020/10/26	157.00	168.20	155.00	167.63	5949464	977455296.00
2020/10/27	168.00	173.75	165.20	172.91	4639374	794673152.00
2020/10/28	172.95	173.51	167.96	171.98	3347992	571242048.00
2020/10/29	170.79	182.68	170.16	179.78	5889548	1050586880.00
2020/10/30	179.78	181.81	176.00	181.32	4060880	730866944.00
2020/11/02	177.07	179.96	170.00	172.50	4722707	822711680.00
2020/11/03	175.90	175.93	170.00	171.81	2961508	508405824.00
2020/11/04	172.20	177.77	170.07	172.20	3620199	625276160.00
2020/11/05	175.00	176.00	169.33	170.70	3869420	664476224.00
2020/11/06	170.98	170.99	160.18	163.76	4840400	789962176.00
2020/11/09	164.78	172.33	162.56	171.24	4382801	739385408.00
2020/11/10	176.01	181.50	166.28	167.65	5944471	1026896000.00
2020/11/11	164.55	166.48	159.88	160.00	5879716	950898752.00
2020/11/12	161.40	164.50	160.30	162.95	2909127	471232352.00
2020/11/13	161.01	164.54	159.33	161.50	3078746	497663744.00
2020/11/16	161.50	162.80	157.80	158.40	4246423	675904000.00
2020/11/17	158.40	159.00	146.69	149.02	7672124	1155293312.00
2020/11/18	149.77	152.88	149.00	151.38	3650521	550649280.00
2020/11/19	151.33	154.98	150.05	152.60	2559169	391446400.00
2020/11/20	152.70	153.61	147.50	148.77	7470110	1118183424.00
2020/11/23	152.57	152.89	146.77	148.49	5431992	807933056.00
2020/11/24	149.56	151.70	146.80	147.42	4803000	713921024.00
2020/11/25	147.42	147.42	138.30	139.52	9119144	1293399936.00
2020/11/26	141.00	142.17	135.44	136.70	6079952	836601152.00
2020/11/27	138.00	138.50	132.22	133.99	7276570	978341184.00
2020/11/30	135.20	137.11	129.60	136.26	8726294	1160977408.00
2020/12/01	136.50	145.58	136.50	143.33	10523128	1505480320.00
2020/12/02	144.00	150.30	141.55	146.41	7367280	1073651712.00
2020/12/03	146.05	156.95	144.51	155.10	10896613	1669133568.00
2020/12/04	153.00	158.33	151.99	156.90	6740632	1050182976.00
2020/12/07	153.10	163.50	153.02	160.60	7353237	1178520960.00
2020/12/08	160.50	161.50	156.22	158.41	5310019	842696640.00
2020/12/09	159.00	161.47	153.29	153.90	5755395	893134016.00
2020/12/10	146.00	152.53	141.55	150.21	10359502	1536174336.00
2020/12/11	151.64	154.95	147.33	148.84	6155900	931655104.00
2020/12/14	151.09	151.90	145.99	147.35	5346517	796182784.00
2020/12/15	147.37	158.33	147.36	156.55	8346887	1295463040.00
2020/12/16	157.81	162.00	155.80	161.16	7493627	1194002688.00
2020/12/17	162.25	168.00	160.51	160.91	9292118	1522686464.00
2020/12/18	165.00	168.00	161.77	166.00	8418700	1395179904.00
2020/12/21	166.60	170.39	166.01	168.31	6509874	1097867904.00
2020/12/22	168.33	170.99	164.64	165.00	6982792	1174220672.00
2020/12/23	165.35	168.75	160.50	167.00	6212494	1025505920.00
2020/12/24	167.01	172.77	165.01	171.71	6101762	1040543360.00
2020/12/25	171.20	181.50	170.37	180.00	8537178	1521671936.00
2020/12/28	183.88	185.20	178.69	178.90	5829453	1058804928.00
2020/12/29	178.78	180.00	172.80	174.78	5891293	1036281600.00
2020/12/30	177.40	179.66	174.20	177.50	5060094	896887872.00
2020/12/31	179.96	182.29	160.00	174.50	11009936	1899362816.00
2021/01/04	172.00	174.95	162.73	165.98	14083921	2365335552.00
2021/01/05	164.00	164.00	145.29	156.01	20516036	3136635904.00
2021/01/06	153.95	161.50	152.00	161.33	11850054	1858939520.00
2021/01/07	162.03	165.38	158.81	162.00	7588899	1229454336.00
2021/01/08	161.20	168.33	161.00	167.20	8381546	1389895552.00
2021/01/11	166.84	166.84	155.00	156.79	8835359	1411605632.00
2021/01/12	158.47	160.60	154.80	158.60	5269183	831029888.00
2021/01/13	156.80	158.50	152.02	153.39	7260711	1125549568.00
2021/01/14	151.70	153.50	147.66	147.80	5538098	829247040.00
2021/01/15	147.80	151.81	144.04	150.90	6010849	891196800.00
数据来源:通达信
